1,1,253.1038055419922,277.07373046875,30.435012817382812,88.61346435546875,-1,-1,-1,-1
2,1,253.86912536621094,277.2164306640625,29.879531860351562,87.337890625,-1,-1,-1,-1
3,1,254.76364135742188,276.6769714355469,29.88739013671875,87.0474853515625,-1,-1,-1,-1
4,1,255.4987030029297,276.34814453125,29.837600708007812,86.424560546875,-1,-1,-1,-1
5,1,256.82713317871094,274.89697265625,30.100723266601562,86.08273315429688,-1,-1,-1,-1
6,1,257.72174072265625,274.2347106933594,29.91827392578125,86.05892944335938,-1,-1,-1,-1
7,1,258.8810119628906,272.5089416503906,29.97003173828125,86.84951782226562,-1,-1,-1,-1
8,1,260.1234436035156,271.4201354980469,29.610137939453125,87.57070922851562,-1,-1,-1,-1
9,1,261.7694396972656,271.0873718261719,29.515838623046875,87.42324829101562,-1,-1,-1,-1
10,1,262.6874694824219,270.83502197265625,29.78948974609375,87.31692504882812,-1,-1,-1,-1
11,1,263.708740234375,270.9768981933594,29.8582763671875,87.24679565429688,-1,-1,-1,-1
12,1,264.55694580078125,271.08953857421875,29.73712158203125,87.0345458984375,-1,-1,-1,-1
13,1,265.8853759765625,270.58087158203125,29.474212646484375,86.584716796875,-1,-1,-1,-1
14,1,266.7018127441406,269.9957275390625,29.551971435546875,86.62640380859375,-1,-1,-1,-1
15,1,267.9867858886719,268.6623840332031,29.222137451171875,86.65460205078125,-1,-1,-1,-1
16,1,268.593994140625,267.35064697265625,29.12579345703125,86.8087158203125,-1,-1,-1,-1
17,1,270.0856018066406,265.1831359863281,28.2694091796875,87.22537231445312,-1,-1,-1,-1
18,1,270.7306213378906,264.16156005859375,28.396942138671875,87.84686279296875,-1,-1,-1,-1
19,1,271.8324890136719,263.22552490234375,28.16522216796875,87.48904418945312,-1,-1,-1,-1
20,1,272.6148986816406,262.8312683105469,28.186767578125,87.23928833007812,-1,-1,-1,-1
21,1,273.8379211425781,262.8935241699219,28.284820556640625,86.60394287109375,-1,-1,-1,-1
22,1,274.7727966308594,263.00830078125,28.292755126953125,85.55718994140625,-1,-1,-1,-1
23,1,275.9000549316406,263.16033935546875,27.873382568359375,84.77020263671875,-1,-1,-1,-1
24,1,276.5755615234375,262.9020690917969,28.179962158203125,84.4111328125,-1,-1,-1,-1
25,1,277.5299072265625,262.2951965332031,28.644805908203125,83.75900268554688,-1,-1,-1,-1
26,1,278.322998046875,261.57135009765625,29.319122314453125,83.51242065429688,-1,-1,-1,-1
27,1,280.46636962890625,259.92828369140625,28.629791259765625,83.6558837890625,-1,-1,-1,-1
28,1,281.0703430175781,258.593505859375,28.629974365234375,84.478271484375,-1,-1,-1,-1
29,1,282.03314208984375,257.097412109375,28.660858154296875,85.22698974609375,-1,-1,-1,-1
30,1,282.5450744628906,256.7744903564453,28.910003662109375,85.54246520996094,-1,-1,-1,-1
31,1,284.1484375,256.60752868652344,28.489990234375,85.09388732910156,-1,-1,-1,-1
32,1,285.04315185546875,256.83013916015625,28.271240234375,84.58428955078125,-1,-1,-1,-1
33,1,286.0854187011719,257.0807189941406,28.453826904296875,84.26104736328125,-1,-1,-1,-1
34,1,286.7422180175781,256.9484558105469,28.588836669921875,84.51358032226562,-1,-1,-1,-1
35,1,287.5527648925781,256.0731658935547,28.821136474609375,84.41685485839844,-1,-1,-1,-1
36,1,288.2478942871094,255.41957092285156,28.716217041015625,83.87471008300781,-1,-1,-1,-1
37,1,289.4020080566406,253.47227478027344,28.312774658203125,83.84684753417969,-1,-1,-1,-1
38,1,290.0166015625,252.62611389160156,28.129180908203125,84.15266418457031,-1,-1,-1,-1
39,1,291.305908203125,251.1482696533203,27.985992431640625,85.01103210449219,-1,-1,-1,-1
40,1,292.31982421875,250.16098022460938,28.0792236328125,85.55368041992188,-1,-1,-1,-1
41,1,293.67181396484375,249.55941772460938,28.42327880859375,85.5355224609375,-1,-1,-1,-1
42,1,294.28802490234375,249.55152893066406,28.71124267578125,84.76579284667969,-1,-1,-1,-1
43,1,295.56488037109375,250.7688446044922,29.49737548828125,82.02497863769531,-1,-1,-1,-1
44,1,296.0673828125,250.9735565185547,29.66552734375,81.71171569824219,-1,-1,-1,-1
45,1,297.1722717285156,249.89852905273438,30.4034423828125,82.16058349609375,-1,-1,-1,-1
46,1,298.16943359375,249.2302703857422,30.325347900390625,82.34892272949219,-1,-1,-1,-1
47,1,302.40277099609375,246.91647338867188,28.614105224609375,82.95578002929688,-1,-1,-1,-1
48,1,303.2813720703125,246.54962158203125,28.2548828125,82.67645263671875,-1,-1,-1,-1
49,1,305.274169921875,245.18309020996094,27.589691162109375,82.64445495605469,-1,-1,-1,-1
50,1,305.98419189453125,244.49317932128906,27.616668701171875,83.05598449707031,-1,-1,-1,-1
51,1,307.5971374511719,244.02720642089844,27.3487548828125,83.24366760253906,-1,-1,-1,-1
52,1,308.1961669921875,243.8965301513672,27.421905517578125,83.31892395019531,-1,-1,-1,-1
53,1,309.50738525390625,243.9610137939453,26.706390380859375,82.67958068847656,-1,-1,-1,-1
54,1,310.0836181640625,243.7393035888672,26.695770263671875,82.66883850097656,-1,-1,-1,-1
55,1,311.2751159667969,243.13780212402344,26.442596435546875,82.49809265136719,-1,-1,-1,-1
56,1,311.815185546875,242.51951599121094,26.8841552734375,82.39527893066406,-1,-1,-1,-1
57,1,312.694091796875,242.1390838623047,26.95849609375,81.55863952636719,-1,-1,-1,-1
58,1,313.3134765625,241.64210510253906,27.20709228515625,81.16343688964844,-1,-1,-1,-1
59,1,314.3069763183594,240.10317993164062,27.173553466796875,82.00460815429688,-1,-1,-1,-1
60,1,314.8768005371094,238.85287475585938,27.428924560546875,83.27017211914062,-1,-1,-1,-1
61,1,315.91741943359375,238.29600524902344,28.114410400390625,83.07026672363281,-1,-1,-1,-1
62,1,316.6690368652344,238.21192932128906,28.3109130859375,82.46611022949219,-1,-1,-1,-1
63,1,317.9378662109375,238.6607208251953,28.36114501953125,81.41993713378906,-1,-1,-1,-1
64,1,318.771484375,238.78761291503906,28.2481689453125,80.81706237792969,-1,-1,-1,-1
65,1,320.21923828125,238.78553771972656,27.51544189453125,80.53831481933594,-1,-1,-1,-1
66,1,321.01904296875,238.39735412597656,27.36285400390625,80.58006286621094,-1,-1,-1,-1
67,1,322.243896484375,237.45286560058594,27.562744140625,80.92930603027344,-1,-1,-1,-1
68,1,322.9638366699219,236.64901733398438,27.972686767578125,81.03955078125,-1,-1,-1,-1
69,1,324.5466003417969,234.63302612304688,27.694793701171875,81.89447021484375,-1,-1,-1,-1
70,1,325.3181457519531,233.575927734375,27.6026611328125,82.34701538085938,-1,-1,-1,-1
71,1,327.06201171875,232.5740509033203,26.677093505859375,82.32051086425781,-1,-1,-1,-1
72,1,328.1771240234375,232.1931915283203,25.967803955078125,82.00776672363281,-1,-1,-1,-1
73,1,329.07904052734375,232.12928771972656,25.99237060546875,81.69554138183594,-1,-1,-1,-1
74,1,329.82257080078125,232.56996154785156,25.88848876953125,80.98918151855469,-1,-1,-1,-1
75,1,330.787841796875,232.6661834716797,25.697113037109375,80.35420227050781,-1,-1,-1,-1
76,1,331.4971008300781,232.5294952392578,25.57452392578125,80.02751159667969,-1,-1,-1,-1
77,1,332.5059509277344,231.7050323486328,25.36993408203125,79.98554992675781,-1,-1,-1,-1
78,1,332.9189147949219,231.38670349121094,25.771759033203125,79.91175842285156,-1,-1,-1,-1
79,1,333.7810974121094,229.70777893066406,25.937408447265625,80.60923767089844,-1,-1,-1,-1
80,1,334.3606262207031,228.83665466308594,25.927459716796875,80.38914489746094,-1,-1,-1,-1
81,1,335.20281982421875,227.16232299804688,26.226806640625,80.94845581054688,-1,-1,-1,-1
82,1,335.82391357421875,226.20651245117188,26.493865966796875,81.30648803710938,-1,-1,-1,-1
83,1,336.5870666503906,225.57432556152344,26.892791748046875,81.27973937988281,-1,-1,-1,-1
84,1,337.26641845703125,225.29727172851562,27.185333251953125,80.80831909179688,-1,-1,-1,-1
85,1,338.4327392578125,225.74461364746094,27.08843994140625,79.26344299316406,-1,-1,-1,-1
86,1,339.2735900878906,225.978515625,26.897918701171875,78.62225341796875,-1,-1,-1,-1
87,1,340.35992431640625,225.76962280273438,26.585906982421875,78.60061645507812,-1,-1,-1,-1
88,1,341.2839050292969,224.98849487304688,26.33154296875,79.05099487304688,-1,-1,-1,-1
89,1,342.45709228515625,224.22097778320312,26.41461181640625,78.65316772460938,-1,-1,-1,-1
90,1,343.1235656738281,223.7410888671875,26.629730224609375,78.3958740234375,-1,-1,-1,-1
91,1,344.1895446777344,222.3739776611328,26.549591064453125,78.67808532714844,-1,-1,-1,-1
92,1,344.9229736328125,221.1276092529297,26.7288818359375,79.29747009277344,-1,-1,-1,-1
93,1,346.5218505859375,219.80908203125,26.41058349609375,79.95556640625,-1,-1,-1,-1
94,1,347.22625732421875,219.65267944335938,26.5826416015625,79.74102783203125,-1,-1,-1,-1
95,1,348.04254150390625,219.9458465576172,26.446990966796875,79.07353210449219,-1,-1,-1,-1
96,1,348.7580261230469,220.07025146484375,26.19830322265625,78.66571044921875,-1,-1,-1,-1
97,1,349.87908935546875,220.17730712890625,25.76165771484375,78.14266967773438,-1,-1,-1,-1
98,1,350.535400390625,219.76065063476562,25.7108154296875,78.62399291992188,-1,-1,-1,-1
99,1,351.19500732421875,218.92860412597656,25.905853271484375,79.23414611816406,-1,-1,-1,-1
100,1,351.471923828125,218.27969360351562,25.98101806640625,79.2139892578125,-1,-1,-1,-1
101,1,351.94677734375,216.96871948242188,26.051300048828125,79.26580810546875,-1,-1,-1,-1
102,1,352.34161376953125,215.9843292236328,25.763336181640625,79.41917419433594,-1,-1,-1,-1
103,1,352.8287353515625,214.26646423339844,25.8375244140625,80.53913879394531,-1,-1,-1,-1
104,1,353.2247619628906,213.6921844482422,25.806121826171875,80.61973571777344,-1,-1,-1,-1
105,1,353.6116943359375,213.3014373779297,26.14581298828125,80.66093444824219,-1,-1,-1,-1
106,1,353.9439697265625,213.36264038085938,26.2843017578125,80.38870239257812,-1,-1,-1,-1
107,1,354.853759765625,213.9624786376953,26.009185791015625,79.11503601074219,-1,-1,-1,-1
108,1,355.6600341796875,214.41424560546875,25.61895751953125,77.90304565429688,-1,-1,-1,-1
109,1,356.4439697265625,214.63925170898438,25.657135009765625,76.84234619140625,-1,-1,-1,-1
110,1,356.9752502441406,214.24427795410156,25.816436767578125,76.65769958496094,-1,-1,-1,-1
111,1,357.7439880371094,212.8612060546875,25.847412109375,76.27963256835938,-1,-1,-1,-1
112,1,358.27996826171875,211.4942626953125,26.015960693359375,76.96673583984375,-1,-1,-1,-1
113,1,359.05865478515625,208.84620666503906,25.96649169921875,79.20909118652344,-1,-1,-1,-1
114,1,359.52069091796875,208.50099182128906,25.857177734375,79.08500671386719,-1,-1,-1,-1
115,1,360.07293701171875,208.0396270751953,25.845672607421875,78.86805725097656,-1,-1,-1,-1
116,1,360.5017395019531,207.74143981933594,25.8472900390625,78.67716979980469,-1,-1,-1,-1
117,1,361.12225341796875,208.376708984375,25.635589599609375,77.72549438476562,-1,-1,-1,-1
118,1,361.4352111816406,208.6898956298828,25.691131591796875,77.06504821777344,-1,-1,-1,-1
119,1,362.10980224609375,208.58737182617188,25.631439208984375,76.46005249023438,-1,-1,-1,-1
120,1,362.6337890625,208.0679168701172,25.708984375,76.39570617675781,-1,-1,-1,-1
121,1,363.32763671875,207.1092987060547,24.817047119140625,76.19660949707031,-1,-1,-1,-1
122,1,363.654296875,205.77145385742188,24.552276611328125,76.63970947265625,-1,-1,-1,-1
123,1,363.84228515625,204.31617736816406,24.95050048828125,77.64271545410156,-1,-1,-1,-1
124,1,363.99664306640625,203.62640380859375,25.236053466796875,77.83792114257812,-1,-1,-1,-1
125,1,365.3042297363281,202.97781372070312,25.161224365234375,77.02041625976562,-1,-1,-1,-1
126,1,366.0281677246094,202.745361328125,25.1929931640625,76.53616333007812,-1,-1,-1,-1
127,1,367.34423828125,202.8748321533203,25.073272705078125,75.62394714355469,-1,-1,-1,-1
128,1,367.9429016113281,203.0487060546875,25.16107177734375,74.71804809570312,-1,-1,-1,-1
129,1,368.892578125,203.19107055664062,25.185089111328125,74.13211059570312,-1,-1,-1,-1
130,1,369.6033020019531,203.09024047851562,25.2120361328125,74.22866821289062,-1,-1,-1,-1
131,1,370.76458740234375,202.10731506347656,25.46246337890625,74.38273620605469,-1,-1,-1,-1
132,1,371.4570617675781,201.28187561035156,25.905853271484375,74.56294250488281,-1,-1,-1,-1
133,1,373.25177001953125,200.46705627441406,25.85870361328125,74.50288391113281,-1,-1,-1,-1
134,1,374.2415466308594,199.8002471923828,25.602935791015625,74.90138244628906,-1,-1,-1,-1
135,1,376.10845947265625,199.19541931152344,24.675811767578125,74.68278503417969,-1,-1,-1,-1
136,1,377.09210205078125,198.7747039794922,24.53277587890625,74.85972595214844,-1,-1,-1,-1
137,1,378.4098205566406,198.7888946533203,24.3743896484375,73.56678771972656,-1,-1,-1,-1
138,1,378.9878234863281,198.79046630859375,24.479400634765625,73.42300415039062,-1,-1,-1,-1
139,1,379.9136657714844,199.04002380371094,24.279754638671875,72.89292907714844,-1,-1,-1,-1
140,1,380.6722717285156,198.8800811767578,24.487396240234375,72.77729797363281,-1,-1,-1,-1
141,1,381.75244140625,198.15098571777344,25.26910400390625,73.27119445800781,-1,-1,-1,-1
142,1,382.82196044921875,197.7038116455078,25.24639892578125,73.47373962402344,-1,-1,-1,-1
143,1,384.3372802734375,196.08013916015625,24.855133056640625,73.578857421875,-1,-1,-1,-1
144,1,385.29815673828125,194.88961791992188,24.573577880859375,74.26712036132812,-1,-1,-1,-1
145,1,386.8123474121094,193.4549102783203,24.140289306640625,75.04478454589844,-1,-1,-1,-1
146,1,387.4408264160156,192.8946075439453,24.461669921875,75.46522521972656,-1,-1,-1,-1
147,1,388.4696960449219,192.66326904296875,24.808837890625,75.18170166015625,-1,-1,-1,-1
148,1,389.3330993652344,192.61827087402344,24.84326171875,74.70991516113281,-1,-1,-1,-1
149,1,390.258544921875,192.709716796875,25.471160888671875,74.32373046875,-1,-1,-1,-1
150,1,390.8859558105469,192.89666748046875,25.4351806640625,74.06512451171875,-1,-1,-1,-1
151,1,391.86199951171875,192.71774291992188,25.37786865234375,73.77334594726562,-1,-1,-1,-1
152,1,392.5094909667969,192.6983184814453,25.311431884765625,73.36332702636719,-1,-1,-1,-1
153,1,394.004638671875,191.302734375,25.507354736328125,73.221435546875,-1,-1,-1,-1
154,1,394.56170654296875,190.8650665283203,25.71258544921875,73.02323913574219,-1,-1,-1,-1
155,1,396.09259033203125,188.77748107910156,25.648406982421875,74.00636291503906,-1,-1,-1,-1
156,1,396.9855041503906,188.29330444335938,25.453521728515625,73.87905883789062,-1,-1,-1,-1
157,1,398.2864074707031,187.59652709960938,25.3409423828125,74.11679077148438,-1,-1,-1,-1
158,1,399.1357727050781,187.5610809326172,25.189971923828125,74.08793640136719,-1,-1,-1,-1
159,1,400.1551818847656,187.69300842285156,25.201934814453125,74.06904602050781,-1,-1,-1,-1
160,1,400.8988037109375,187.8250732421875,25.278472900390625,73.780029296875,-1,-1,-1,-1
161,1,401.9211120605469,187.95272827148438,25.483917236328125,73.19497680664062,-1,-1,-1,-1
162,1,402.6280212402344,187.89088439941406,25.374053955078125,72.94801330566406,-1,-1,-1,-1
163,1,403.8275146484375,187.2779083251953,24.984832763671875,72.90519714355469,-1,-1,-1,-1
164,1,404.4141845703125,186.46240234375,25.0604248046875,73.25778198242188,-1,-1,-1,-1
165,1,405.3844299316406,185.02369689941406,24.97509765625,73.58293151855469,-1,-1,-1,-1
166,1,405.93011474609375,184.25717163085938,25.133941650390625,73.59638977050781,-1,-1,-1,-1
167,1,406.9967346191406,183.59896850585938,25.27508544921875,73.48574829101562,-1,-1,-1,-1
168,1,407.6402893066406,183.42901611328125,25.2469482421875,73.33291625976562,-1,-1,-1,-1
169,1,408.7584533691406,183.53543090820312,25.166351318359375,72.70304870605469,-1,-1,-1,-1
170,1,409.5677490234375,183.69960021972656,25.248382568359375,72.15716552734375,-1,-1,-1,-1
171,1,410.3891296386719,183.78610229492188,25.5859375,71.87844848632812,-1,-1,-1,-1
172,1,410.805908203125,183.9803466796875,25.86419677734375,71.63157653808594,-1,-1,-1,-1
173,1,411.63775634765625,183.75257873535156,25.878692626953125,71.67131042480469,-1,-1,-1,-1
174,1,412.4282531738281,183.26132202148438,25.696044921875,71.86856079101562,-1,-1,-1,-1
175,1,414.1590576171875,181.11607360839844,25.372222900390625,72.6573486328125,-1,-1,-1,-1
176,1,415.1802673339844,180.4097137451172,25.41015625,72.2467041015625,-1,-1,-1,-1
177,1,416.51470947265625,179.40631103515625,25.425689697265625,72.38473510742188,-1,-1,-1,-1
178,1,417.490478515625,179.08062744140625,25.167572021484375,72.02381896972656,-1,-1,-1,-1
179,1,418.5754089355469,178.73001098632812,25.350830078125,72.67367553710938,-1,-1,-1,-1
180,1,419.3840026855469,178.83795166015625,25.178192138671875,72.0093994140625,-1,-1,-1,-1
181,1,419.96868896484375,179.1966552734375,25.433441162109375,71.42430114746094,-1,-1,-1,-1
182,1,420.5203552246094,179.45550537109375,25.583953857421875,70.96736145019531,-1,-1,-1,-1
183,1,421.3427429199219,179.11886596679688,25.6156005859375,71.27973937988281,-1,-1,-1,-1
184,1,422.1938781738281,178.686767578125,25.24139404296875,71.42092895507812,-1,-1,-1,-1
185,1,423.1059265136719,177.29713439941406,25.320068359375,72.22909545898438,-1,-1,-1,-1
186,1,423.7633972167969,176.4407196044922,25.305419921875,72.24330139160156,-1,-1,-1,-1
187,1,424.6504821777344,175.32064819335938,24.97662353515625,71.98127746582031,-1,-1,-1,-1
188,1,425.26336669921875,174.56187438964844,24.764739990234375,72.24966430664062,-1,-1,-1,-1
189,1,426.05487060546875,174.05325317382812,24.6671142578125,72.3387451171875,-1,-1,-1,-1
190,1,426.547607421875,173.69454956054688,24.724884033203125,72.47903442382812,-1,-1,-1,-1
191,1,427.5015869140625,173.96168518066406,24.819366455078125,71.3677978515625,-1,-1,-1,-1
192,1,428.1204833984375,174.26959228515625,24.8370361328125,70.47248840332031,-1,-1,-1,-1
193,1,429.02801513671875,174.34698486328125,24.79962158203125,69.943603515625,-1,-1,-1,-1
194,1,429.4324035644531,174.095703125,24.989654541015625,69.993408203125,-1,-1,-1,-1
195,1,430.4167175292969,173.3656768798828,25.10546875,70.13096618652344,-1,-1,-1,-1
196,1,431.0118713378906,172.56304931640625,25.119293212890625,70.39508056640625,-1,-1,-1,-1
197,1,432.1300354003906,171.4852752685547,25.1585693359375,70.41773986816406,-1,-1,-1,-1
198,1,432.9096984863281,171.22763061523438,25.1153564453125,70.05995178222656,-1,-1,-1,-1
199,1,434.3599548339844,170.00650024414062,25.2000732421875,70.76197814941406,-1,-1,-1,-1
200,1,435.0193176269531,169.62451171875,25.08319091796875,71.14472961425781,-1,-1,-1,-1
1,2,299.6285095214844,282.28924560546875,31.053192138671875,91.61788940429688,-1,-1,-1,-1
2,2,300.21429443359375,282.3508605957031,31.18310546875,90.58749389648438,-1,-1,-1,-1
3,2,301.3995361328125,281.6241760253906,32.616546630859375,89.43927001953125,-1,-1,-1,-1
4,2,302.2049560546875,281.59564208984375,32.905548095703125,88.43115234375,-1,-1,-1,-1
5,2,303.4987487792969,280.280517578125,34.031036376953125,88.17678833007812,-1,-1,-1,-1
6,2,304.3428955078125,278.3268737792969,34.3636474609375,89.89254760742188,-1,-1,-1,-1
7,2,305.7023620605469,276.4212646484375,34.833160400390625,90.9649658203125,-1,-1,-1,-1
8,2,306.35870361328125,275.22918701171875,35.03118896484375,91.80984497070312,-1,-1,-1,-1
9,2,307.4864196777344,274.9754943847656,34.61834716796875,91.17987060546875,-1,-1,-1,-1
10,2,308.2075500488281,275.1387634277344,34.73089599609375,90.65640258789062,-1,-1,-1,-1
11,2,309.2270812988281,275.1575012207031,34.858245849609375,90.27432250976562,-1,-1,-1,-1
12,2,310.03118896484375,275.2540283203125,34.54791259765625,89.99810791015625,-1,-1,-1,-1
13,2,310.6949462890625,274.4196472167969,34.348480224609375,90.73898315429688,-1,-1,-1,-1
14,2,311.34375,273.81121826171875,33.83123779296875,91.06607055664062,-1,-1,-1,-1
15,2,312.1322021484375,272.79595947265625,33.8125,90.55877685546875,-1,-1,-1,-1
16,2,312.7571716308594,271.8790588378906,34.058380126953125,89.777587890625,-1,-1,-1,-1
17,2,313.6005554199219,270.9305725097656,33.545379638671875,89.72412109375,-1,-1,-1,-1
18,2,314.5363464355469,270.0386962890625,32.852447509765625,89.87655639648438,-1,-1,-1,-1
19,2,315.96270751953125,268.99273681640625,32.187835693359375,89.95394897460938,-1,-1,-1,-1
20,2,316.8446044921875,268.9597473144531,31.904388427734375,89.40753173828125,-1,-1,-1,-1
21,2,318.2359924316406,269.390380859375,32.073211669921875,87.60382080078125,-1,-1,-1,-1
22,2,319.1118469238281,269.4411926269531,32.011199951171875,87.27108764648438,-1,-1,-1,-1
23,2,320.0706787109375,268.79534912109375,31.967742919921875,87.69296264648438,-1,-1,-1,-1
24,2,321.1595153808594,267.8635559082031,31.823333740234375,87.89300537109375,-1,-1,-1,-1
25,2,323.15191650390625,265.61456298828125,32.812469482421875,89.13809204101562,-1,-1,-1,-1
26,2,323.9478759765625,265.318115234375,32.756805419921875,88.66122436523438,-1,-1,-1,-1
27,2,325.595947265625,264.8316955566406,32.325531005859375,87.58804321289062,-1,-1,-1,-1
28,2,326.9781799316406,264.4687805175781,32.552215576171875,87.31381225585938,-1,-1,-1,-1
29,2,328.8062744140625,262.99725341796875,33.6513671875,87.98516845703125,-1,-1,-1,-1
30,2,329.9117126464844,262.535400390625,33.6407470703125,88.24285888671875,-1,-1,-1,-1
31,2,331.0070495605469,262.4148864746094,34.552093505859375,87.6143798828125,-1,-1,-1,-1
32,2,331.6633605957031,262.1792297363281,35.14910888671875,87.20974731445312,-1,-1,-1,-1
33,2,332.7623291015625,262.0115966796875,35.20111083984375,87.0718994140625,-1,-1,-1,-1
34,2,333.453369140625,261.6424560546875,35.159942626953125,87.26669311523438,-1,-1,-1,-1
35,2,334.2425842285156,260.603515625,35.134002685546875,87.4962158203125,-1,-1,-1,-1
36,2,334.66058349609375,259.72454833984375,35.28717041015625,88.06784057617188,-1,-1,-1,-1
37,2,335.26220703125,258.6283264160156,35.10565185546875,87.14889526367188,-1,-1,-1,-1
38,2,335.54730224609375,257.72650146484375,34.864471435546875,86.2325439453125,-1,-1,-1,-1
39,2,336.21588134765625,257.0074462890625,33.933502197265625,86.3538818359375,-1,-1,-1,-1
40,2,336.7840576171875,256.68255615234375,33.154052734375,85.91583251953125,-1,-1,-1,-1
41,2,337.9653015136719,256.30767822265625,32.205780029296875,85.17559814453125,-1,-1,-1,-1
42,2,338.9190673828125,256.21014404296875,31.54681396484375,84.7344970703125,-1,-1,-1,-1
43,2,339.6763916015625,256.1022186279297,31.155487060546875,84.54005432128906,-1,-1,-1,-1
44,2,340.2203369140625,255.98231506347656,31.0791015625,84.06803894042969,-1,-1,-1,-1
45,2,341.64996337890625,255.7913055419922,30.60546875,83.48640441894531,-1,-1,-1,-1
46,2,342.64849853515625,255.13246154785156,30.786773681640625,83.48310852050781,-1,-1,-1,-1
47,2,344.1275634765625,253.23983764648438,31.7650146484375,84.41622924804688,-1,-1,-1,-1
48,2,344.8882751464844,252.6060028076172,31.704376220703125,84.38188171386719,-1,-1,-1,-1
49,2,345.8950500488281,250.31263732910156,32.6219482421875,85.90071105957031,-1,-1,-1,-1
50,2,346.6781311035156,249.1470184326172,33.512115478515625,86.49110412597656,-1,-1,-1,-1
51,2,347.75018310546875,248.098876953125,33.876800537109375,87.06402587890625,-1,-1,-1,-1
52,2,348.432861328125,247.86611938476562,33.7667236328125,87.01333618164062,-1,-1,-1,-1
53,2,349.47125244140625,247.67242431640625,33.3961181640625,86.668212890625,-1,-1,-1,-1
54,2,350.2978515625,247.50181579589844,32.8402099609375,86.53395080566406,-1,-1,-1,-1
55,2,350.9368896484375,247.30470275878906,32.85107421875,86.44944763183594,-1,-1,-1,-1
56,2,351.2707824707031,246.90997314453125,32.70074462890625,86.31515502929688,-1,-1,-1,-1
57,2,351.6927490234375,245.60659790039062,32.44097900390625,86.40078735351562,-1,-1,-1,-1
58,2,351.865478515625,245.01565551757812,32.4495849609375,85.992919921875,-1,-1,-1,-1
59,2,352.5068359375,244.5026397705078,32.028411865234375,84.22132873535156,-1,-1,-1,-1
60,2,352.8374938964844,243.9001007080078,31.727447509765625,83.88340759277344,-1,-1,-1,-1
61,2,353.22491455078125,242.9940643310547,31.2464599609375,84.18492126464844,-1,-1,-1,-1
62,2,353.787841796875,242.60745239257812,30.650146484375,83.82611083984375,-1,-1,-1,-1
63,2,354.7695617675781,242.3032989501953,30.286834716796875,82.90107727050781,-1,-1,-1,-1
64,2,355.3373718261719,242.04208374023438,30.056060791015625,82.46926879882812,-1,-1,-1,-1
65,2,356.0328063964844,242.1067352294922,29.70037841796875,81.63896179199219,-1,-1,-1,-1
66,2,356.48126220703125,242.0666046142578,29.637481689453125,80.95579528808594,-1,-1,-1,-1
67,2,358.03729248046875,241.50375366210938,29.613677978515625,80.67901611328125,-1,-1,-1,-1
68,2,358.8618469238281,240.4072265625,30.13531494140625,81.28961181640625,-1,-1,-1,-1
69,2,360.5095520019531,239.39230346679688,30.710174560546875,81.44979858398438,-1,-1,-1,-1
70,2,361.05712890625,238.08563232421875,30.921783447265625,82.4063720703125,-1,-1,-1,-1
71,2,362.1739501953125,236.88514709472656,30.921112060546875,82.82267761230469,-1,-1,-1,-1
72,2,362.9189453125,236.44482421875,30.78533935546875,82.87908935546875,-1,-1,-1,-1
73,2,363.87811279296875,235.79002380371094,31.308349609375,82.84223937988281,-1,-1,-1,-1
74,2,364.58087158203125,235.381103515625,31.44097900390625,82.90554809570312,-1,-1,-1,-1
75,2,365.6639709472656,235.29563903808594,31.144500732421875,82.69194030761719,-1,-1,-1,-1
76,2,366.2079772949219,235.14695739746094,31.342254638671875,82.77198791503906,-1,-1,-1,-1
77,2,366.97735595703125,234.8847198486328,31.694915771484375,82.84989929199219,-1,-1,-1,-1
78,2,367.51776123046875,234.55165100097656,31.8155517578125,82.97868347167969,-1,-1,-1,-1
79,2,368.402587890625,233.6825714111328,31.02960205078125,83.66722106933594,-1,-1,-1,-1
80,2,369.2077941894531,232.4270477294922,30.480926513671875,83.37501525878906,-1,-1,-1,-1
81,2,370.10302734375,231.24647521972656,29.953826904296875,82.60969543457031,-1,-1,-1,-1
82,2,370.67462158203125,230.02984619140625,29.990264892578125,83.50372314453125,-1,-1,-1,-1
83,2,371.6122131347656,228.9923858642578,29.825439453125,83.55253601074219,-1,-1,-1,-1
84,2,372.3260803222656,228.6793212890625,29.894927978515625,83.15213012695312,-1,-1,-1,-1
85,2,372.97125244140625,228.48292541503906,30.23345947265625,82.37339782714844,-1,-1,-1,-1
86,2,373.54315185546875,228.49888610839844,30.323516845703125,81.64277648925781,-1,-1,-1,-1
87,2,374.5757751464844,228.55947875976562,29.891265869140625,80.90499877929688,-1,-1,-1,-1
88,2,375.3946533203125,228.36500549316406,29.749267578125,80.50910949707031,-1,-1,-1,-1
89,2,376.81719970703125,227.6280975341797,29.96319580078125,80.38545227050781,-1,-1,-1,-1
90,2,377.68182373046875,227.13851928710938,30.0623779296875,79.93417358398438,-1,-1,-1,-1
91,2,378.9409484863281,225.97158813476562,29.768798828125,80.23867797851562,-1,-1,-1,-1
92,2,379.8160400390625,224.73008728027344,29.662017822265625,80.87602233886719,-1,-1,-1,-1
93,2,381.2279968261719,223.72817993164062,29.2945556640625,81.04202270507812,-1,-1,-1,-1
94,2,382.01263427734375,223.46978759765625,29.177459716796875,80.79678344726562,-1,-1,-1,-1
95,2,382.90936279296875,222.95677185058594,29.600128173828125,80.80943298339844,-1,-1,-1,-1
96,2,383.51678466796875,222.62229919433594,29.804168701171875,80.79637145996094,-1,-1,-1,-1
97,2,384.17181396484375,222.7393035888672,30.016876220703125,80.78245544433594,-1,-1,-1,-1
98,2,384.6749572753906,222.6662139892578,29.863006591796875,80.45475769042969,-1,-1,-1,-1
99,2,385.149658203125,222.08526611328125,29.6962890625,80.41128540039062,-1,-1,-1,-1
100,2,385.7452697753906,221.44956970214844,29.0103759765625,80.52259826660156,-1,-1,-1,-1
101,2,386.3290710449219,220.1224365234375,28.59033203125,80.74301147460938,-1,-1,-1,-1
102,2,386.8113098144531,219.49310302734375,28.431976318359375,80.336181640625,-1,-1,-1,-1
103,2,387.33050537109375,218.51416015625,28.589691162109375,80.63174438476562,-1,-1,-1,-1
104,2,387.62176513671875,218.17640686035156,28.859344482421875,80.41197204589844,-1,-1,-1,-1
105,2,388.3854675292969,218.0508270263672,28.944091796875,79.75807189941406,-1,-1,-1,-1
106,2,388.9879150390625,217.94448852539062,28.924224853515625,79.386474609375,-1,-1,-1,-1
107,2,389.97576904296875,217.9773712158203,28.589385986328125,78.49089050292969,-1,-1,-1,-1
108,2,390.6511535644531,218.00392150878906,28.3572998046875,78.00749206542969,-1,-1,-1,-1
109,2,391.2972717285156,217.70516967773438,28.29522705078125,77.79257202148438,-1,-1,-1,-1
110,2,391.95721435546875,217.1580810546875,28.217315673828125,78.01266479492188,-1,-1,-1,-1
111,2,393.100341796875,215.8091278076172,28.47088623046875,78.64222717285156,-1,-1,-1,-1
112,2,393.7210693359375,214.89981079101562,28.63751220703125,78.7962646484375,-1,-1,-1,-1
113,2,394.5081481933594,213.29762268066406,28.781036376953125,79.88072204589844,-1,-1,-1,-1
114,2,395.1563720703125,212.5615692138672,28.699737548828125,79.85823059082031,-1,-1,-1,-1
115,2,396.1556701660156,211.89242553710938,28.38525390625,79.885986328125,-1,-1,-1,-1
116,2,396.901611328125,211.4193878173828,27.988861083984375,80.00807189941406,-1,-1,-1,-1
117,2,397.7209777832031,211.19065856933594,27.7696533203125,79.82618713378906,-1,-1,-1,-1
118,2,398.2703552246094,210.94345092773438,27.724029541015625,79.92718505859375,-1,-1,-1,-1
119,2,399.1208190917969,211.04739379882812,27.365936279296875,79.595947265625,-1,-1,-1,-1
120,2,399.4950256347656,210.72613525390625,27.314361572265625,79.72787475585938,-1,-1,-1,-1
121,2,399.69525146484375,209.9150848388672,27.6671142578125,80.34196472167969,-1,-1,-1,-1
122,2,399.9582214355469,209.42514038085938,27.479248046875,80.01507568359375,-1,-1,-1,-1
123,2,400.3287658691406,208.2691192626953,27.47772216796875,79.38850402832031,-1,-1,-1,-1
124,2,400.4737854003906,207.380126953125,27.75799560546875,79.7974853515625,-1,-1,-1,-1
125,2,400.8200988769531,206.51852416992188,28.017364501953125,79.86392211914062,-1,-1,-1,-1
126,2,401.2530517578125,205.9536895751953,28.06121826171875,79.85160827636719,-1,-1,-1,-1
127,2,402.45648193359375,205.625244140625,27.764892578125,79.2689208984375,-1,-1,-1,-1
128,2,403.03363037109375,205.74070739746094,27.858795166015625,78.75331115722656,-1,-1,-1,-1
129,2,403.93084716796875,205.6830596923828,28.263031005859375,78.14039611816406,-1,-1,-1,-1
130,2,404.4359436035156,205.90904235839844,28.49267578125,77.39921569824219,-1,-1,-1,-1
131,2,405.4608459472656,205.7989044189453,28.586456298828125,76.81163024902344,-1,-1,-1,-1
132,2,406.74444580078125,205.5460968017578,28.2984619140625,76.49623107910156,-1,-1,-1,-1
133,2,408.5699462890625,204.66525268554688,27.970550537109375,76.28146362304688,-1,-1,-1,-1
134,2,409.3897705078125,204.13906860351562,27.86297607421875,76.0352783203125,-1,-1,-1,-1
135,2,410.9642639160156,202.98928833007812,27.356048583984375,76.37094116210938,-1,-1,-1,-1
136,2,411.8611755371094,201.5908203125,27.771209716796875,77.23446655273438,-1,-1,-1,-1
137,2,412.8486633300781,200.6875762939453,28.0562744140625,77.49613952636719,-1,-1,-1,-1
138,2,413.7799987792969,200.63095092773438,27.5653076171875,77.0679931640625,-1,-1,-1,-1
139,2,415.1866455078125,200.73760986328125,27.167083740234375,76.3822021484375,-1,-1,-1,-1
140,2,416.14501953125,200.75335693359375,26.820281982421875,75.97332763671875,-1,-1,-1,-1
141,2,417.49139404296875,200.72752380371094,26.184173583984375,75.31687927246094,-1,-1,-1,-1
142,2,418.36737060546875,200.3130340576172,26.007965087890625,75.33943176269531,-1,-1,-1,-1
143,2,419.3442077636719,199.6912384033203,26.377593994140625,75.32859802246094,-1,-1,-1,-1
144,2,419.8365783691406,199.22621154785156,26.7301025390625,75.05094909667969,-1,-1,-1,-1
145,2,420.5218505859375,198.08303833007812,27.537567138671875,75.04254150390625,-1,-1,-1,-1
146,2,421.03851318359375,197.3655548095703,28.220611572265625,75.27806091308594,-1,-1,-1,-1
147,2,421.9829406738281,196.47439575195312,28.107879638671875,75.74850463867188,-1,-1,-1,-1
148,2,422.5111083984375,195.95765686035156,28.452850341796875,75.95893859863281,-1,-1,-1,-1
149,2,424.0118103027344,195.69419860839844,28.35845947265625,75.34410095214844,-1,-1,-1,-1
150,2,424.9403076171875,195.7591552734375,28.1124267578125,74.73709106445312,-1,-1,-1,-1
151,2,426.9479675292969,195.5608367919922,27.32281494140625,73.81562805175781,-1,-1,-1,-1
152,2,427.8914489746094,195.58743286132812,26.891265869140625,73.54910278320312,-1,-1,-1,-1
153,2,429.084716796875,194.9932403564453,27.0291748046875,73.48219299316406,-1,-1,-1,-1
154,2,429.9139099121094,194.63258361816406,26.759368896484375,73.40092468261719,-1,-1,-1,-1
155,2,430.8883972167969,192.8031005859375,27.073577880859375,74.09552001953125,-1,-1,-1,-1
156,2,431.7291259765625,191.54595947265625,27.288665771484375,74.76510620117188,-1,-1,-1,-1
157,2,432.9004211425781,190.3436279296875,27.7276611328125,75.3380126953125,-1,-1,-1,-1
158,2,433.8285217285156,190.08338928222656,27.54693603515625,75.12513732910156,-1,-1,-1,-1
159,2,434.8748779296875,189.7906036376953,27.599578857421875,74.77143859863281,-1,-1,-1,-1
160,2,435.955810546875,189.66824340820312,27.132904052734375,74.54013061523438,-1,-1,-1,-1
161,2,437.23956298828125,189.65289306640625,26.766326904296875,74.0548095703125,-1,-1,-1,-1
162,2,438.0690002441406,189.5504150390625,26.53411865234375,73.8209228515625,-1,-1,-1,-1
163,2,438.82574462890625,189.14430236816406,26.701324462890625,74.04930114746094,-1,-1,-1,-1
164,2,439.4288635253906,188.5810089111328,26.551025390625,74.50770568847656,-1,-1,-1,-1
165,2,440.1469421386719,187.19540405273438,26.64605712890625,75.32916259765625,-1,-1,-1,-1
166,2,440.701171875,186.41860961914062,26.467864990234375,75.04818725585938,-1,-1,-1,-1
167,2,441.39544677734375,185.6667938232422,27.035308837890625,75.24363708496094,-1,-1,-1,-1
168,2,441.7459411621094,185.3790283203125,27.377288818359375,75.02642822265625,-1,-1,-1,-1
169,2,442.50762939453125,185.38009643554688,27.477996826171875,74.39047241210938,-1,-1,-1,-1
170,2,443.1412353515625,185.45529174804688,27.5418701171875,73.8946533203125,-1,-1,-1,-1
171,2,444.1861877441406,185.590087890625,27.784515380859375,72.94113159179688,-1,-1,-1,-1
172,2,445.1745300292969,185.6469268798828,27.53753662109375,72.43955993652344,-1,-1,-1,-1
173,2,446.2811279296875,185.3351593017578,27.188568115234375,72.03550720214844,-1,-1,-1,-1
174,2,447.21990966796875,184.98728942871094,26.85003662109375,71.92990112304688,-1,-1,-1,-1
175,2,448.29522705078125,184.48289489746094,27.229705810546875,71.89694213867188,-1,-1,-1,-1
176,2,449.25164794921875,183.94932556152344,27.083526611328125,71.90843200683594,-1,-1,-1,-1
177,2,450.38470458984375,182.20240783691406,27.074676513671875,72.91720581054688,-1,-1,-1,-1
178,2,451.20391845703125,181.40664672851562,26.991973876953125,73.31996154785156,-1,-1,-1,-1
179,2,452.1302795410156,180.6062774658203,27.12249755859375,73.43553161621094,-1,-1,-1,-1
180,2,452.99432373046875,180.4551544189453,26.852447509765625,72.91995239257812,-1,-1,-1,-1
181,2,453.7607116699219,180.25071716308594,26.98345947265625,72.87582397460938,-1,-1,-1,-1
182,2,454.5388488769531,180.28285217285156,26.74237060546875,72.68026733398438,-1,-1,-1,-1
183,2,455.45648193359375,180.31881713867188,26.594757080078125,72.51887512207031,-1,-1,-1,-1
184,2,456.0796813964844,180.14292907714844,26.59954833984375,72.38824462890625,-1,-1,-1,-1
185,2,456.916748046875,179.66220092773438,26.360107421875,72.28630065917969,-1,-1,-1,-1
186,2,457.3279113769531,179.0719757080078,26.498779296875,72.17460632324219,-1,-1,-1,-1
187,2,458.0269470214844,177.98974609375,26.76226806640625,71.56123352050781,-1,-1,-1,-1
188,2,458.5417175292969,177.1042022705078,26.599761962890625,72.21084594726562,-1,-1,-1,-1
189,2,459.14019775390625,175.9207763671875,26.818145751953125,73.1864013671875,-1,-1,-1,-1
190,2,459.6695861816406,175.46685791015625,26.8775634765625,73.38674926757812,-1,-1,-1,-1
191,2,460.7018737792969,175.2587127685547,26.79486083984375,72.78518676757812,-1,-1,-1,-1
192,2,461.15167236328125,175.25267028808594,27.069091796875,72.43817138671875,-1,-1,-1,-1
193,2,461.7447204589844,175.64471435546875,27.14306640625,71.60990905761719,-1,-1,-1,-1
194,2,462.2283020019531,175.9684295654297,26.9053955078125,70.92326354980469,-1,-1,-1,-1
195,2,463.792236328125,175.61669921875,26.3421630859375,70.14375305175781,-1,-1,-1,-1
196,2,464.5781555175781,174.852294921875,26.190338134765625,70.62962341308594,-1,-1,-1,-1
197,2,465.8337707519531,173.33712768554688,26.2987060546875,71.42570495605469,-1,-1,-1,-1
198,2,466.5488586425781,172.22206115722656,26.44659423828125,72.04843139648438,-1,-1,-1,-1
199,2,467.44171142578125,171.24716186523438,26.7548828125,72.33526611328125,-1,-1,-1,-1
200,2,468.13934326171875,170.71217346191406,26.5794677734375,72.14617919921875,-1,-1,-1,-1
1,3,212.3270721435547,275.5040283203125,28.714508056640625,86.68524169921875,-1,-1,-1,-1
2,3,212.8769073486328,275.5406494140625,28.440887451171875,86.2205810546875,-1,-1,-1,-1
3,3,214.2861328125,274.9608459472656,28.196975708007812,85.99139404296875,-1,-1,-1,-1
4,3,215.08485412597656,274.48028564453125,28.2669677734375,85.8187255859375,-1,-1,-1,-1
5,3,217.39657592773438,273.9163818359375,27.836639404296875,85.256103515625,-1,-1,-1,-1
6,3,218.23739624023438,273.981689453125,27.618850708007812,84.11181640625,-1,-1,-1,-1
7,3,219.1265411376953,272.59356689453125,28.085693359375,84.38873291015625,-1,-1,-1,-1
8,3,219.75433349609375,270.6896057128906,28.767288208007812,86.09695434570312,-1,-1,-1,-1
9,3,221.12869262695312,268.958251953125,29.522186279296875,87.48193359375,-1,-1,-1,-1
10,3,222.14491271972656,269.2980041503906,29.36798095703125,86.65289306640625,-1,-1,-1,-1
11,3,223.6815643310547,269.4477844238281,30.299911499023438,85.86184692382812,-1,-1,-1,-1
12,3,224.29855346679688,270.08709716796875,30.394729614257812,84.57373046875,-1,-1,-1,-1
13,3,225.5142059326172,270.0560607910156,30.5894775390625,84.25433349609375,-1,-1,-1,-1
14,3,226.41439819335938,270.6058654785156,30.378097534179688,83.15304565429688,-1,-1,-1,-1
15,3,228.298095703125,270.65167236328125,29.369888305664062,81.43133544921875,-1,-1,-1,-1
16,3,229.20779418945312,269.03363037109375,29.419921875,81.90524291992188,-1,-1,-1,-1
17,3,230.8133544921875,267.0610046386719,30.02899169921875,82.38174438476562,-1,-1,-1,-1
18,3,231.53831481933594,265.2471008300781,29.956832885742188,83.76412963867188,-1,-1,-1,-1
19,3,232.82688903808594,264.10699462890625,29.752700805664062,84.2568359375,-1,-1,-1,-1
20,3,233.30079650878906,263.32659912109375,30.135238647460938,84.87646484375,-1,-1,-1,-1
21,3,234.72080993652344,264.7965087890625,29.468917846679688,82.61102294921875,-1,-1,-1,-1
22,3,235.2555694580078,265.0791015625,29.522933959960938,82.21221923828125,-1,-1,-1,-1
23,3,236.0113067626953,263.7110900878906,29.737258911132812,83.18026733398438,-1,-1,-1,-1
24,3,236.52549743652344,263.35186767578125,29.845169067382812,82.99478149414062,-1,-1,-1,-1
25,3,237.29318237304688,261.364501953125,30.032257080078125,83.81887817382812,-1,-1,-1,-1
26,3,237.6696319580078,260.3739318847656,30.289932250976562,83.63131713867188,-1,-1,-1,-1
27,3,238.49578857421875,259.237548828125,30.3702392578125,83.27862548828125,-1,-1,-1,-1
28,3,239.23243713378906,258.2272033691406,30.588638305664062,83.76339721679688,-1,-1,-1,-1
29,3,240.70457458496094,258.120849609375,30.328414916992188,83.31192016601562,-1,-1,-1,-1
30,3,241.82583618164062,258.16815185546875,30.437164306640625,82.5565185546875,-1,-1,-1,-1
31,3,243.71652221679688,257.96270751953125,30.754180908203125,82.20809936523438,-1,-1,-1,-1
32,3,244.61773681640625,257.59759521484375,30.4593505859375,81.91134643554688,-1,-1,-1,-1
33,3,245.9420623779297,257.6608581542969,29.942581176757812,81.08740234375,-1,-1,-1,-1
34,3,246.63255310058594,257.2969055175781,30.024154663085938,81.01724243164062,-1,-1,-1,-1
35,3,248.52642822265625,256.969482421875,29.575775146484375,80.30926513671875,-1,-1,-1,-1
36,3,249.7900390625,256.63536071777344,29.218017578125,79.72792053222656,-1,-1,-1,-1
37,3,252.6697540283203,255.25460815429688,28.723526000976562,80.036865234375,-1,-1,-1,-1
38,3,253.2349395751953,254.37643432617188,28.747421264648438,80.6009521484375,-1,-1,-1,-1
39,3,254.32757568359375,254.12998962402344,28.585540771484375,79.83393859863281,-1,-1,-1,-1
40,3,255.2865447998047,253.45729064941406,28.393478393554688,80.19755554199219,-1,-1,-1,-1
41,3,256.1025695800781,253.28269958496094,28.370391845703125,80.07221984863281,-1,-1,-1,-1
42,3,256.9611358642578,253.01698303222656,28.190200805664062,80.20558166503906,-1,-1,-1,-1
43,3,258.30340576171875,252.28147888183594,27.686859130859375,80.22755432128906,-1,-1,-1,-1
44,3,259.12384033203125,251.8916778564453,27.612396240234375,80.37648010253906,-1,-1,-1,-1
45,3,259.58929443359375,250.48004150390625,29.07379150390625,80.67837524414062,-1,-1,-1,-1
46,3,260.33551025390625,250.3839569091797,29.38421630859375,79.36598205566406,-1,-1,-1,-1
47,3,262.61798095703125,248.6434783935547,29.408172607421875,79.23017883300781,-1,-1,-1,-1
48,3,263.3441467285156,248.43807983398438,29.31585693359375,79.216064453125,-1,-1,-1,-1
49,3,264.5279235839844,247.47999572753906,29.6553955078125,79.51640319824219,-1,-1,-1,-1
50,3,265.2004699707031,247.39617919921875,29.764617919921875,79.1781005859375,-1,-1,-1,-1
51,3,266.26531982421875,247.58663940429688,30.100341796875,78.50283813476562,-1,-1,-1,-1
52,3,267.12115478515625,247.5568389892578,30.22265625,78.44694519042969,-1,-1,-1,-1
53,3,268.38238525390625,247.87225341796875,30.04083251953125,77.730224609375,-1,-1,-1,-1
54,3,269.6025085449219,247.6859588623047,29.96771240234375,77.14015197753906,-1,-1,-1,-1
55,3,272.4720458984375,246.42835998535156,29.95989990234375,76.21253967285156,-1,-1,-1,-1
56,3,273.517578125,245.6535186767578,29.6494140625,76.31346130371094,-1,-1,-1,-1
57,3,275.7716979980469,243.6997528076172,29.33966064453125,77.15855407714844,-1,-1,-1,-1
58,3,276.2675476074219,242.80039978027344,29.556427001953125,77.80561828613281,-1,-1,-1,-1
59,3,277.2200012207031,242.05555725097656,29.615234375,78.09147644042969,-1,-1,-1,-1
60,3,278.1311950683594,241.90850830078125,29.250091552734375,77.94003295898438,-1,-1,-1,-1
61,3,279.718994140625,241.83351135253906,28.841033935546875,77.69801330566406,-1,-1,-1,-1
62,3,280.968505859375,241.7718963623047,28.52294921875,77.58482360839844,-1,-1,-1,-1
63,3,282.7083435058594,241.49620056152344,28.041107177734375,77.33073425292969,-1,-1,-1,-1
64,3,283.615234375,240.7940216064453,28.0174560546875,77.77149963378906,-1,-1,-1,-1
65,3,284.8227844238281,239.23196411132812,28.22833251953125,78.81484985351562,-1,-1,-1,-1
66,3,285.87017822265625,238.3840789794922,27.95458984375,79.06156921386719,-1,-1,-1,-1
67,3,287.80377197265625,237.2180633544922,28.04205322265625,79.29835510253906,-1,-1,-1,-1
68,3,288.4627685546875,237.22511291503906,27.933807373046875,78.12583923339844,-1,-1,-1,-1
69,3,289.86859130859375,236.95074462890625,27.4293212890625,77.58224487304688,-1,-1,-1,-1
70,3,290.5278015136719,236.42709350585938,28.026397705078125,77.841796875,-1,-1,-1,-1
71,3,291.7036437988281,235.62985229492188,28.465545654296875,77.94772338867188,-1,-1,-1,-1
72,3,292.57769775390625,235.44175720214844,28.3648681640625,77.71577453613281,-1,-1,-1,-1
73,3,293.9603576660156,235.60044860839844,27.921417236328125,77.25202941894531,-1,-1,-1,-1
74,3,294.7491149902344,235.33340454101562,27.781280517578125,77.04824829101562,-1,-1,-1,-1
75,3,295.9176025390625,234.09938049316406,27.69671630859375,77.27671813964844,-1,-1,-1,-1
76,3,296.70379638671875,233.2453155517578,27.8232421875,76.91291809082031,-1,-1,-1,-1
77,3,298.1686096191406,231.1870574951172,28.723419189453125,77.35737609863281,-1,-1,-1,-1
78,3,298.90594482421875,230.69773864746094,28.609222412109375,77.46394348144531,-1,-1,-1,-1
79,3,299.8691101074219,228.7840118408203,29.070220947265625,78.99082946777344,-1,-1,-1,-1
80,3,300.779052734375,228.50546264648438,28.956298828125,79.01962280273438,-1,-1,-1,-1
81,3,301.79730224609375,228.2324676513672,28.9169921875,78.68040466308594,-1,-1,-1,-1
82,3,303.0589904785156,228.12216186523438,28.113983154296875,78.3211669921875,-1,-1,-1,-1
83,3,304.1308898925781,228.03929138183594,27.653472900390625,78.00355529785156,-1,-1,-1,-1
84,3,304.8103332519531,227.70687866210938,27.523345947265625,77.75830078125,-1,-1,-1,-1
85,3,305.2875061035156,226.67930603027344,28.001190185546875,78.03010559082031,-1,-1,-1,-1
86,3,305.8150634765625,226.03646850585938,27.961761474609375,77.27178955078125,-1,-1,-1,-1
87,3,306.614013671875,224.80575561523438,28.148590087890625,77.44046020507812,-1,-1,-1,-1
88,3,307.0116882324219,224.2924041748047,28.283599853515625,76.99140930175781,-1,-1,-1,-1
89,3,307.9869079589844,224.04641723632812,28.045989990234375,76.72348022460938,-1,-1,-1,-1
90,3,308.8614196777344,224.06689453125,27.990478515625,76.26959228515625,-1,-1,-1,-1
91,3,310.1474609375,224.14810180664062,27.798797607421875,75.511474609375,-1,-1,-1,-1
92,3,311.013671875,224.15977478027344,27.656280517578125,75.18357849121094,-1,-1,-1,-1
93,3,312.25335693359375,223.97203063964844,27.425323486328125,74.93516540527344,-1,-1,-1,-1
94,3,313.1592102050781,223.61892700195312,27.28485107421875,74.86181640625,-1,-1,-1,-1
95,3,314.0519104003906,222.46127319335938,27.512786865234375,75.71994018554688,-1,-1,-1,-1
96,3,314.611328125,221.61541748046875,27.665435791015625,76.08419799804688,-1,-1,-1,-1
97,3,315.158203125,220.3799591064453,28.1424560546875,76.63084411621094,-1,-1,-1,-1
98,3,315.7937316894531,219.56243896484375,28.2783203125,77.15658569335938,-1,-1,-1,-1
99,3,316.3637390136719,218.848876953125,28.679901123046875,76.87106323242188,-1,-1,-1,-1
100,3,317.0325927734375,218.71279907226562,28.83612060546875,76.16549682617188,-1,-1,-1,-1
101,3,319.0227966308594,219.0486297607422,28.237457275390625,75.32957458496094,-1,-1,-1,-1
102,3,319.4152526855469,219.151611328125,28.278045654296875,75.19784545898438,-1,-1,-1,-1
103,3,321.1600341796875,218.77442932128906,27.787811279296875,74.83992004394531,-1,-1,-1,-1
104,3,321.90948486328125,218.51673889160156,27.4759521484375,74.23652648925781,-1,-1,-1,-1
105,3,322.711181640625,217.5713653564453,27.742919921875,74.53898620605469,-1,-1,-1,-1
106,3,323.2613525390625,216.56121826171875,27.868011474609375,75.4068603515625,-1,-1,-1,-1
107,3,323.8179626464844,214.97532653808594,28.338165283203125,75.54234313964844,-1,-1,-1,-1
108,3,324.1849060058594,213.90223693847656,28.61053466796875,76.22898864746094,-1,-1,-1,-1
109,3,325.08258056640625,213.31654357910156,28.51116943359375,76.45344543457031,-1,-1,-1,-1
110,3,325.9942626953125,213.21176147460938,28.381317138671875,76.48208618164062,-1,-1,-1,-1
111,3,326.97564697265625,213.20301818847656,28.808074951171875,75.77525329589844,-1,-1,-1,-1
112,3,327.6718444824219,213.23513793945312,29.06304931640625,75.42431640625,-1,-1,-1,-1
113,3,329.330810546875,213.0382537841797,28.868438720703125,75.59916687011719,-1,-1,-1,-1
114,3,330.0818786621094,212.7728729248047,28.882293701171875,75.53114318847656,-1,-1,-1,-1
115,3,331.5789794921875,211.76873779296875,28.728179931640625,75.95361328125,-1,-1,-1,-1
116,3,332.4951477050781,211.17242431640625,28.436370849609375,75.502685546875,-1,-1,-1,-1
117,3,333.7210998535156,210.19346618652344,28.567718505859375,75.09315490722656,-1,-1,-1,-1
118,3,334.40435791015625,209.64491271972656,28.49627685546875,74.63005065917969,-1,-1,-1,-1
119,3,335.167236328125,208.4737091064453,29.140594482421875,74.95793151855469,-1,-1,-1,-1
120,3,335.89764404296875,208.51583862304688,29.09686279296875,74.44943237304688,-1,-1,-1,-1
121,3,337.74090576171875,208.5934295654297,27.71807861328125,73.49113464355469,-1,-1,-1,-1
122,3,338.66583251953125,208.5878143310547,27.7081298828125,73.15101623535156,-1,-1,-1,-1
123,3,339.8708801269531,208.3763885498047,27.164306640625,72.78620910644531,-1,-1,-1,-1
124,3,340.68408203125,208.00148010253906,26.96356201171875,72.81315612792969,-1,-1,-1,-1
125,3,341.824951171875,206.60009765625,26.319244384765625,73.59634399414062,-1,-1,-1,-1
126,3,342.41754150390625,205.47987365722656,26.354339599609375,74.36842346191406,-1,-1,-1,-1
127,3,343.1661376953125,204.2676239013672,26.57916259765625,74.82173156738281,-1,-1,-1,-1
128,3,344.00726318359375,203.79786682128906,26.10809326171875,74.58351135253906,-1,-1,-1,-1
129,3,344.91925048828125,203.5104217529297,25.815704345703125,74.35911560058594,-1,-1,-1,-1
130,3,345.62457275390625,203.23634338378906,25.587554931640625,74.29838562011719,-1,-1,-1,-1
131,3,346.22332763671875,203.1327362060547,25.85479736328125,74.09599304199219,-1,-1,-1,-1
132,3,346.4968566894531,203.0846405029297,26.196685791015625,73.78431701660156,-1,-1,-1,-1
133,3,347.0115661621094,203.03909301757812,26.43194580078125,73.41397094726562,-1,-1,-1,-1
134,3,347.56439208984375,203.11636352539062,26.47943115234375,72.72146606445312,-1,-1,-1,-1
135,3,348.413818359375,202.59291076660156,26.813323974609375,71.84373474121094,-1,-1,-1,-1
136,3,349.1302490234375,201.79855346679688,26.693206787109375,71.84140014648438,-1,-1,-1,-1
137,3,350.1922607421875,200.15829467773438,26.5096435546875,72.52978515625,-1,-1,-1,-1
138,3,350.90338134765625,199.45074462890625,26.2974853515625,72.55410766601562,-1,-1,-1,-1
139,3,351.5859375,199.04066467285156,26.46807861328125,72.11851501464844,-1,-1,-1,-1
140,3,351.82489013671875,198.72677612304688,26.79437255859375,72.15707397460938,-1,-1,-1,-1
141,3,352.4690246582031,198.71157836914062,26.457672119140625,71.86212158203125,-1,-1,-1,-1
142,3,352.91363525390625,198.73480224609375,26.11627197265625,71.7593994140625,-1,-1,-1,-1
143,3,353.43231201171875,198.60299682617188,26.002532958984375,71.76815795898438,-1,-1,-1,-1
144,3,353.6826171875,198.27505493164062,25.957489013671875,71.72738647460938,-1,-1,-1,-1
145,3,353.8758544921875,196.61891174316406,26.285552978515625,72.86473083496094,-1,-1,-1,-1
146,3,354.0772705078125,195.6420135498047,26.503662109375,72.50733947753906,-1,-1,-1,-1
147,3,354.68994140625,194.79876708984375,26.4893798828125,71.72943115234375,-1,-1,-1,-1
148,3,355.140380859375,194.44508361816406,26.45721435546875,71.71342468261719,-1,-1,-1,-1
149,3,355.66461181640625,193.8118133544922,26.63623046875,71.86039733886719,-1,-1,-1,-1
150,3,356.1302795410156,193.58363342285156,26.600341796875,71.84504699707031,-1,-1,-1,-1
151,3,356.80517578125,193.78492736816406,26.508575439453125,71.36454772949219,-1,-1,-1,-1
152,3,357.2979736328125,193.9241943359375,26.39849853515625,70.57681274414062,-1,-1,-1,-1
153,3,358.22479248046875,193.64967346191406,26.402374267578125,70.35682678222656,-1,-1,-1,-1
154,3,359.202880859375,192.8851776123047,26.16900634765625,70.38563537597656,-1,-1,-1,-1
155,3,360.0252990722656,191.8673095703125,26.69293212890625,70.4451904296875,-1,-1,-1,-1
156,3,360.74658203125,191.43435668945312,26.803619384765625,69.941162109375,-1,-1,-1,-1
157,3,361.773681640625,190.2158660888672,26.938720703125,70.05271911621094,-1,-1,-1,-1
158,3,362.6412353515625,189.92938232421875,26.489898681640625,69.93545532226562,-1,-1,-1,-1
159,3,363.3513488769531,189.07786560058594,26.428009033203125,70.51542663574219,-1,-1,-1,-1
160,3,363.89837646484375,188.62432861328125,26.207916259765625,70.83660888671875,-1,-1,-1,-1
161,3,364.5909729003906,188.39865112304688,26.020477294921875,70.8895263671875,-1,-1,-1,-1
162,3,364.9727783203125,188.2246856689453,25.900665283203125,70.86610412597656,-1,-1,-1,-1
163,3,365.4500732421875,187.9647216796875,26.15032958984375,70.97027587890625,-1,-1,-1,-1
164,3,365.5896301269531,187.5213623046875,26.4813232421875,71.29254150390625,-1,-1,-1,-1
165,3,365.777587890625,186.69131469726562,26.912139892578125,71.9534912109375,-1,-1,-1,-1
166,3,365.91400146484375,185.8680877685547,27.157135009765625,72.15528869628906,-1,-1,-1,-1
167,3,366.15325927734375,185.2041778564453,27.987640380859375,71.57258605957031,-1,-1,-1,-1
168,3,366.3610534667969,184.92723083496094,28.776153564453125,71.11907958984375,-1,-1,-1,-1
169,3,366.85308837890625,184.67584228515625,29.11907958984375,71.19099426269531,-1,-1,-1,-1
170,3,367.2267761230469,184.5489959716797,29.345458984375,70.910400390625,-1,-1,-1,-1
171,3,368.59075927734375,184.89317321777344,28.742828369140625,70.138427734375,-1,-1,-1,-1
172,3,369.849365234375,185.60421752929688,28.124786376953125,69.44317626953125,-1,-1,-1,-1
173,3,371.549072265625,186.25621032714844,27.384552001953125,68.44126892089844,-1,-1,-1,-1
174,3,372.34368896484375,186.07371520996094,26.99578857421875,68.25526428222656,-1,-1,-1,-1
175,3,373.42181396484375,185.746337890625,26.938934326171875,68.28353881835938,-1,-1,-1,-1
176,3,374.714599609375,184.85546875,26.90020751953125,68.74038696289062,-1,-1,-1,-1
177,3,376.2108459472656,183.32687377929688,27.5345458984375,68.2275390625,-1,-1,-1,-1
178,3,376.86639404296875,182.6030731201172,27.871826171875,67.65420532226562,-1,-1,-1,-1
179,3,377.60406494140625,181.1952667236328,28.542633056640625,69.03419494628906,-1,-1,-1,-1
180,3,377.83831787109375,181.03587341308594,29.130218505859375,69.00065612792969,-1,-1,-1,-1
181,3,377.997314453125,180.4954071044922,30.068145751953125,68.82179260253906,-1,-1,-1,-1
182,3,378.0183410644531,180.38629150390625,30.622314453125,68.72712707519531,-1,-1,-1,-1
183,3,378.51556396484375,180.5872802734375,30.970855712890625,67.92216491699219,-1,-1,-1,-1
184,3,378.88824462890625,180.36880493164062,31.12554931640625,67.73838806152344,-1,-1,-1,-1
185,3,380.65313720703125,179.6572265625,29.90179443359375,68.09573364257812,-1,-1,-1,-1
186,3,381.66888427734375,178.93890380859375,29.184326171875,68.63267517089844,-1,-1,-1,-1
187,3,383.3150634765625,177.43612670898438,27.494873046875,68.46748352050781,-1,-1,-1,-1
188,3,383.90997314453125,176.57095336914062,27.361053466796875,69.05287170410156,-1,-1,-1,-1
189,3,385.339599609375,175.9949951171875,26.67938232421875,68.33624267578125,-1,-1,-1,-1
190,3,386.4806823730469,175.75108337402344,26.156280517578125,68.39970397949219,-1,-1,-1,-1
191,3,387.4306945800781,175.22866821289062,26.131683349609375,68.64389038085938,-1,-1,-1,-1
192,3,388.3326110839844,175.12942504882812,25.987457275390625,68.19212341308594,-1,-1,-1,-1
193,3,389.4876403808594,175.1593780517578,26.051605224609375,67.73524475097656,-1,-1,-1,-1
194,3,390.3482971191406,175.1790313720703,25.9857177734375,67.11381530761719,-1,-1,-1,-1
195,3,391.2210998535156,174.7681884765625,26.326263427734375,66.74592590332031,-1,-1,-1,-1
196,3,392.0164489746094,174.47352600097656,26.4483642578125,66.38491821289062,-1,-1,-1,-1
197,3,393.1720275878906,173.50784301757812,26.938201904296875,66.45494079589844,-1,-1,-1,-1
198,3,394.2430419921875,173.29835510253906,26.6226806640625,66.33584594726562,-1,-1,-1,-1
199,3,396.0592956542969,172.24159240722656,26.1480712890625,66.61724853515625,-1,-1,-1,-1
200,3,396.7176208496094,172.14125061035156,26.12127685546875,66.18141174316406,-1,-1,-1,-1
1,4,506.9108581542969,249.7450408935547,33.206390380859375,89.03697204589844,-1,-1,-1,-1
2,4,507.0152282714844,250.15684509277344,33.281341552734375,89.68360900878906,-1,-1,-1,-1
3,4,507.6248779296875,250.7244110107422,33.30194091796875,88.77906799316406,-1,-1,-1,-1
4,4,508.1199035644531,250.97296142578125,33.376190185546875,87.66650390625,-1,-1,-1,-1
5,4,508.9309997558594,250.72483825683594,33.779632568359375,87.01008605957031,-1,-1,-1,-1
6,4,509.7645568847656,250.2236328125,33.621124267578125,86.42623901367188,-1,-1,-1,-1
7,4,510.9742431640625,248.3563995361328,34.12554931640625,86.82304382324219,-1,-1,-1,-1
8,4,511.6673278808594,247.70071411132812,34.017669677734375,85.37881469726562,-1,-1,-1,-1
9,4,512.5486145019531,244.98892211914062,34.491668701171875,86.76019287109375,-1,-1,-1,-1
10,4,513.1807250976562,244.1112060546875,34.2574462890625,86.90106201171875,-1,-1,-1,-1
11,4,514.3478393554688,243.15650939941406,34.10040283203125,86.44828796386719,-1,-1,-1,-1
12,4,515.0590209960938,242.95755004882812,34.51690673828125,86.42364501953125,-1,-1,-1,-1
13,4,515.7965087890625,243.4491729736328,34.80487060546875,86.27067565917969,-1,-1,-1,-1
14,4,516.2064208984375,243.84561157226562,34.56524658203125,85.46792602539062,-1,-1,-1,-1
15,4,516.7658081054688,243.87437438964844,34.63238525390625,86.15571594238281,-1,-1,-1,-1
16,4,516.9588623046875,243.74305725097656,35.07586669921875,85.81980895996094,-1,-1,-1,-1
17,4,517.1821899414062,243.00148010253906,35.3883056640625,86.02629089355469,-1,-1,-1,-1
18,4,517.4240112304688,242.4284210205078,35.44781494140625,86.45341491699219,-1,-1,-1,-1
19,4,517.6961059570312,240.2386932373047,35.22265625,84.28379821777344,-1,-1,-1,-1
20,4,518.1740112304688,239.2510528564453,34.7899169921875,83.57585144042969,-1,-1,-1,-1
21,4,518.57958984375,236.90541076660156,34.61419677734375,85.28684997558594,-1,-1,-1,-1
22,4,519.3919677734375,236.53659057617188,33.73638916015625,84.66574096679688,-1,-1,-1,-1
23,4,520.335205078125,236.23255920410156,33.1160888671875,83.99095153808594,-1,-1,-1,-1
24,4,520.9719848632812,236.13284301757812,32.5565185546875,83.42367553710938,-1,-1,-1,-1
25,4,521.9373168945312,236.52378845214844,32.4462890625,82.47456359863281,-1,-1,-1,-1
26,4,522.6185913085938,237.10052490234375,32.483154296875,81.26907348632812,-1,-1,-1,-1
27,4,523.2017822265625,236.9683074951172,32.73675537109375,80.30317687988281,-1,-1,-1,-1
28,4,523.726318359375,236.6252899169922,32.80010986328125,79.73558044433594,-1,-1,-1,-1
29,4,524.6969604492188,234.94483947753906,33.0855712890625,81.53581237792969,-1,-1,-1,-1
30,4,525.5286254882812,233.8390350341797,32.88922119140625,81.83174133300781,-1,-1,-1,-1
31,4,526.166015625,231.70155334472656,33.147705078125,82.96092224121094,-1,-1,-1,-1
32,4,526.7494506835938,230.66053771972656,33.187744140625,83.22026062011719,-1,-1,-1,-1
33,4,527.9988403320312,228.89523315429688,33.14093017578125,83.32608032226562,-1,-1,-1,-1
34,4,528.456787109375,228.56996154785156,33.4288330078125,82.98704528808594,-1,-1,-1,-1
35,4,529.2391967773438,229.05027770996094,33.74267578125,82.42524719238281,-1,-1,-1,-1
36,4,529.9417724609375,229.4817657470703,33.7607421875,81.71244812011719,-1,-1,-1,-1
37,4,530.6394653320312,229.74830627441406,34.18499755859375,81.30540466308594,-1,-1,-1,-1
38,4,531.076904296875,229.7223663330078,34.31414794921875,81.54978942871094,-1,-1,-1,-1
39,4,531.4888916015625,229.01751708984375,34.75885009765625,81.75079345703125,-1,-1,-1,-1
40,4,531.8436279296875,228.2206573486328,35.15130615234375,81.48478698730469,-1,-1,-1,-1
41,4,532.3265380859375,225.8529510498047,35.11431884765625,81.30699157714844,-1,-1,-1,-1
42,4,532.7832641601562,224.74595642089844,34.7752685546875,81.56105041503906,-1,-1,-1,-1
43,4,533.4658813476562,222.8229522705078,34.19708251953125,83.10142517089844,-1,-1,-1,-1
44,4,533.9701538085938,222.07620239257812,33.7281494140625,83.2745361328125,-1,-1,-1,-1
45,4,535.1251220703125,221.64796447753906,32.67205810546875,82.53349304199219,-1,-1,-1,-1
46,4,535.9573364257812,221.8020477294922,31.819580078125,82.00520324707031,-1,-1,-1,-1
47,4,537.0158081054688,222.4407501220703,31.24285888671875,81.15547180175781,-1,-1,-1,-1
48,4,537.6907348632812,222.67111206054688,31.2969970703125,80.679443359375,-1,-1,-1,-1
49,4,539.559326171875,222.87167358398438,31.309326171875,79.48922729492188,-1,-1,-1,-1
50,4,539.9785766601562,222.52444458007812,31.57025146484375,79.27902221679688,-1,-1,-1,-1
51,4,540.7379760742188,221.03379821777344,33.1146240234375,80.90467834472656,-1,-1,-1,-1
52,4,541.4482421875,220.0121612548828,33.31207275390625,81.12742614746094,-1,-1,-1,-1
53,4,542.7786254882812,217.8182373046875,32.85009765625,81.8455810546875,-1,-1,-1,-1
54,4,543.6664428710938,217.4274444580078,32.5255126953125,81.28288269042969,-1,-1,-1,-1
55,4,544.7885131835938,216.096435546875,32.4114990234375,82.03213500976562,-1,-1,-1,-1
56,4,545.7742919921875,215.436767578125,32.13983154296875,81.84713745117188,-1,-1,-1,-1
57,4,547.9497680664062,215.5784149169922,32.10125732421875,81.54817199707031,-1,-1,-1,-1
58,4,547.9945678710938,216.04232788085938,32.82373046875,81.49420166015625,-1,-1,-1,-1
59,4,548.47509765625,216.9862518310547,32.9775390625,79.17195129394531,-1,-1,-1,-1
60,4,549.1552734375,217.20794677734375,32.9093017578125,78.2542724609375,-1,-1,-1,-1
61,4,549.8047485351562,215.6669158935547,33.78741455078125,80.57063293457031,-1,-1,-1,-1
62,4,550.3679809570312,214.6542205810547,33.85760498046875,80.86857604980469,-1,-1,-1,-1
63,4,551.7163696289062,213.41090393066406,33.18548583984375,79.02357482910156,-1,-1,-1,-1
64,4,552.504638671875,211.93478393554688,32.9935302734375,78.54052734375,-1,-1,-1,-1
65,4,552.9542236328125,209.88392639160156,33.0673828125,80.04676818847656,-1,-1,-1,-1
66,4,553.4619140625,209.2521209716797,32.68499755859375,80.04829406738281,-1,-1,-1,-1
67,4,554.441162109375,208.8711700439453,32.06268310546875,79.56199645996094,-1,-1,-1,-1
68,4,555.7205200195312,208.50286865234375,31.28363037109375,80.1910400390625,-1,-1,-1,-1
69,4,557.1839599609375,209.1890411376953,30.89190673828125,79.66810607910156,-1,-1,-1,-1
70,4,557.8539428710938,209.4622344970703,30.831298828125,79.30827331542969,-1,-1,-1,-1
71,4,558.8893432617188,209.53482055664062,30.39251708984375,78.18377685546875,-1,-1,-1,-1
72,4,559.7427978515625,209.1668243408203,30.00909423828125,77.95841979980469,-1,-1,-1,-1
73,4,560.7772216796875,208.45286560058594,30.392822265625,78.08213806152344,-1,-1,-1,-1
74,4,561.6456909179688,207.8422393798828,30.22540283203125,77.78749084472656,-1,-1,-1,-1
75,4,562.6837158203125,206.43104553222656,30.9842529296875,78.12202453613281,-1,-1,-1,-1
76,4,563.0332641601562,205.44854736328125,31.6092529296875,78.73416137695312,-1,-1,-1,-1
77,4,563.8624877929688,204.6748504638672,31.97088623046875,78.65708923339844,-1,-1,-1,-1
78,4,564.4984741210938,204.3632354736328,32.00250244140625,78.03575134277344,-1,-1,-1,-1
79,4,564.9871826171875,204.61358642578125,32.8533935546875,77.10379028320312,-1,-1,-1,-1
80,4,565.3308715820312,205.1776580810547,33.425048828125,76.53443908691406,-1,-1,-1,-1
81,4,565.9700317382812,205.7239227294922,33.3140869140625,75.95579528808594,-1,-1,-1,-1
82,4,566.294921875,205.5503692626953,33.2335205078125,76.67424011230469,-1,-1,-1,-1
83,4,566.8430786132812,204.57037353515625,33.0909423828125,77.51156616210938,-1,-1,-1,-1
84,4,567.2689819335938,203.74046325683594,32.79229736328125,77.83052062988281,-1,-1,-1,-1
85,4,567.698974609375,201.33554077148438,32.91876220703125,77.64935302734375,-1,-1,-1,-1
86,4,567.92626953125,200.0742950439453,32.81060791015625,77.22325134277344,-1,-1,-1,-1
87,4,568.412841796875,198.3354949951172,32.42791748046875,77.35243225097656,-1,-1,-1,-1
88,4,569.0695190429688,197.65478515625,31.65093994140625,77.21865844726562,-1,-1,-1,-1
89,4,569.9246826171875,196.82794189453125,31.08135986328125,77.7047119140625,-1,-1,-1,-1
90,4,570.6028442382812,196.4624481201172,30.65960693359375,78.39653015136719,-1,-1,-1,-1
91,4,571.4356689453125,197.18545532226562,30.30938720703125,77.6441650390625,-1,-1,-1,-1
92,4,571.7988891601562,197.3594970703125,30.52545166015625,77.18829345703125,-1,-1,-1,-1
93,4,572.7462768554688,197.58592224121094,30.3896484375,75.66392517089844,-1,-1,-1,-1
94,4,573.1685180664062,197.38194274902344,30.73687744140625,75.88584899902344,-1,-1,-1,-1
95,4,574.1355590820312,196.26487731933594,30.78094482421875,76.69187927246094,-1,-1,-1,-1
96,4,574.9570922851562,195.5856475830078,30.34375,75.86152648925781,-1,-1,-1,-1
97,4,576.0339965820312,193.4251251220703,30.54925537109375,76.68342590332031,-1,-1,-1,-1
98,4,576.8031616210938,191.91043090820312,30.34881591796875,77.71731567382812,-1,-1,-1,-1
99,4,577.7267456054688,190.61968994140625,30.41680908203125,77.62591552734375,-1,-1,-1,-1
100,4,578.27783203125,190.32240295410156,30.2525634765625,77.25526428222656,-1,-1,-1,-1
101,4,579.1675415039062,190.4905242919922,30.08465576171875,76.11372375488281,-1,-1,-1,-1
102,4,579.7234497070312,190.98207092285156,30.0709228515625,75.23100280761719,-1,-1,-1,-1
103,4,580.2914428710938,191.1734619140625,30.02423095703125,75.12469482421875,-1,-1,-1,-1
104,4,580.5331420898438,191.021728515625,30.24853515625,74.99041748046875,-1,-1,-1,-1
105,4,581.0454711914062,190.20745849609375,30.3388671875,75.5391845703125,-1,-1,-1,-1
106,4,581.3384399414062,189.6855010986328,30.5491943359375,75.98600769042969,-1,-1,-1,-1
107,4,581.6175537109375,188.10813903808594,30.90496826171875,75.61439514160156,-1,-1,-1,-1
108,4,581.6261596679688,187.15945434570312,31.23736572265625,75.90145874023438,-1,-1,-1,-1
109,4,581.8880004882812,185.4048309326172,31.5098876953125,77.23719787597656,-1,-1,-1,-1
110,4,582.4415283203125,184.89471435546875,31.1650390625,77.19515991210938,-1,-1,-1,-1
111,4,583.385009765625,184.39756774902344,30.481689453125,77.20951843261719,-1,-1,-1,-1
112,4,584.037109375,184.40853881835938,29.996826171875,76.85333251953125,-1,-1,-1,-1
113,4,584.6044921875,185.04689025878906,29.73114013671875,75.95191955566406,-1,-1,-1,-1
114,4,585.1783447265625,185.3521270751953,29.34979248046875,75.60978698730469,-1,-1,-1,-1
115,4,585.901123046875,185.2319793701172,29.20977783203125,75.28288269042969,-1,-1,-1,-1
116,4,586.4810180664062,184.94137573242188,29.209716796875,74.95022583007812,-1,-1,-1,-1
117,4,587.3455810546875,183.40220642089844,29.679443359375,74.59210205078125,-1,-1,-1,-1
118,4,587.9783935546875,182.51048278808594,29.87298583984375,74.02821350097656,-1,-1,-1,-1
119,4,588.8978271484375,180.7444305419922,30.360595703125,74.90158081054688,-1,-1,-1,-1
120,4,589.4315795898438,180.37110900878906,30.29119873046875,74.686767578125,-1,-1,-1,-1
121,4,590.1658935546875,179.74160766601562,30.7060546875,74.6092529296875,-1,-1,-1,-1
122,4,590.6868896484375,179.50665283203125,31.202392578125,75.00881958007812,-1,-1,-1,-1
123,4,591.4200439453125,179.78839111328125,31.3289794921875,74.22004699707031,-1,-1,-1,-1
124,4,591.7412719726562,180.01535034179688,31.36273193359375,73.48085021972656,-1,-1,-1,-1
125,4,592.0935668945312,180.29702758789062,31.682373046875,72.8699951171875,-1,-1,-1,-1
126,4,592.2889404296875,180.23455810546875,31.94903564453125,72.82176208496094,-1,-1,-1,-1
127,4,592.9885864257812,179.4086151123047,31.82147216796875,73.03849792480469,-1,-1,-1,-1
128,4,593.50634765625,178.3107147216797,31.56524658203125,73.98965454101562,-1,-1,-1,-1
129,4,594.5208129882812,176.26329040527344,30.8126220703125,73.76383972167969,-1,-1,-1,-1
130,4,595.0586547851562,175.27182006835938,30.42901611328125,74.00521850585938,-1,-1,-1,-1
131,4,595.7362670898438,173.89161682128906,30.383056640625,74.91494750976562,-1,-1,-1,-1
132,4,596.4697875976562,173.04139709472656,29.89886474609375,75.28143310546875,-1,-1,-1,-1
133,4,597.71826171875,172.6497344970703,29.1617431640625,74.51275634765625,-1,-1,-1,-1
134,4,598.4996337890625,172.605712890625,28.87646484375,74.40032958984375,-1,-1,-1,-1
135,4,599.2572021484375,173.12310791015625,28.68072509765625,72.80300903320312,-1,-1,-1,-1
136,4,599.970458984375,173.18746948242188,28.232421875,72.69303894042969,-1,-1,-1,-1
137,4,600.8648681640625,172.94143676757812,28.20245361328125,73.20240783691406,-1,-1,-1,-1
138,4,601.4564819335938,172.7929229736328,28.35284423828125,73.08924865722656,-1,-1,-1,-1
139,4,603.393310546875,171.32662963867188,29.31854248046875,73.32095336914062,-1,-1,-1,-1
140,4,603.7943115234375,171.1230926513672,29.69671630859375,72.70187377929688,-1,-1,-1,-1
141,4,604.6427612304688,169.998779296875,29.45977783203125,73.27915954589844,-1,-1,-1,-1
142,4,605.446533203125,169.112060546875,29.0611572265625,73.77491760253906,-1,-1,-1,-1
143,4,606.525634765625,168.392822265625,28.8658447265625,73.3040771484375,-1,-1,-1,-1
144,4,607.0833129882812,167.81369018554688,28.82159423828125,73.41279602050781,-1,-1,-1,-1
145,4,607.6466674804688,168.6967315673828,29.69744873046875,72.26736450195312,-1,-1,-1,-1
146,4,608.0089111328125,169.1341552734375,30.12139892578125,71.91084289550781,-1,-1,-1,-1
147,4,608.7889404296875,169.3410186767578,29.90185546875,71.30064392089844,-1,-1,-1,-1
148,4,609.4100341796875,168.85960388183594,29.959228515625,72.32839965820312,-1,-1,-1,-1
149,4,609.9756469726562,167.65989685058594,29.71356201171875,72.6927490234375,-1,-1,-1,-1
150,4,610.1895751953125,166.91110229492188,30.15509033203125,72.22825622558594,-1,-1,-1,-1
151,4,610.4510498046875,164.5050811767578,30.845458984375,71.24192810058594,-1,-1,-1,-1
152,4,610.5945434570312,163.71600341796875,32.11328125,72.36012268066406,-1,-1,-1,-1
153,4,611.5252685546875,162.35174560546875,31.35321044921875,73.04457092285156,-1,-1,-1,-1
154,4,612.4962158203125,162.32977294921875,30.4442138671875,72.80975341796875,-1,-1,-1,-1
155,4,613.8467407226562,162.85897827148438,29.80059814453125,71.82666015625,-1,-1,-1,-1
156,4,614.636962890625,163.0135040283203,29.802490234375,71.57588195800781,-1,-1,-1,-1
157,4,616.1492919921875,163.832275390625,29.45709228515625,70.47293090820312,-1,-1,-1,-1
158,4,616.8895263671875,164.0214080810547,29.27545166015625,69.59416198730469,-1,-1,-1,-1
159,4,617.6910400390625,163.4438934326172,29.5601806640625,69.90609741210938,-1,-1,-1,-1
160,4,618.403564453125,163.2648468017578,29.8319091796875,69.15281677246094,-1,-1,-1,-1
161,4,620.3443603515625,162.09161376953125,30.2659912109375,68.49740600585938,-1,-1,-1,-1
162,4,620.9425659179688,161.34283447265625,31.66021728515625,69.64700317382812,-1,-1,-1,-1
163,4,622.5719604492188,159.993896484375,31.78192138671875,70.23796081542969,-1,-1,-1,-1
164,4,623.6112670898438,158.78916931152344,31.183837890625,71.18344116210938,-1,-1,-1,-1
165,4,624.722900390625,158.343994140625,30.77630615234375,70.82203674316406,-1,-1,-1,-1
166,4,625.5038452148438,158.6754150390625,30.82275390625,69.67774963378906,-1,-1,-1,-1
167,4,626.5833740234375,159.6697540283203,30.12579345703125,67.94696044921875,-1,-1,-1,-1
168,4,627.31884765625,160.11485290527344,30.1416015625,67.21810913085938,-1,-1,-1,-1
169,4,628.0740966796875,159.91600036621094,30.33392333984375,67.68154907226562,-1,-1,-1,-1
170,4,628.6122436523438,159.6080322265625,30.13690185546875,67.42689514160156,-1,-1,-1,-1
171,4,629.4830322265625,158.16485595703125,29.681640625,67.86117553710938,-1,-1,-1,-1
172,4,630.0220336914062,157.22640991210938,29.673583984375,68.40150451660156,-1,-1,-1,-1
173,4,630.2037353515625,155.26475524902344,30.67437744140625,70.33757019042969,-1,-1,-1,-1
174,4,630.634033203125,154.09661865234375,30.82672119140625,71.63607788085938,-1,-1,-1,-1
175,4,631.486572265625,153.607666015625,30.37786865234375,71.34579467773438,-1,-1,-1,-1
176,4,632.2427978515625,153.45864868164062,29.844970703125,70.70039367675781,-1,-1,-1,-1
177,4,633.5464477539062,153.67147827148438,29.8956298828125,70.24928283691406,-1,-1,-1,-1
178,4,634.4466552734375,154.00852966308594,29.7125244140625,70.0623779296875,-1,-1,-1,-1
179,4,635.4375,154.53407287597656,29.632568359375,69.17562866210938,-1,-1,-1,-1
180,4,636.1985473632812,154.37550354003906,29.3756103515625,69.16035461425781,-1,-1,-1,-1
181,4,637.1124267578125,153.2811279296875,29.534912109375,69.73274230957031,-1,-1,-1,-1
182,4,637.6161499023438,153.48135375976562,30.20733642578125,68.80308532714844,-1,-1,-1,-1
183,4,638.7144165039062,152.9115753173828,30.8564453125,68.39776611328125,-1,-1,-1,-1
64,5,10.246583938598633,403.4322509765625,34.85946083068848,78.5677490234375,-1,-1,-1,-1
65,5,18.994781494140625,403.6817626953125,28.595718383789062,78.3182373046875,-1,-1,-1,-1
66,5,17.891136169433594,404.7229919433594,32.61602783203125,77.27700805664062,-1,-1,-1,-1
67,5,26.70923614501953,402.60491943359375,28.125244140625,79.39508056640625,-1,-1,-1,-1
68,5,25.602354049682617,401.4614562988281,32.7108211517334,80.53854370117188,-1,-1,-1,-1
69,5,29.45193099975586,401.133544921875,33.14028549194336,80.866455078125,-1,-1,-1,-1
70,5,32.51140785217285,398.766845703125,32.946176528930664,83.233154296875,-1,-1,-1,-1
71,5,33.41757583618164,396.744873046875,33.92307662963867,83.88372802734375,-1,-1,-1,-1
72,5,37.40712356567383,395.4578552246094,32.15877151489258,78.177734375,-1,-1,-1,-1
73,5,40.45941925048828,394.9781799316406,32.02130126953125,76.38348388671875,-1,-1,-1,-1
74,5,41.774803161621094,395.0423889160156,33.118751525878906,75.6827392578125,-1,-1,-1,-1
75,5,45.332984924316406,395.5633239746094,34.916290283203125,86.43667602539062,-1,-1,-1,-1
76,5,48.26349639892578,395.0721740722656,33.467620849609375,86.92782592773438,-1,-1,-1,-1
77,5,53.97943115234375,394.7238464355469,30.521560668945312,87.27615356445312,-1,-1,-1,-1
78,5,53.89362335205078,393.9103698730469,31.212448120117188,86.39593505859375,-1,-1,-1,-1
79,5,55.99049758911133,391.549072265625,32.3760871887207,87.20663452148438,-1,-1,-1,-1
80,5,56.69694900512695,391.2504577636719,32.708492279052734,85.72613525390625,-1,-1,-1,-1
81,5,60.76380920410156,388.8541259765625,32.53831481933594,89.86819458007812,-1,-1,-1,-1
82,5,62.1900520324707,388.07427978515625,32.264217376708984,93.39401245117188,-1,-1,-1,-1
83,5,66.7293701171875,385.8908386230469,32.9498291015625,96.10916137695312,-1,-1,-1,-1
84,5,70.34119415283203,385.021728515625,31.592620849609375,95.79855346679688,-1,-1,-1,-1
85,5,74.3782958984375,383.36688232421875,37.7657470703125,98.63311767578125,-1,-1,-1,-1
86,5,76.82902526855469,384.7992858886719,39.56104278564453,97.20071411132812,-1,-1,-1,-1
87,5,83.51226806640625,387.3080139160156,33.840431213378906,93.85873413085938,-1,-1,-1,-1
88,5,83.82101440429688,386.479736328125,33.9263916015625,93.95187377929688,-1,-1,-1,-1
89,5,81.418701171875,384.29522705078125,39.18098449707031,97.70477294921875,-1,-1,-1,-1
90,5,83.50286102294922,383.1819152832031,37.69135284423828,98.81808471679688,-1,-1,-1,-1
91,5,88.03170776367188,380.87677001953125,37.994102478027344,99.87432861328125,-1,-1,-1,-1
92,5,88.81974792480469,379.5926513671875,38.34705352783203,101.1092529296875,-1,-1,-1,-1
93,5,93.01588439941406,378.5606994628906,37.06452941894531,101.099609375,-1,-1,-1,-1
94,5,95.45511627197266,377.91278076171875,36.04114532470703,100.83377075195312,-1,-1,-1,-1
95,5,97.89611053466797,376.6756286621094,36.028465270996094,100.92059326171875,-1,-1,-1,-1
96,5,99.66497802734375,376.2055358886719,36.22383117675781,100.3372802734375,-1,-1,-1,-1
97,5,106.13690185546875,376.923583984375,36.61470031738281,100.80795288085938,-1,-1,-1,-1
98,5,107.03966522216797,376.900390625,36.62407684326172,100.65081787109375,-1,-1,-1,-1
99,5,110.16104888916016,375.40447998046875,36.12091827392578,99.06982421875,-1,-1,-1,-1
100,5,110.94974517822266,375.1061706542969,36.56769561767578,98.42257690429688,-1,-1,-1,-1
101,5,112.5444107055664,373.81597900390625,38.17461395263672,99.89840698242188,-1,-1,-1,-1
102,5,115.66873168945312,373.45391845703125,36.89198303222656,99.00552368164062,-1,-1,-1,-1
103,5,119.67841339111328,371.01727294921875,35.94499969482422,99.47201538085938,-1,-1,-1,-1
104,5,121.19746398925781,369.6357116699219,35.42314147949219,100.47027587890625,-1,-1,-1,-1
105,5,126.056884765625,367.5968322753906,35.60279846191406,102.51556396484375,-1,-1,-1,-1
106,5,128.22899627685547,367.314697265625,36.04322052001953,102.29995727539062,-1,-1,-1,-1
107,5,132.37718200683594,367.2677001953125,37.965179443359375,102.30361938476562,-1,-1,-1,-1
108,5,133.16249084472656,368.3648376464844,40.4569091796875,101.02810668945312,-1,-1,-1,-1
109,5,133.11929321289062,368.0787353515625,44.598602294921875,100.99771118164062,-1,-1,-1,-1
110,5,134.86053466796875,368.6796875,43.14341735839844,99.38943481445312,-1,-1,-1,-1
111,5,136.1882781982422,367.9756774902344,44.08287048339844,98.44375610351562,-1,-1,-1,-1
112,5,138.21090698242188,367.4539794921875,43.18267822265625,97.72406005859375,-1,-1,-1,-1
113,5,146.18734741210938,364.3199462890625,39.784027099609375,98.53726196289062,-1,-1,-1,-1
114,5,149.09268188476562,362.841552734375,38.1844482421875,99.66287231445312,-1,-1,-1,-1
115,5,154.1665802001953,360.0884704589844,36.03437805175781,100.75851440429688,-1,-1,-1,-1
116,5,155.72686767578125,359.7171325683594,35.23857116699219,100.59194946289062,-1,-1,-1,-1
117,5,159.37152099609375,359.10919189453125,34.740325927734375,101.3388671875,-1,-1,-1,-1
118,5,160.9532470703125,358.9233093261719,34.73521423339844,101.6497802734375,-1,-1,-1,-1
119,5,164.11277770996094,358.9665832519531,35.308685302734375,101.13137817382812,-1,-1,-1,-1
120,5,165.14938354492188,359.4872741699219,35.089080810546875,100.25100708007812,-1,-1,-1,-1
121,5,168.19476318359375,358.226318359375,35.94297790527344,99.81024169921875,-1,-1,-1,-1
122,5,169.518310546875,358.0238952636719,35.60481262207031,98.62701416015625,-1,-1,-1,-1
123,5,172.4694366455078,356.9274597167969,35.3634033203125,98.089111328125,-1,-1,-1,-1
124,5,174.1500701904297,356.4138488769531,35.11712646484375,97.41888427734375,-1,-1,-1,-1
125,5,177.63661193847656,354.0959777832031,35.05055236816406,96.82290649414062,-1,-1,-1,-1
126,5,178.63674926757812,353.8094482421875,34.56221008300781,96.61489868164062,-1,-1,-1,-1
127,5,181.99159240722656,351.8739318847656,35.40522766113281,98.79547119140625,-1,-1,-1,-1
128,5,183.49632263183594,351.8353576660156,35.856536865234375,98.51290893554688,-1,-1,-1,-1
129,5,187.00070190429688,351.6915283203125,39.01591491699219,97.86074829101562,-1,-1,-1,-1
130,5,188.0388946533203,352.0821533203125,38.813873291015625,97.109130859375,-1,-1,-1,-1
131,5,190.4749298095703,353.21435546875,41.040557861328125,95.83584594726562,-1,-1,-1,-1
132,5,191.19015502929688,353.4407958984375,40.77183532714844,94.58001708984375,-1,-1,-1,-1
133,5,192.2900848388672,352.0645751953125,41.43060302734375,95.34780883789062,-1,-1,-1,-1
134,5,195.43251037597656,351.30047607421875,39.389892578125,94.7613525390625,-1,-1,-1,-1
135,5,201.68675231933594,348.8739013671875,36.96147155761719,94.75161743164062,-1,-1,-1,-1
136,5,203.0392303466797,348.0567932128906,36.43818664550781,94.7652587890625,-1,-1,-1,-1
137,5,206.2816925048828,345.23919677734375,35.27577209472656,96.35775756835938,-1,-1,-1,-1
138,5,208.50599670410156,343.01934814453125,34.75608825683594,97.863525390625,-1,-1,-1,-1
139,5,211.45516967773438,342.557373046875,34.47941589355469,98.31369018554688,-1,-1,-1,-1
140,5,212.94081115722656,343.0407409667969,33.95210266113281,97.36480712890625,-1,-1,-1,-1
141,5,215.83108520507812,343.8214111328125,34.198150634765625,96.1766357421875,-1,-1,-1,-1
142,5,216.982177734375,343.7205810546875,34.78804016113281,96.11282348632812,-1,-1,-1,-1
143,5,219.68179321289062,343.02276611328125,35.10072326660156,95.69781494140625,-1,-1,-1,-1
144,5,221.2047119140625,343.05743408203125,34.55580139160156,94.64804077148438,-1,-1,-1,-1
145,5,225.32554626464844,340.2787780761719,34.05448913574219,95.5238037109375,-1,-1,-1,-1
146,5,226.43170166015625,339.61993408203125,33.885528564453125,94.94451904296875,-1,-1,-1,-1
147,5,228.72183227539062,337.8808898925781,33.975555419921875,95.0726318359375,-1,-1,-1,-1
148,5,229.6210479736328,337.55584716796875,34.06657409667969,94.93011474609375,-1,-1,-1,-1
149,5,232.23397827148438,336.5538635253906,34.768707275390625,95.31500244140625,-1,-1,-1,-1
150,5,233.6143035888672,336.5775451660156,35.15144348144531,94.99771118164062,-1,-1,-1,-1
151,5,236.0682830810547,336.6966552734375,37.63066101074219,94.589599609375,-1,-1,-1,-1
152,5,238.2875518798828,337.2536926269531,35.67948913574219,93.46115112304688,-1,-1,-1,-1
153,5,240.4932861328125,336.81280517578125,35.967498779296875,93.31878662109375,-1,-1,-1,-1
154,5,241.5591583251953,336.44073486328125,36.80033874511719,92.41351318359375,-1,-1,-1,-1
155,5,242.7255401611328,335.5748291015625,37.67219543457031,92.88034057617188,-1,-1,-1,-1
156,5,246.98704528808594,334.3682861328125,36.07728576660156,92.2216796875,-1,-1,-1,-1
157,5,249.47848510742188,332.16632080078125,36.061859130859375,93.14923095703125,-1,-1,-1,-1
158,5,250.4717254638672,331.69195556640625,35.83955383300781,92.4237060546875,-1,-1,-1,-1
159,5,253.9204864501953,330.50897216796875,34.00141906738281,92.11679077148438,-1,-1,-1,-1
160,5,255.07080078125,328.93731689453125,34.927001953125,93.771728515625,-1,-1,-1,-1
161,5,257.8643493652344,328.3484191894531,35.42926025390625,94.56625366210938,-1,-1,-1,-1
162,5,259.3284912109375,328.72027587890625,34.825347900390625,93.725341796875,-1,-1,-1,-1
163,5,262.3039245605469,328.8642578125,33.91650390625,92.96701049804688,-1,-1,-1,-1
164,5,263.7894592285156,329.42236328125,33.267852783203125,91.97048950195312,-1,-1,-1,-1
165,5,266.1275329589844,327.9111022949219,33.62310791015625,92.74624633789062,-1,-1,-1,-1
166,5,267.33905029296875,327.47705078125,33.3133544921875,92.27847290039062,-1,-1,-1,-1
167,5,271.1318664550781,324.9715270996094,33.09783935546875,92.992919921875,-1,-1,-1,-1
168,5,272.41400146484375,324.54217529296875,32.768707275390625,92.15744018554688,-1,-1,-1,-1
169,5,274.1160583496094,322.1407470703125,33.588623046875,93.62289428710938,-1,-1,-1,-1
170,5,275.4162292480469,321.1507568359375,33.6973876953125,93.90341186523438,-1,-1,-1,-1
171,5,279.0893249511719,320.5789794921875,33.0478515625,93.49734497070312,-1,-1,-1,-1
172,5,280.23876953125,320.46612548828125,33.802398681640625,93.22048950195312,-1,-1,-1,-1
173,5,282.3904113769531,320.3077392578125,36.396087646484375,92.86038208007812,-1,-1,-1,-1
174,5,283.39215087890625,320.3731994628906,37.17144775390625,92.26641845703125,-1,-1,-1,-1
175,5,285.41094970703125,320.53985595703125,37.0201416015625,91.46591186523438,-1,-1,-1,-1
176,5,286.51336669921875,320.7788391113281,36.7603759765625,90.36514282226562,-1,-1,-1,-1
177,5,288.17828369140625,320.31805419921875,36.812347412109375,89.1304931640625,-1,-1,-1,-1
178,5,290.8651123046875,319.62396240234375,35.475341796875,89.07058715820312,-1,-1,-1,-1
179,5,294.5966796875,318.2845153808594,34.98944091796875,89.20587158203125,-1,-1,-1,-1
180,5,296.55859375,316.70196533203125,34.4404296875,89.75204467773438,-1,-1,-1,-1
181,5,299.7231140136719,314.6577453613281,33.335174560546875,90.50714111328125,-1,-1,-1,-1
182,5,301.0661926269531,313.43450927734375,33.264862060546875,91.24801635742188,-1,-1,-1,-1
183,5,304.1004943847656,312.48193359375,32.757171630859375,91.85525512695312,-1,-1,-1,-1
184,5,305.4752502441406,312.849853515625,32.0968017578125,90.91555786132812,-1,-1,-1,-1
185,5,308.2337341308594,313.31646728515625,32.921295166015625,90.98226928710938,-1,-1,-1,-1
186,5,309.4273986816406,313.9183654785156,32.5333251953125,89.9207763671875,-1,-1,-1,-1
187,5,311.47723388671875,313.0556640625,32.430633544921875,90.01812744140625,-1,-1,-1,-1
188,5,313.05670166015625,312.6377258300781,32.43841552734375,89.99752807617188,-1,-1,-1,-1
189,5,315.38824462890625,311.4189758300781,33.677093505859375,90.43450927734375,-1,-1,-1,-1
190,5,316.87908935546875,310.7375183105469,33.710052490234375,90.17727661132812,-1,-1,-1,-1
191,5,319.35858154296875,309.63311767578125,33.3563232421875,88.736083984375,-1,-1,-1,-1
192,5,320.57318115234375,308.70147705078125,33.1112060546875,88.53524780273438,-1,-1,-1,-1
193,5,323.98779296875,306.6498107910156,32.985107421875,89.88116455078125,-1,-1,-1,-1
194,5,325.619384765625,306.4454650878906,32.442352294921875,89.99221801757812,-1,-1,-1,-1
195,5,328.1087646484375,306.9867858886719,34.3211669921875,89.61749267578125,-1,-1,-1,-1
196,5,329.0525817871094,307.4922790527344,34.510345458984375,88.8111572265625,-1,-1,-1,-1
197,5,330.6225891113281,307.7178649902344,34.7906494140625,87.81338500976562,-1,-1,-1,-1
198,5,331.8515930175781,307.9612121582031,34.32586669921875,86.92559814453125,-1,-1,-1,-1
199,5,334.24774169921875,306.36578369140625,34.342926025390625,87.76248168945312,-1,-1,-1,-1
200,5,335.6623229980469,305.04058837890625,34.622100830078125,88.52435302734375,-1,-1,-1,-1
101,6,603.08251953125,93.00361633300781,13.35455322265625,34.512290954589844,-1,-1,-1,-1
102,6,602.89697265625,91.94654846191406,13.53594970703125,34.985069274902344,-1,-1,-1,-1
103,6,602.295654296875,88.9443359375,13.61822509765625,37.27289581298828,-1,-1,-1,-1
107,6,598.4072265625,89.58705139160156,14.4263916015625,39.041404724121094,-1,-1,-1,-1
108,6,597.7434692382812,88.5228042602539,15.324951171875,40.021812438964844,-1,-1,-1,-1
110,6,599.2548217773438,92.28546142578125,14.2911376953125,37.240325927734375,-1,-1,-1,-1
113,6,596.6704711914062,85.55982971191406,16.27264404296875,44.54083251953125,-1,-1,-1,-1
115,6,595.3424072265625,86.18338775634766,16.888916015625,44.12268829345703,-1,-1,-1,-1
116,6,595.1499633789062,89.19209289550781,16.69146728515625,41.0706787109375,-1,-1,-1,-1
118,6,594.015625,91.99629974365234,16.37017822265625,41.08147430419922,-1,-1,-1,-1
121,7,16.1245756149292,412.7254333496094,33.91537952423096,69.27456665039062,-1,-1,-1,-1
122,7,17.14653778076172,411.9162292480469,33.4384651184082,70.08377075195312,-1,-1,-1,-1
123,7,19.483421325683594,411.7713623046875,33.2271614074707,70.2286376953125,-1,-1,-1,-1
124,7,20.41297149658203,412.9196472167969,33.19414520263672,69.08035278320312,-1,-1,-1,-1
125,7,22.72803497314453,409.2184143066406,33.9279899597168,72.78158569335938,-1,-1,-1,-1
126,7,24.430139541625977,409.2994689941406,33.95722770690918,72.70053100585938,-1,-1,-1,-1
129,7,32.61933517456055,406.2036437988281,35.13077926635742,75.79635620117188,-1,-1,-1,-1
130,7,32.635183334350586,405.3578186035156,36.18994331359863,76.64218139648438,-1,-1,-1,-1
131,7,34.90705490112305,404.4396057128906,35.861148834228516,77.56039428710938,-1,-1,-1,-1
132,7,35.598209381103516,402.8544921875,36.528385162353516,79.1455078125,-1,-1,-1,-1
133,7,38.125213623046875,402.8569641113281,37.39036560058594,79.14303588867188,-1,-1,-1,-1
134,7,38.82609558105469,402.4158020019531,38.167930603027344,79.58419799804688,-1,-1,-1,-1
135,7,43.01109313964844,402.829833984375,37.70014953613281,79.170166015625,-1,-1,-1,-1
136,7,45.00811767578125,402.13458251953125,36.310943603515625,79.86541748046875,-1,-1,-1,-1
137,7,50.65196990966797,399.11676025390625,36.989601135253906,82.88323974609375,-1,-1,-1,-1
138,7,51.96263885498047,399.4281005859375,36.817901611328125,82.5718994140625,-1,-1,-1,-1
139,7,56.22258377075195,396.8092346191406,36.0645866394043,85.19076538085938,-1,-1,-1,-1
140,7,58.29627990722656,396.2450256347656,35.751220703125,85.75497436523438,-1,-1,-1,-1
141,7,60.735897064208984,394.9259338378906,35.935245513916016,87.07406616210938,-1,-1,-1,-1
142,7,61.72755813598633,392.76416015625,36.20649337768555,89.23583984375,-1,-1,-1,-1
143,7,64.12585067749023,392.405029296875,37.29582595825195,89.594970703125,-1,-1,-1,-1
144,7,65.48406982421875,392.6468811035156,37.65861511230469,89.35311889648438,-1,-1,-1,-1
145,7,69.89128875732422,394.0733337402344,36.85395050048828,87.92666625976562,-1,-1,-1,-1
146,7,72.2813949584961,394.2525939941406,36.61528778076172,87.74740600585938,-1,-1,-1,-1
147,7,73.85530090332031,392.6554260253906,37.31792449951172,89.34457397460938,-1,-1,-1,-1
148,7,74.6450424194336,391.9640808105469,38.51909637451172,90.03591918945312,-1,-1,-1,-1
149,7,76.97918701171875,391.8829650878906,36.87982940673828,90.11703491210938,-1,-1,-1,-1
150,7,77.11821746826172,390.5822448730469,38.24030303955078,91.41775512695312,-1,-1,-1,-1
151,7,79.3539810180664,389.9378662109375,38.01951599121094,92.0621337890625,-1,-1,-1,-1
152,7,81.46984100341797,389.5570373535156,36.871238708496094,92.44296264648438,-1,-1,-1,-1
153,7,85.14270782470703,388.1243591308594,36.52099609375,93.87564086914062,-1,-1,-1,-1
154,7,86.53656768798828,387.12176513671875,36.876258850097656,94.87823486328125,-1,-1,-1,-1
155,7,89.52332305908203,386.6136779785156,40.19940185546875,95.38632202148438,-1,-1,-1,-1
156,7,90.81075286865234,386.7355041503906,41.30951690673828,95.26449584960938,-1,-1,-1,-1
157,7,93.3746337890625,386.2215576171875,45.84526062011719,95.7784423828125,-1,-1,-1,-1
158,7,94.33409118652344,385.956787109375,47.133514404296875,96.043212890625,-1,-1,-1,-1
159,7,96.83564758300781,386.6235656738281,46.45318603515625,95.37643432617188,-1,-1,-1,-1
160,7,97.92085266113281,386.6280822753906,45.82286071777344,95.37191772460938,-1,-1,-1,-1
161,7,97.8025131225586,385.2116394042969,46.22327423095703,96.78836059570312,-1,-1,-1,-1
162,7,99.33789825439453,383.4263916015625,45.527366638183594,98.5736083984375,-1,-1,-1,-1
163,7,107.41148376464844,381.02557373046875,39.19232177734375,100.97442626953125,-1,-1,-1,-1
164,7,108.98157501220703,380.250244140625,38.40703582763672,101.749755859375,-1,-1,-1,-1
165,7,115.13336944580078,378.8374938964844,35.360572814941406,102.17581176757812,-1,-1,-1,-1
166,7,116.0489273071289,378.6785583496094,34.986549377441406,102.32403564453125,-1,-1,-1,-1
167,7,119.2471694946289,378.6203918457031,35.01030731201172,103.01809692382812,-1,-1,-1,-1
168,7,120.52764129638672,378.6674499511719,34.64134979248047,102.36712646484375,-1,-1,-1,-1
169,7,124.09253692626953,378.29302978515625,35.64788055419922,101.94570922851562,-1,-1,-1,-1
170,7,125.03592681884766,379.1242370605469,35.810768127441406,100.3134765625,-1,-1,-1,-1
171,7,127.26606750488281,378.5641174316406,35.745025634765625,100.43301391601562,-1,-1,-1,-1
172,7,128.04593658447266,378.2230224609375,35.605491638183594,100.40496826171875,-1,-1,-1,-1
173,7,129.6027069091797,376.79547119140625,35.77455139160156,101.13327026367188,-1,-1,-1,-1
174,7,130.89889526367188,375.8274230957031,35.50407409667969,101.27581787109375,-1,-1,-1,-1
175,7,133.55860900878906,374.8372802734375,35.45710754394531,100.47198486328125,-1,-1,-1,-1
176,7,134.79490661621094,373.49658203125,35.40113830566406,100.507080078125,-1,-1,-1,-1
177,7,137.42959594726562,372.2795715332031,35.94392395019531,100.72906494140625,-1,-1,-1,-1
178,7,138.59840393066406,371.8194580078125,36.177337646484375,100.93597412109375,-1,-1,-1,-1
179,7,142.21083068847656,370.4383239746094,38.4388427734375,102.22900390625,-1,-1,-1,-1
180,7,143.4623565673828,370.6964416503906,40.09843444824219,101.64422607421875,-1,-1,-1,-1
181,7,144.75335693359375,370.09503173828125,42.08470153808594,101.68142700195312,-1,-1,-1,-1
182,7,145.49273681640625,370.2222900390625,42.56982421875,100.89700317382812,-1,-1,-1,-1
183,7,147.42568969726562,369.9953918457031,42.032958984375,100.2933349609375,-1,-1,-1,-1
184,7,148.3294677734375,369.720947265625,42.07597351074219,99.86642456054688,-1,-1,-1,-1
185,7,150.75045776367188,368.8175964355469,40.91966247558594,99.60260009765625,-1,-1,-1,-1
186,7,152.5107421875,367.46929931640625,40.03778076171875,100.43008422851562,-1,-1,-1,-1
187,7,158.6944580078125,366.3236999511719,36.52972412109375,98.99569702148438,-1,-1,-1,-1
188,7,160.1952362060547,365.1708679199219,35.91209411621094,99.68499755859375,-1,-1,-1,-1
189,7,164.90016174316406,364.54864501953125,35.516845703125,100.009521484375,-1,-1,-1,-1
190,7,165.89205932617188,364.3410339355469,35.56068420410156,99.51409912109375,-1,-1,-1,-1
191,7,167.82403564453125,363.7849426269531,35.34234619140625,99.84054565429688,-1,-1,-1,-1
192,7,169.0312042236328,363.6516418457031,35.40742492675781,99.77639770507812,-1,-1,-1,-1
193,7,170.83863830566406,363.63726806640625,35.94334411621094,99.43936157226562,-1,-1,-1,-1
194,7,172.10470581054688,363.32861328125,35.34901428222656,99.95816040039062,-1,-1,-1,-1
195,7,173.6095428466797,362.1826171875,34.762298583984375,100.6361083984375,-1,-1,-1,-1
196,7,174.550537109375,361.81414794921875,34.207977294921875,100.8170166015625,-1,-1,-1,-1
197,7,176.0759735107422,360.7088623046875,33.770965576171875,100.61782836914062,-1,-1,-1,-1
198,7,177.37953186035156,359.714599609375,33.97569274902344,100.17727661132812,-1,-1,-1,-1
199,7,179.298583984375,357.8226318359375,33.86289978027344,100.54403686523438,-1,-1,-1,-1
200,7,180.4301300048828,357.442138671875,33.73358154296875,100.16506958007812,-1,-1,-1,-1
140,8,579.9487915039062,92.4842300415039,17.80206298828125,47.25109100341797,-1,-1,-1,-1
141,8,579.9437866210938,94.48860168457031,16.428955078125,44.784698486328125,-1,-1,-1,-1
145,8,576.5372314453125,86.06280517578125,18.3656005859375,55.23797607421875,-1,-1,-1,-1
146,8,575.5740356445312,85.3840103149414,18.79705810546875,56.360557556152344,-1,-1,-1,-1
147,8,576.2256469726562,85.38203430175781,18.98785400390625,56.198150634765625,-1,-1,-1,-1
148,8,575.8425903320312,86.68208312988281,18.5343017578125,54.948699951171875,-1,-1,-1,-1
150,8,574.2520751953125,85.47863006591797,19.441162109375,56.063743591308594,-1,-1,-1,-1
152,8,572.6935424804688,84.86754608154297,21.058837890625,57.26685333251953,-1,-1,-1,-1
153,8,570.1041259765625,85.3204345703125,22.474853515625,57.81321716308594,-1,-1,-1,-1
154,8,570.0225219726562,85.35570526123047,23.30029296875,57.757164001464844,-1,-1,-1,-1
155,8,569.413330078125,86.37034606933594,23.2769775390625,58.65003967285156,-1,-1,-1,-1
156,8,569.2335815429688,86.813720703125,23.57684326171875,57.411407470703125,-1,-1,-1,-1
157,8,568.6777954101562,86.89418029785156,24.08868408203125,57.75160217285156,-1,-1,-1,-1
158,8,567.20947265625,82.82880401611328,25.31524658203125,61.944053649902344,-1,-1,-1,-1
159,8,566.3325805664062,78.45118713378906,26.915283203125,66.01048278808594,-1,-1,-1,-1
160,8,566.4746704101562,81.33426666259766,25.86785888671875,63.91027069091797,-1,-1,-1,-1
161,8,565.7294921875,73.96028900146484,26.95159912109375,70.70806121826172,-1,-1,-1,-1
162,8,565.81884765625,77.1200942993164,26.247802734375,67.83304595947266,-1,-1,-1,-1
163,8,565.9085693359375,80.71867370605469,23.802734375,66.33308410644531,-1,-1,-1,-1
164,8,564.619140625,77.49661254882812,24.87109375,69.5311279296875,-1,-1,-1,-1
165,8,565.0446166992188,84.27120971679688,22.87103271484375,62.51849365234375,-1,-1,-1,-1
166,8,565.10888671875,89.24115753173828,20.623046875,57.93840789794922,-1,-1,-1,-1
167,8,564.8590087890625,92.3497314453125,20.569580078125,55.41912841796875,-1,-1,-1,-1
168,8,564.3377075195312,91.07259368896484,20.88262939453125,57.192283630371094,-1,-1,-1,-1
169,8,563.5559692382812,93.10067749023438,20.47802734375,54.890289306640625,-1,-1,-1,-1
170,8,563.365234375,93.64266967773438,20.52996826171875,54.206634521484375,-1,-1,-1,-1
171,8,562.7785034179688,93.16190338134766,21.09881591796875,55.18939971923828,-1,-1,-1,-1
172,8,562.7196044921875,94.59359741210938,20.6549072265625,53.490692138671875,-1,-1,-1,-1
173,8,561.4583129882812,95.44186401367188,21.5921630859375,53.522979736328125,-1,-1,-1,-1
174,8,560.5632934570312,95.04252624511719,22.46087646484375,54.973052978515625,-1,-1,-1,-1
175,8,559.7918090820312,95.83992767333984,22.3958740234375,54.133811950683594,-1,-1,-1,-1
176,8,559.2147827148438,95.90675354003906,22.65325927734375,54.509613037109375,-1,-1,-1,-1
177,8,558.884521484375,96.26541137695312,22.7978515625,54.40916442871094,-1,-1,-1,-1
178,8,558.2794189453125,96.96641540527344,23.08953857421875,54.01275634765625,-1,-1,-1,-1
179,8,558.0348510742188,96.60872650146484,22.9678955078125,54.64946746826172,-1,-1,-1,-1
180,8,557.3120727539062,96.28874969482422,22.74163818359375,55.24164581298828,-1,-1,-1,-1
181,8,556.3788452148438,96.58098602294922,22.705078125,55.86127471923828,-1,-1,-1,-1
182,8,556.1298217773438,96.93639373779297,22.85174560546875,55.74646759033203,-1,-1,-1,-1
183,8,554.7190551757812,97.17153930664062,23.92041015625,56.39811706542969,-1,-1,-1,-1
184,8,554.2073364257812,98.07568359375,24.15716552734375,55.775421142578125,-1,-1,-1,-1
185,8,553.8458251953125,100.26451873779297,23.89215087890625,53.421958923339844,-1,-1,-1,-1
186,8,553.1447143554688,100.76363372802734,23.861572265625,53.37671661376953,-1,-1,-1,-1
187,8,552.4332885742188,100.71424102783203,23.55047607421875,53.11951446533203,-1,-1,-1,-1
188,8,551.7557373046875,100.89310455322266,23.22637939453125,52.994667053222656,-1,-1,-1,-1
189,8,550.3125610351562,100.89937591552734,23.9310302734375,53.482261657714844,-1,-1,-1,-1
190,8,549.873779296875,101.25440216064453,24.09967041015625,53.480796813964844,-1,-1,-1,-1
191,8,548.48095703125,101.95679473876953,24.6868896484375,53.62310028076172,-1,-1,-1,-1
192,8,547.7865600585938,102.72122955322266,24.561279296875,53.44373321533203,-1,-1,-1,-1
193,8,547.7190551757812,103.8364486694336,23.858642578125,52.55815887451172,-1,-1,-1,-1
194,8,547.495849609375,104.32113647460938,23.61676025390625,52.24072265625,-1,-1,-1,-1
195,8,547.0198364257812,104.53759765625,23.345703125,52.08502197265625,-1,-1,-1,-1
196,8,546.6404418945312,104.51123046875,23.3853759765625,52.40025329589844,-1,-1,-1,-1
197,8,545.9193115234375,103.33362579345703,23.92498779296875,53.509376525878906,-1,-1,-1,-1
198,8,545.5818481445312,103.03001403808594,23.96563720703125,54.11869812011719,-1,-1,-1,-1
199,8,544.6802368164062,102.98248291015625,23.88739013671875,54.395965576171875,-1,-1,-1,-1
200,8,543.4830322265625,101.97728729248047,24.20941162109375,56.089988708496094,-1,-1,-1,-1
