1,1,471.2232360839844,197.20651245117188,29.0076904296875,82.9910888671875,-1,-1,-1,-1
2,1,470.4054260253906,199.35899353027344,29.464111328125,79.98002624511719,-1,-1,-1,-1
3,1,468.1610412597656,198.2774200439453,31.24249267578125,82.21104431152344,-1,-1,-1,-1
4,1,466.7982482910156,198.08494567871094,32.049560546875,83.53849792480469,-1,-1,-1,-1
5,1,466.7773742675781,206.7190704345703,30.213897705078125,76.74031066894531,-1,-1,-1,-1
6,1,467.7459411621094,208.04872131347656,27.99163818359375,75.16093444824219,-1,-1,-1,-1
7,1,467.7904968261719,210.04632568359375,26.76617431640625,75.41549682617188,-1,-1,-1,-1
8,1,467.8149108886719,211.25584411621094,26.172027587890625,75.25453186035156,-1,-1,-1,-1
9,1,467.29541015625,212.5125274658203,25.914276123046875,74.30628967285156,-1,-1,-1,-1
10,1,467.0643005371094,212.1380157470703,26.015289306640625,74.87846374511719,-1,-1,-1,-1
11,1,466.4538269042969,211.60989379882812,25.846832275390625,75.59674072265625,-1,-1,-1,-1
12,1,465.93475341796875,211.98497009277344,25.413238525390625,75.91130065917969,-1,-1,-1,-1
13,1,465.181396484375,212.92845153808594,25.3782958984375,74.31364440917969,-1,-1,-1,-1
14,1,463.4624328613281,213.77105712890625,26.04888916015625,74.70266723632812,-1,-1,-1,-1
15,1,459.2909240722656,215.4700469970703,28.679107666015625,75.54313659667969,-1,-1,-1,-1
16,1,458.9874572753906,215.85562133789062,28.1700439453125,75.1505126953125,-1,-1,-1,-1
17,1,458.52587890625,216.7117462158203,27.644256591796875,74.62388610839844,-1,-1,-1,-1
18,1,457.5894775390625,217.6573028564453,27.794342041015625,74.71012878417969,-1,-1,-1,-1
19,1,456.5215148925781,218.30162048339844,27.015716552734375,74.49778747558594,-1,-1,-1,-1
20,1,455.9742126464844,218.2832489013672,26.6962890625,75.02217102050781,-1,-1,-1,-1
21,1,454.56256103515625,218.19081115722656,26.7735595703125,75.35273742675781,-1,-1,-1,-1
22,1,453.994384765625,218.19479370117188,26.758453369140625,75.506591796875,-1,-1,-1,-1
23,1,452.0586853027344,218.60736083984375,28.31298828125,75.60311889648438,-1,-1,-1,-1
24,1,450.51031494140625,219.30638122558594,29.538818359375,76.43418884277344,-1,-1,-1,-1
25,1,449.08026123046875,220.242919921875,30.122039794921875,76.22665405273438,-1,-1,-1,-1
26,1,448.8242492675781,220.91453552246094,29.7984619140625,75.83106994628906,-1,-1,-1,-1
27,1,448.94769287109375,222.3112030029297,28.520843505859375,75.00123596191406,-1,-1,-1,-1
28,1,448.7037353515625,223.06565856933594,28.159088134765625,75.03291320800781,-1,-1,-1,-1
29,1,448.15020751953125,224.00270080566406,27.7894287109375,75.84886169433594,-1,-1,-1,-1
30,1,447.48486328125,224.42112731933594,27.663543701171875,75.68293762207031,-1,-1,-1,-1
31,1,447.1234436035156,224.3559112548828,27.49859619140625,76.00300598144531,-1,-1,-1,-1
32,1,446.643798828125,224.0965576171875,27.434417724609375,76.53451538085938,-1,-1,-1,-1
33,1,446.3785095214844,224.4134063720703,26.28680419921875,75.00144958496094,-1,-1,-1,-1
34,1,445.4431457519531,224.64334106445312,26.697235107421875,75.78317260742188,-1,-1,-1,-1
35,1,442.4192199707031,225.6667022705078,28.655517578125,76.35139465332031,-1,-1,-1,-1
36,1,441.7302551269531,226.53939819335938,28.680938720703125,76.12210083007812,-1,-1,-1,-1
37,1,439.8667907714844,227.68858337402344,29.42340087890625,76.32841491699219,-1,-1,-1,-1
38,1,439.43682861328125,228.51126098632812,28.90673828125,76.18951416015625,-1,-1,-1,-1
39,1,438.1763000488281,229.4151153564453,28.26873779296875,76.37123107910156,-1,-1,-1,-1
40,1,437.78228759765625,229.35446166992188,27.37451171875,76.62673950195312,-1,-1,-1,-1
41,1,436.8335876464844,228.8016357421875,26.965972900390625,77.45736694335938,-1,-1,-1,-1
42,1,436.0760498046875,228.53799438476562,26.481964111328125,78.04818725585938,-1,-1,-1,-1
43,1,433.3919982910156,228.6532745361328,28.061309814453125,79.02717590332031,-1,-1,-1,-1
44,1,430.5810852050781,228.99337768554688,30.164825439453125,80.08135986328125,-1,-1,-1,-1
45,1,430.0961608886719,230.8928985595703,29.4407958984375,78.63523864746094,-1,-1,-1,-1
46,1,429.50274658203125,232.51596069335938,29.040557861328125,77.25100708007812,-1,-1,-1,-1
47,1,428.9104919433594,234.27713012695312,28.3585205078125,76.212158203125,-1,-1,-1,-1
48,1,428.40582275390625,234.8540496826172,27.7454833984375,76.33607482910156,-1,-1,-1,-1
49,1,428.101318359375,235.3874969482422,27.232513427734375,76.19465637207031,-1,-1,-1,-1
50,1,427.74310302734375,235.6508331298828,26.957977294921875,76.48310852050781,-1,-1,-1,-1
51,1,427.2206726074219,235.63877868652344,26.6744384765625,77.45018005371094,-1,-1,-1,-1
52,1,426.4001159667969,235.80393981933594,26.72589111328125,78.01103210449219,-1,-1,-1,-1
53,1,425.4268493652344,236.1278533935547,26.70904541015625,77.46318054199219,-1,-1,-1,-1
54,1,424.2225341796875,236.56521606445312,27.31231689453125,77.8939208984375,-1,-1,-1,-1
55,1,420.92578125,238.23248291015625,29.35015869140625,77.3812255859375,-1,-1,-1,-1
56,1,420.3962097167969,239.04202270507812,29.35931396484375,76.95120239257812,-1,-1,-1,-1
57,1,419.761962890625,240.2104034423828,29.18902587890625,76.86833190917969,-1,-1,-1,-1
58,1,418.4772644042969,240.9974822998047,29.74615478515625,77.16902160644531,-1,-1,-1,-1
59,1,417.60003662109375,242.20352172851562,28.157928466796875,77.76873779296875,-1,-1,-1,-1
60,1,416.9071350097656,242.61720275878906,26.99627685546875,77.58253479003906,-1,-1,-1,-1
61,1,414.1444091796875,242.36154174804688,27.278717041015625,78.54220581054688,-1,-1,-1,-1
62,1,413.0691223144531,242.42295837402344,27.8233642578125,79.02970886230469,-1,-1,-1,-1
63,1,409.6929626464844,242.7838592529297,29.85235595703125,79.31050109863281,-1,-1,-1,-1
64,1,408.6696472167969,243.17828369140625,30.31146240234375,80.01165771484375,-1,-1,-1,-1
65,1,408.87115478515625,243.95762634277344,29.10638427734375,79.74339294433594,-1,-1,-1,-1
66,1,409.2586975097656,244.70191955566406,27.73150634765625,79.16041564941406,-1,-1,-1,-1
67,1,408.7343444824219,246.19200134277344,27.084320068359375,78.51472473144531,-1,-1,-1,-1
68,1,408.3598937988281,247.22727966308594,26.7530517578125,78.80805969238281,-1,-1,-1,-1
69,1,407.3940124511719,248.23324584960938,26.5992431640625,78.46841430664062,-1,-1,-1,-1
70,1,406.61279296875,248.4727020263672,26.622406005859375,78.63832092285156,-1,-1,-1,-1
71,1,404.5979919433594,248.73988342285156,27.4954833984375,79.30805969238281,-1,-1,-1,-1
72,1,403.7880554199219,248.7964324951172,27.875,79.48854064941406,-1,-1,-1,-1
73,1,402.2748718261719,249.21286010742188,27.538360595703125,78.82723999023438,-1,-1,-1,-1
74,1,401.3672180175781,249.61911010742188,28.01055908203125,79.63095092773438,-1,-1,-1,-1
75,1,399.65106201171875,251.09922790527344,28.612457275390625,79.42427062988281,-1,-1,-1,-1
76,1,398.9123229980469,252.33737182617188,28.35693359375,78.78518676757812,-1,-1,-1,-1
77,1,397.59173583984375,253.4646759033203,29.008026123046875,78.63139343261719,-1,-1,-1,-1
78,1,396.56982421875,254.06800842285156,29.120758056640625,79.03224182128906,-1,-1,-1,-1
79,1,394.1095275878906,255.01991271972656,30.022064208984375,79.09162902832031,-1,-1,-1,-1
80,1,393.2742614746094,255.5386199951172,29.38641357421875,78.20405578613281,-1,-1,-1,-1
81,1,391.8652038574219,255.21849060058594,27.712005615234375,78.49436950683594,-1,-1,-1,-1
82,1,391.1126708984375,254.96218872070312,27.56683349609375,78.14114379882812,-1,-1,-1,-1
83,1,389.10772705078125,255.2068328857422,28.3336181640625,80.90147399902344,-1,-1,-1,-1
84,1,387.7076110839844,255.76914978027344,29.042449951171875,82.62696838378906,-1,-1,-1,-1
85,1,386.1205749511719,257.28448486328125,29.546600341796875,80.88629150390625,-1,-1,-1,-1
86,1,385.7398986816406,258.3479309082031,29.42919921875,79.92636108398438,-1,-1,-1,-1
87,1,385.7392578125,259.7132873535156,28.457611083984375,79.773681640625,-1,-1,-1,-1
88,1,385.1796569824219,260.9587707519531,27.980133056640625,78.93368530273438,-1,-1,-1,-1
89,1,384.3444519042969,261.91705322265625,27.6239013671875,78.62039184570312,-1,-1,-1,-1
90,1,383.2945251464844,262.19970703125,28.178802490234375,78.7037353515625,-1,-1,-1,-1
91,1,381.899169921875,262.4874267578125,28.38385009765625,79.16433715820312,-1,-1,-1,-1
92,1,381.23858642578125,262.7259521484375,27.987396240234375,79.08639526367188,-1,-1,-1,-1
93,1,380.0121154785156,263.10906982421875,28.133453369140625,79.41949462890625,-1,-1,-1,-1
94,1,379.2109069824219,263.5479736328125,28.047393798828125,79.73980712890625,-1,-1,-1,-1
95,1,376.1972961425781,265.71051025390625,28.81365966796875,79.68154907226562,-1,-1,-1,-1
96,1,375.4218444824219,266.7465515136719,29.05694580078125,78.2763671875,-1,-1,-1,-1
97,1,373.29339599609375,268.9189758300781,30.743133544921875,77.824462890625,-1,-1,-1,-1
98,1,372.28265380859375,269.7470703125,30.589324951171875,77.96478271484375,-1,-1,-1,-1
99,1,370.4892578125,270.7357482910156,29.83685302734375,77.237060546875,-1,-1,-1,-1
100,1,370.0535583496094,271.43682861328125,28.7833251953125,76.38400268554688,-1,-1,-1,-1
101,1,368.3398742675781,271.5730895996094,28.24462890625,76.59176635742188,-1,-1,-1,-1
102,1,366.91156005859375,271.8142395019531,29.103118896484375,76.65817260742188,-1,-1,-1,-1
103,1,360.9972229003906,272.8476867675781,32.7684326171875,78.59970092773438,-1,-1,-1,-1
104,1,360.929931640625,273.15374755859375,32.540496826171875,79.04583740234375,-1,-1,-1,-1
105,1,361.8951721191406,274.5176696777344,30.4356689453125,78.70040893554688,-1,-1,-1,-1
106,1,361.6693420410156,275.86004638671875,29.930450439453125,78.22262573242188,-1,-1,-1,-1
107,1,360.9638671875,277.8441467285156,29.547027587890625,78.55776977539062,-1,-1,-1,-1
108,1,360.62347412109375,278.3081359863281,28.798919677734375,78.330810546875,-1,-1,-1,-1
109,1,359.08465576171875,278.46368408203125,29.42779541015625,78.7403564453125,-1,-1,-1,-1
110,1,358.3437805175781,278.2898864746094,29.329498291015625,79.13497924804688,-1,-1,-1,-1
111,1,355.5506896972656,277.5730895996094,30.0877685546875,79.57568359375,-1,-1,-1,-1
112,1,354.94256591796875,277.81170654296875,29.93621826171875,79.06930541992188,-1,-1,-1,-1
113,1,351.05767822265625,278.5044250488281,31.69476318359375,80.70504760742188,-1,-1,-1,-1
114,1,349.06329345703125,278.67108154296875,33.134796142578125,81.20590209960938,-1,-1,-1,-1
115,1,347.72442626953125,279.71185302734375,33.638031005859375,80.68850708007812,-1,-1,-1,-1
116,1,345.6568603515625,281.24664306640625,33.85455322265625,80.36911010742188,-1,-1,-1,-1
117,1,345.1862487792969,281.9359436035156,32.58563232421875,81.2218017578125,-1,-1,-1,-1
118,1,344.581787109375,281.764404296875,32.05792236328125,82.16546630859375,-1,-1,-1,-1
119,1,343.26312255859375,281.7108154296875,30.14117431640625,82.49847412109375,-1,-1,-1,-1
120,1,342.2474365234375,281.28924560546875,29.979156494140625,83.63381958007812,-1,-1,-1,-1
121,1,340.2440185546875,281.11590576171875,30.70562744140625,84.384521484375,-1,-1,-1,-1
122,1,339.7622985839844,281.4618835449219,30.44805908203125,86.25534057617188,-1,-1,-1,-1
123,1,339.2325134277344,282.312744140625,30.071929931640625,86.25808715820312,-1,-1,-1,-1
124,1,338.2015075683594,282.96649169921875,30.37335205078125,86.25897216796875,-1,-1,-1,-1
125,1,336.75079345703125,284.7005920410156,30.89593505859375,85.91213989257812,-1,-1,-1,-1
126,1,334.152099609375,286.0151672363281,32.00054931640625,86.13613891601562,-1,-1,-1,-1
127,1,334.0145568847656,287.25750732421875,29.389556884765625,85.68988037109375,-1,-1,-1,-1
128,1,333.71124267578125,287.28570556640625,28.224365234375,86.04736328125,-1,-1,-1,-1
129,1,331.42572021484375,287.1065368652344,29.15460205078125,87.04647827148438,-1,-1,-1,-1
130,1,330.21527099609375,286.9737243652344,29.54803466796875,87.27243041992188,-1,-1,-1,-1
131,1,328.10626220703125,286.96630859375,29.825103759765625,86.8431396484375,-1,-1,-1,-1
132,1,327.1478271484375,287.47332763671875,30.34228515625,86.43017578125,-1,-1,-1,-1
133,1,321.4475402832031,289.7149963378906,34.771026611328125,86.12533569335938,-1,-1,-1,-1
134,1,320.9776306152344,290.70684814453125,34.619842529296875,85.20382690429688,-1,-1,-1,-1
135,1,319.08551025390625,292.6653137207031,34.607330322265625,83.59768676757812,-1,-1,-1,-1
136,1,318.6300354003906,293.21173095703125,33.960723876953125,83.18740844726562,-1,-1,-1,-1
137,1,314.7147216796875,294.0816345214844,35.36114501953125,84.80355834960938,-1,-1,-1,-1
138,1,314.4085998535156,294.3675537109375,33.803863525390625,85.04000854492188,-1,-1,-1,-1
139,1,312.5235595703125,294.1827087402344,31.162689208984375,85.81890869140625,-1,-1,-1,-1
140,1,311.85687255859375,294.140869140625,30.28472900390625,86.48587036132812,-1,-1,-1,-1
141,1,309.1275939941406,294.4979553222656,30.48077392578125,85.95904541015625,-1,-1,-1,-1
142,1,306.0081481933594,295.0522155761719,32.683349609375,87.03097534179688,-1,-1,-1,-1
143,1,303.20184326171875,296.3556213378906,33.51336669921875,88.15988159179688,-1,-1,-1,-1
144,1,302.365478515625,297.82794189453125,32.5897216796875,87.43621826171875,-1,-1,-1,-1
145,1,301.48651123046875,299.2669372558594,31.877593994140625,87.11737060546875,-1,-1,-1,-1
146,1,300.2894592285156,300.40020751953125,31.177459716796875,86.67056274414062,-1,-1,-1,-1
147,1,298.87847900390625,301.258056640625,30.903533935546875,86.03103637695312,-1,-1,-1,-1
148,1,297.1426086425781,301.4375915527344,30.438262939453125,85.89715576171875,-1,-1,-1,-1
149,1,294.59832763671875,300.97369384765625,29.810394287109375,87.47488403320312,-1,-1,-1,-1
150,1,293.4737548828125,300.89459228515625,29.9237060546875,87.90725708007812,-1,-1,-1,-1
151,1,290.6529541015625,301.05535888671875,30.788818359375,87.84750366210938,-1,-1,-1,-1
152,1,288.7906494140625,301.8777770996094,31.9295654296875,88.39382934570312,-1,-1,-1,-1
153,1,281.1189880371094,304.5290832519531,37.243865966796875,87.06268310546875,-1,-1,-1,-1
154,1,279.8309326171875,305.4111022949219,37.699249267578125,86.38302612304688,-1,-1,-1,-1
155,1,278.60546875,306.9408874511719,37.81298828125,86.33367919921875,-1,-1,-1,-1
156,1,277.7279357910156,308.4892883300781,37.3907470703125,85.59222412109375,-1,-1,-1,-1
157,1,273.18572998046875,309.7449951171875,37.037811279296875,86.98062133789062,-1,-1,-1,-1
158,1,273.0204772949219,309.8673095703125,35.275115966796875,86.78271484375,-1,-1,-1,-1
159,1,270.7362365722656,309.7593994140625,31.40032958984375,87.24978637695312,-1,-1,-1,-1
160,1,269.3444519042969,309.6595153808594,30.81268310546875,87.82882690429688,-1,-1,-1,-1
161,1,262.82659912109375,310.6694030761719,34.0048828125,88.1361083984375,-1,-1,-1,-1
162,1,262.7619934082031,311.0396728515625,34.8427734375,90.16015625,-1,-1,-1,-1
163,1,262.34332275390625,312.1244812011719,37.838958740234375,90.51580810546875,-1,-1,-1,-1
164,1,261.7943420410156,313.2969970703125,38.33740234375,89.56710815429688,-1,-1,-1,-1
165,1,257.40386962890625,315.239990234375,41.26055908203125,89.8848876953125,-1,-1,-1,-1
166,1,256.84034729003906,315.7781677246094,41.03727722167969,89.81039428710938,-1,-1,-1,-1
167,1,253.2045440673828,317.27215576171875,35.94068908691406,87.79449462890625,-1,-1,-1,-1
168,1,252.803955078125,317.0496520996094,33.161895751953125,88.10458374023438,-1,-1,-1,-1
169,1,248.99288940429688,317.35357666015625,30.609588623046875,89.24041748046875,-1,-1,-1,-1
170,1,248.1297149658203,317.257568359375,30.896652221679688,89.66796875,-1,-1,-1,-1
171,1,242.7069549560547,318.2552795410156,32.99833679199219,90.7222900390625,-1,-1,-1,-1
172,1,240.46218872070312,318.9197998046875,34.42938232421875,90.43655395507812,-1,-1,-1,-1
173,1,234.0717010498047,321.92095947265625,38.19230651855469,89.06619262695312,-1,-1,-1,-1
174,1,232.18551635742188,322.76788330078125,38.926239013671875,88.56185913085938,-1,-1,-1,-1
175,1,230.94297790527344,324.2333068847656,38.03166198730469,88.40234375,-1,-1,-1,-1
176,1,229.49334716796875,324.7741394042969,37.614044189453125,89.41693115234375,-1,-1,-1,-1
177,1,227.01913452148438,324.91064453125,36.7279052734375,89.97396850585938,-1,-1,-1,-1
178,1,226.0936279296875,324.30511474609375,34.93658447265625,91.37625122070312,-1,-1,-1,-1
179,1,224.14378356933594,324.22467041015625,32.02183532714844,91.1915283203125,-1,-1,-1,-1
180,1,223.7298126220703,324.33050537109375,32.0330810546875,92.47027587890625,-1,-1,-1,-1
181,1,220.0371551513672,325.9361267089844,36.49700927734375,95.35733032226562,-1,-1,-1,-1
182,1,218.33140563964844,327.2738952636719,38.30671691894531,94.28997802734375,-1,-1,-1,-1
183,1,215.9722137451172,329.3646240234375,40.94633483886719,93.51412963867188,-1,-1,-1,-1
184,1,215.2121124267578,331.2203369140625,41.085235595703125,92.50833129882812,-1,-1,-1,-1
185,1,211.59703063964844,333.83697509765625,39.59185791015625,90.38418579101562,-1,-1,-1,-1
186,1,209.72335815429688,333.400146484375,39.23114013671875,90.57632446289062,-1,-1,-1,-1
187,1,207.3358154296875,333.6075744628906,37.22998046875,90.857421875,-1,-1,-1,-1
188,1,206.86241149902344,333.45355224609375,34.73663330078125,91.1431884765625,-1,-1,-1,-1
189,1,203.95960998535156,333.57110595703125,33.7677001953125,91.27340698242188,-1,-1,-1,-1
190,1,203.2269287109375,333.938720703125,33.79338073730469,91.40875244140625,-1,-1,-1,-1
191,1,196.1691436767578,336.026123046875,37.063568115234375,91.07864379882812,-1,-1,-1,-1
192,1,195.11915588378906,336.96868896484375,37.05827331542969,90.1627197265625,-1,-1,-1,-1
193,1,189.89434814453125,339.1669616699219,39.9320068359375,90.07846069335938,-1,-1,-1,-1
194,1,189.13526916503906,340.50341796875,39.9556884765625,89.43130493164062,-1,-1,-1,-1
195,1,186.59303283691406,340.8896179199219,40.49424743652344,89.45562744140625,-1,-1,-1,-1
196,1,185.8897247314453,340.9077453613281,38.90837097167969,90.32412719726562,-1,-1,-1,-1
197,1,183.32264709472656,340.85772705078125,34.38352966308594,91.7239990234375,-1,-1,-1,-1
198,1,182.0570526123047,340.46630859375,34.1962890625,93.27081298828125,-1,-1,-1,-1
199,1,178.3426513671875,340.86688232421875,33.853118896484375,95.2498779296875,-1,-1,-1,-1
200,1,177.35252380371094,342.31329345703125,34.21669006347656,95.51406860351562,-1,-1,-1,-1
1,2,191.5929718017578,274.7489929199219,30.559341430664062,89.37298583984375,-1,-1,-1,-1
2,2,191.58885192871094,273.9839782714844,31.302597045898438,89.27456665039062,-1,-1,-1,-1
3,2,192.04354858398438,274.4516296386719,32.038360595703125,87.78372192382812,-1,-1,-1,-1
4,2,192.63720703125,274.1430358886719,32.17323303222656,87.07040405273438,-1,-1,-1,-1
7,2,195.98561096191406,271.764892578125,31.733047485351562,87.3145751953125,-1,-1,-1,-1
8,2,196.20118713378906,272.63714599609375,31.738937377929688,86.7666015625,-1,-1,-1,-1
9,2,196.95542907714844,272.0682373046875,31.502227783203125,87.209716796875,-1,-1,-1,-1
10,2,197.3040008544922,271.07672119140625,32.34776306152344,88.29983520507812,-1,-1,-1,-1
11,2,197.47804260253906,267.8005676269531,32.71923828125,91.00930786132812,-1,-1,-1,-1
12,2,198.2167510986328,268.8115234375,31.821670532226562,89.76806640625,-1,-1,-1,-1
13,2,198.7084197998047,267.86376953125,32.048492431640625,88.41024780273438,-1,-1,-1,-1
14,2,199.47401428222656,268.20703125,30.995208740234375,86.20855712890625,-1,-1,-1,-1
15,2,199.03282165527344,263.4053955078125,32.534637451171875,89.9583740234375,-1,-1,-1,-1
16,2,200.2308807373047,263.0594482421875,31.998077392578125,89.18466186523438,-1,-1,-1,-1
17,2,201.2513885498047,265.0897216796875,31.64569091796875,86.812255859375,-1,-1,-1,-1
18,2,202.39453125,266.00732421875,30.864791870117188,85.34210205078125,-1,-1,-1,-1
19,2,202.80015563964844,266.37310791015625,30.767974853515625,84.29116821289062,-1,-1,-1,-1
20,2,203.43276977539062,265.7619934082031,30.733261108398438,84.50009155273438,-1,-1,-1,-1
21,2,205.24441528320312,266.8301086425781,29.420684814453125,83.16033935546875,-1,-1,-1,-1
23,2,207.6416015625,263.3918151855469,29.24822998046875,85.630859375,-1,-1,-1,-1
24,2,207.8359832763672,262.0891418457031,29.641143798828125,86.93304443359375,-1,-1,-1,-1
25,2,208.57516479492188,264.406005859375,29.130386352539062,82.17340087890625,-1,-1,-1,-1
26,2,208.52511596679688,260.3853454589844,31.048385620117188,85.30569458007812,-1,-1,-1,-1
27,2,208.31153869628906,253.46218872070312,33.05744934082031,91.470703125,-1,-1,-1,-1
28,2,205.0721893310547,244.1028289794922,39.664886474609375,99.92359924316406,-1,-1,-1,-1
29,2,205.64093017578125,245.30299377441406,39.42138671875,99.31800842285156,-1,-1,-1,-1
38,2,214.14637756347656,254.5130157470703,30.605712890625,84.79142761230469,-1,-1,-1,-1
39,2,213.6974334716797,250.48167419433594,31.160171508789062,88.10038757324219,-1,-1,-1,-1
43,2,216.48924255371094,251.7635498046875,28.13092041015625,84.36700439453125,-1,-1,-1,-1
44,2,216.5195770263672,250.0593719482422,28.292633056640625,85.96095275878906,-1,-1,-1,-1
49,2,219.75184631347656,245.63363647460938,31.146087646484375,85.53591918945312,-1,-1,-1,-1
50,2,219.68666076660156,244.76571655273438,30.896148681640625,86.40206909179688,-1,-1,-1,-1
51,2,219.3829803466797,242.36474609375,31.227310180664062,88.24557495117188,-1,-1,-1,-1
52,2,219.47767639160156,241.2484130859375,31.03643798828125,88.77685546875,-1,-1,-1,-1
53,2,219.44261169433594,238.67288208007812,32.37245178222656,91.48416137695312,-1,-1,-1,-1
54,2,219.87742614746094,241.82142639160156,31.723190307617188,88.41911315917969,-1,-1,-1,-1
56,2,220.4131622314453,240.8983917236328,32.02088928222656,88.19532775878906,-1,-1,-1,-1
60,2,221.5124969482422,241.2574920654297,29.345901489257812,84.67030334472656,-1,-1,-1,-1
61,2,222.40223693847656,239.99725341796875,29.03582763671875,85.30804443359375,-1,-1,-1,-1
63,2,223.74493408203125,240.8444061279297,31.5108642578125,81.83653259277344,-1,-1,-1,-1
68,2,225.65379333496094,238.56759643554688,30.44024658203125,82.43093872070312,-1,-1,-1,-1
69,2,225.7281494140625,236.56741333007812,31.3306884765625,84.47213745117188,-1,-1,-1,-1
70,2,226.08848571777344,234.3388671875,31.554153442382812,85.94708251953125,-1,-1,-1,-1
72,2,225.94654846191406,235.8900909423828,29.6558837890625,81.84169006347656,-1,-1,-1,-1
73,2,226.67550659179688,233.1595001220703,30.089447021484375,84.40849304199219,-1,-1,-1,-1
74,2,226.95884704589844,233.50306701660156,30.316162109375,83.65556335449219,-1,-1,-1,-1
75,2,227.61192321777344,232.50640869140625,30.36077880859375,84.27520751953125,-1,-1,-1,-1
76,2,228.14712524414062,234.0782928466797,29.8292236328125,82.53565979003906,-1,-1,-1,-1
77,2,227.9498748779297,230.28884887695312,30.768936157226562,87.62277221679688,-1,-1,-1,-1
78,2,227.73214721679688,229.74905395507812,31.682891845703125,87.6192626953125,-1,-1,-1,-1
79,2,228.49148559570312,226.8450469970703,32.343231201171875,89.43122863769531,-1,-1,-1,-1
80,2,229.23338317871094,226.06002807617188,32.08793640136719,89.5433349609375,-1,-1,-1,-1
81,2,230.26380920410156,223.41082763671875,33.08070373535156,90.99237060546875,-1,-1,-1,-1
82,2,230.93031311035156,224.75527954101562,32.74003601074219,87.68692016601562,-1,-1,-1,-1
83,2,231.54054260253906,226.3082275390625,31.786392211914062,86.12786865234375,-1,-1,-1,-1
84,2,231.83999633789062,226.4132537841797,31.98150634765625,86.24253845214844,-1,-1,-1,-1
85,2,234.1808319091797,228.38417053222656,29.710311889648438,83.38520812988281,-1,-1,-1,-1
86,2,234.65943908691406,229.06471252441406,29.136337280273438,82.46992492675781,-1,-1,-1,-1
87,2,235.24017333984375,230.47073364257812,28.739044189453125,80.70053100585938,-1,-1,-1,-1
88,2,235.5060577392578,230.29505920410156,28.543411254882812,81.18089294433594,-1,-1,-1,-1
89,2,236.40655517578125,233.6186065673828,27.164642333984375,77.93553161621094,-1,-1,-1,-1
90,2,236.6645050048828,233.33480834960938,27.064346313476562,77.9029541015625,-1,-1,-1,-1
91,2,237.1770782470703,230.84710693359375,27.429672241210938,79.22552490234375,-1,-1,-1,-1
92,2,237.4993133544922,230.32176208496094,26.993911743164062,79.31535339355469,-1,-1,-1,-1
93,2,238.05137634277344,229.1356201171875,26.805343627929688,78.92071533203125,-1,-1,-1,-1
94,2,238.1147003173828,228.31629943847656,27.065261840820312,79.08256530761719,-1,-1,-1,-1
95,2,237.79205322265625,226.56170654296875,28.206451416015625,79.95281982421875,-1,-1,-1,-1
96,2,237.6892852783203,225.9554901123047,28.562942504882812,80.02159118652344,-1,-1,-1,-1
97,2,238.01431274414062,224.8824462890625,29.08203125,80.79373168945312,-1,-1,-1,-1
98,2,238.3577117919922,224.509765625,29.420150756835938,80.90951538085938,-1,-1,-1,-1
99,2,238.57662963867188,224.7769012451172,29.660186767578125,80.48695373535156,-1,-1,-1,-1
100,2,238.87371826171875,225.05189514160156,29.8165283203125,79.93479919433594,-1,-1,-1,-1
101,2,239.25836181640625,223.84962463378906,31.218841552734375,80.77830505371094,-1,-1,-1,-1
102,2,240.33094787597656,223.7269744873047,31.699691772460938,80.12214660644531,-1,-1,-1,-1
103,2,240.6770477294922,222.47608947753906,32.51219177246094,80.68794250488281,-1,-1,-1,-1
104,2,241.76165771484375,221.83908081054688,33.392333984375,80.2159423828125,-1,-1,-1,-1
105,2,243.51698303222656,221.3277130126953,31.455825805664062,78.72373962402344,-1,-1,-1,-1
106,2,244.34413146972656,220.67787170410156,30.639633178710938,79.12748718261719,-1,-1,-1,-1
107,2,244.86697387695312,219.6988983154297,30.818328857421875,79.97251892089844,-1,-1,-1,-1
108,2,245.89720153808594,219.68455505371094,30.397781372070312,79.73219299316406,-1,-1,-1,-1
109,2,246.93331909179688,219.8832244873047,29.929168701171875,78.72151184082031,-1,-1,-1,-1
110,2,247.413330078125,219.80824279785156,30.205963134765625,78.14881896972656,-1,-1,-1,-1
111,2,248.28453063964844,220.05325317382812,29.781112670898438,78.17379760742188,-1,-1,-1,-1
112,2,248.98745727539062,220.15541076660156,29.231231689453125,78.03755187988281,-1,-1,-1,-1
113,2,249.61631774902344,218.88307189941406,29.542221069335938,79.19404602050781,-1,-1,-1,-1
114,2,250.5081787109375,218.9090118408203,29.20611572265625,79.18617248535156,-1,-1,-1,-1
115,2,251.43104553222656,217.6793975830078,29.274642944335938,79.89674377441406,-1,-1,-1,-1
116,2,252.47634887695312,217.2011260986328,29.706298828125,79.64414978027344,-1,-1,-1,-1
117,2,253.2022247314453,216.49815368652344,29.575912475585938,79.14973449707031,-1,-1,-1,-1
118,2,253.8805389404297,216.1792449951172,29.148788452148438,78.18412780761719,-1,-1,-1,-1
119,2,255.21937561035156,215.5681915283203,28.230850219726562,78.26939392089844,-1,-1,-1,-1
120,2,255.71395874023438,215.3069305419922,28.093414306640625,78.44914245605469,-1,-1,-1,-1
121,2,257.7107238769531,214.8441925048828,27.11114501953125,78.41716003417969,-1,-1,-1,-1
122,2,257.9727478027344,214.74790954589844,27.43707275390625,78.27815246582031,-1,-1,-1,-1
123,2,258.4819641113281,214.80755615234375,27.18560791015625,77.99789428710938,-1,-1,-1,-1
124,2,259.2862548828125,214.9434814453125,27.12109375,77.4013671875,-1,-1,-1,-1
125,2,261.1336364746094,214.24623107910156,26.70611572265625,77.06947326660156,-1,-1,-1,-1
126,2,261.6649169921875,213.8976287841797,27.482818603515625,77.15153503417969,-1,-1,-1,-1
127,2,261.69354248046875,212.9553985595703,28.217071533203125,77.73042297363281,-1,-1,-1,-1
128,2,262.3780822753906,212.5637664794922,28.078460693359375,77.21205139160156,-1,-1,-1,-1
129,2,263.60418701171875,211.54147338867188,27.83795166015625,76.97042846679688,-1,-1,-1,-1
130,2,264.34356689453125,210.8536376953125,27.80792236328125,77.37078857421875,-1,-1,-1,-1
131,2,265.9515075683594,210.46128845214844,27.143890380859375,76.67900085449219,-1,-1,-1,-1
132,2,266.6797180175781,210.68218994140625,26.870574951171875,76.10760498046875,-1,-1,-1,-1
133,2,267.91607666015625,210.895751953125,26.407928466796875,75.78994750976562,-1,-1,-1,-1
134,2,268.31988525390625,210.85504150390625,26.35186767578125,75.89251708984375,-1,-1,-1,-1
135,2,268.6724853515625,210.73402404785156,26.79315185546875,76.17524719238281,-1,-1,-1,-1
136,2,269.2108154296875,210.0644989013672,27.119384765625,76.53349304199219,-1,-1,-1,-1
137,2,269.9125061035156,208.07925415039062,28.2879638671875,77.37054443359375,-1,-1,-1,-1
138,2,270.530029296875,207.93258666992188,28.398162841796875,77.03506469726562,-1,-1,-1,-1
139,2,271.969970703125,207.25921630859375,27.980865478515625,76.24517822265625,-1,-1,-1,-1
140,2,272.7672424316406,206.56407165527344,27.627288818359375,76.46656799316406,-1,-1,-1,-1
141,2,273.3115234375,205.0675506591797,27.749237060546875,77.75657653808594,-1,-1,-1,-1
142,2,273.8177490234375,204.95803833007812,27.583770751953125,77.59182739257812,-1,-1,-1,-1
143,2,274.3196716308594,204.64462280273438,27.935455322265625,77.45242309570312,-1,-1,-1,-1
144,2,274.8105773925781,205.03585815429688,28.23980712890625,76.58773803710938,-1,-1,-1,-1
145,2,275.2747802734375,205.5555877685547,28.249664306640625,75.28340148925781,-1,-1,-1,-1
146,2,275.61724853515625,205.78399658203125,28.20709228515625,74.53787231445312,-1,-1,-1,-1
147,2,275.48870849609375,204.12496948242188,29.2916259765625,76.38619995117188,-1,-1,-1,-1
148,2,275.7159729003906,203.26869201660156,29.797027587890625,76.98738098144531,-1,-1,-1,-1
149,2,275.97186279296875,201.7376708984375,29.90032958984375,78.31326293945312,-1,-1,-1,-1
150,2,276.3680114746094,200.96568298339844,29.551605224609375,78.95899963378906,-1,-1,-1,-1
151,2,277.257568359375,200.19667053222656,28.15826416015625,78.72062683105469,-1,-1,-1,-1
152,2,277.7841491699219,199.58274841308594,27.836700439453125,78.29972839355469,-1,-1,-1,-1
153,2,278.66259765625,198.96400451660156,27.5966796875,78.34501647949219,-1,-1,-1,-1
154,2,279.1136779785156,198.7853546142578,27.642791748046875,77.98432922363281,-1,-1,-1,-1
155,2,279.62451171875,198.8409423828125,27.382659912109375,77.24343872070312,-1,-1,-1,-1
156,2,279.8359069824219,198.84657287597656,27.334686279296875,76.58918762207031,-1,-1,-1,-1
157,2,280.4757080078125,198.74847412109375,27.434112548828125,76.456298828125,-1,-1,-1,-1
158,2,280.74981689453125,199.1250457763672,27.54339599609375,75.96266174316406,-1,-1,-1,-1
159,2,281.6568603515625,198.58885192871094,27.2625732421875,75.70549011230469,-1,-1,-1,-1
160,2,282.2332458496094,198.1438446044922,26.965728759765625,75.74650573730469,-1,-1,-1,-1
161,2,282.8604431152344,197.1858367919922,26.884307861328125,76.32453918457031,-1,-1,-1,-1
162,2,283.63995361328125,196.9169464111328,26.46514892578125,75.65907287597656,-1,-1,-1,-1
163,2,283.8964538574219,196.3551788330078,26.529815673828125,75.73414611816406,-1,-1,-1,-1
164,2,283.96051025390625,195.85398864746094,26.580322265625,75.67787170410156,-1,-1,-1,-1
165,2,284.0917663574219,194.6979522705078,26.945587158203125,76.17973327636719,-1,-1,-1,-1
166,2,284.4268798828125,194.68331909179688,26.944091796875,75.31488037109375,-1,-1,-1,-1
167,2,285.7447814941406,195.21279907226562,25.90350341796875,74.20401000976562,-1,-1,-1,-1
168,2,285.9349365234375,194.8838653564453,26.27105712890625,74.71882629394531,-1,-1,-1,-1
169,2,286.57464599609375,194.9096221923828,25.73480224609375,74.97764587402344,-1,-1,-1,-1
170,2,286.8223876953125,194.6234588623047,25.574676513671875,75.74037170410156,-1,-1,-1,-1
171,2,286.765869140625,193.74746704101562,25.795928955078125,76.11309814453125,-1,-1,-1,-1
172,2,286.63043212890625,192.91819763183594,26.23468017578125,75.80714416503906,-1,-1,-1,-1
173,2,287.070068359375,192.14845275878906,26.750762939453125,75.39952087402344,-1,-1,-1,-1
174,2,287.7880859375,191.68406677246094,26.267181396484375,75.36061096191406,-1,-1,-1,-1
175,2,288.1844482421875,191.0741424560547,26.119140625,75.51899719238281,-1,-1,-1,-1
176,2,289.48931884765625,190.0689239501953,26.79266357421875,76.13737487792969,-1,-1,-1,-1
177,2,290.4904479980469,190.32891845703125,25.981231689453125,75.157470703125,-1,-1,-1,-1
178,2,290.945556640625,190.22137451171875,26.020721435546875,74.80502319335938,-1,-1,-1,-1
179,2,291.8050537109375,190.64157104492188,25.433685302734375,73.69216918945312,-1,-1,-1,-1
180,2,292.1423034667969,190.78558349609375,25.251190185546875,73.401123046875,-1,-1,-1,-1
181,2,293.7558898925781,190.9071807861328,24.622100830078125,72.12171936035156,-1,-1,-1,-1
182,2,293.94122314453125,190.97618103027344,24.64373779296875,72.20628356933594,-1,-1,-1,-1
183,2,294.1698913574219,190.76564025878906,24.8011474609375,72.18116760253906,-1,-1,-1,-1
184,2,294.5509338378906,190.5869903564453,24.94146728515625,71.70903015136719,-1,-1,-1,-1
185,2,295.0878601074219,189.82989501953125,25.77685546875,71.59457397460938,-1,-1,-1,-1
186,2,295.6142272949219,190.19482421875,25.422821044921875,70.70904541015625,-1,-1,-1,-1
187,2,296.22412109375,190.2183380126953,24.930633544921875,69.95173645019531,-1,-1,-1,-1
188,2,296.36968994140625,189.45777893066406,25.36419677734375,70.11805725097656,-1,-1,-1,-1
189,2,296.3988037109375,188.33352661132812,25.522613525390625,70.64340209960938,-1,-1,-1,-1
190,2,296.7126770019531,188.01353454589844,25.310455322265625,70.73939514160156,-1,-1,-1,-1
191,2,296.9949951171875,187.67562866210938,24.816741943359375,70.89480590820312,-1,-1,-1,-1
192,2,297.0416564941406,187.44180297851562,24.62213134765625,70.64407348632812,-1,-1,-1,-1
193,2,297.0375061035156,187.2373504638672,24.718902587890625,70.69444274902344,-1,-1,-1,-1
194,2,297.26800537109375,187.25469970703125,24.498779296875,70.56526184082031,-1,-1,-1,-1
195,2,297.27783203125,185.85842895507812,24.851959228515625,71.86277770996094,-1,-1,-1,-1
196,2,297.7300720214844,186.8416748046875,24.1536865234375,69.67462158203125,-1,-1,-1,-1
197,2,298.10986328125,187.200439453125,23.580322265625,67.81573486328125,-1,-1,-1,-1
198,2,298.1264343261719,185.00091552734375,23.712188720703125,70.19534301757812,-1,-1,-1,-1
199,2,298.4382019042969,185.1089630126953,23.607391357421875,69.200927734375,-1,-1,-1,-1
200,2,298.8052673339844,184.3523712158203,23.578582763671875,69.52264404296875,-1,-1,-1,-1
1,3,443.500244140625,286.0401916503906,36.256011962890625,91.39602661132812,-1,-1,-1,-1
2,3,443.659423828125,286.4949951171875,35.53369140625,90.88156127929688,-1,-1,-1,-1
3,3,443.4037170410156,287.7551574707031,35.20819091796875,90.5074462890625,-1,-1,-1,-1
4,3,442.70281982421875,289.0718078613281,35.210845947265625,89.6649169921875,-1,-1,-1,-1
5,3,440.118896484375,289.8879699707031,36.7802734375,90.16873168945312,-1,-1,-1,-1
6,3,439.3359680175781,290.40447998046875,36.953216552734375,90.50588989257812,-1,-1,-1,-1
7,3,435.9737854003906,290.4035949707031,38.076751708984375,91.930908203125,-1,-1,-1,-1
8,3,434.5620422363281,290.747802734375,38.681884765625,91.6768798828125,-1,-1,-1,-1
9,3,433.05889892578125,291.0761413574219,39.185272216796875,91.23312377929688,-1,-1,-1,-1
10,3,432.0234680175781,291.58544921875,39.70330810546875,91.34820556640625,-1,-1,-1,-1
11,3,431.6000671386719,292.4270935058594,39.53521728515625,92.0048828125,-1,-1,-1,-1
12,3,431.3026428222656,293.3549499511719,39.549560546875,92.00057983398438,-1,-1,-1,-1
13,3,430.5887451171875,294.7432556152344,39.59210205078125,91.81561279296875,-1,-1,-1,-1
14,3,430.8442077636719,295.1973876953125,38.9683837890625,92.24462890625,-1,-1,-1,-1
15,3,430.7268371582031,296.345947265625,38.478973388671875,92.37643432617188,-1,-1,-1,-1
16,3,430.3824462890625,296.84503173828125,38.127197265625,92.14938354492188,-1,-1,-1,-1
17,3,428.6253967285156,297.33648681640625,39.246337890625,92.03738403320312,-1,-1,-1,-1
18,3,428.04486083984375,297.4111328125,39.06396484375,92.10281372070312,-1,-1,-1,-1
19,3,427.0115966796875,297.6986083984375,39.16650390625,92.11087036132812,-1,-1,-1,-1
20,3,426.6812438964844,297.83514404296875,38.47662353515625,92.38693237304688,-1,-1,-1,-1
21,3,426.4508056640625,298.6446228027344,37.932525634765625,93.1273193359375,-1,-1,-1,-1
22,3,426.2362060546875,299.6017150878906,37.278839111328125,92.8975830078125,-1,-1,-1,-1
23,3,425.6990051269531,301.3045654296875,36.7689208984375,92.41824340820312,-1,-1,-1,-1
24,3,425.1983947753906,301.7886962890625,36.9044189453125,92.94131469726562,-1,-1,-1,-1
25,3,423.4080810546875,303.01934814453125,36.873504638671875,92.84866333007812,-1,-1,-1,-1
26,3,422.4814453125,303.484130859375,36.984832763671875,93.16110229492188,-1,-1,-1,-1
27,3,420.2239074707031,303.51885986328125,37.809906005859375,93.97793579101562,-1,-1,-1,-1
28,3,418.5142517089844,303.8952331542969,38.89404296875,93.90420532226562,-1,-1,-1,-1
29,3,415.2439880371094,304.16558837890625,40.01824951171875,93.9212646484375,-1,-1,-1,-1
30,3,414.3796081542969,304.878173828125,40.1182861328125,93.0096435546875,-1,-1,-1,-1
31,3,412.7929382324219,306.1885986328125,40.905853271484375,93.17288208007812,-1,-1,-1,-1
32,3,412.6090393066406,307.0382080078125,40.539276123046875,93.29043579101562,-1,-1,-1,-1
33,3,412.8515930175781,308.2375183105469,39.576446533203125,93.61517333984375,-1,-1,-1,-1
34,3,412.68450927734375,308.88031005859375,39.713897705078125,94.28347778320312,-1,-1,-1,-1
35,3,413.03900146484375,309.7747802734375,39.350494384765625,94.94088745117188,-1,-1,-1,-1
36,3,412.9584655761719,310.61798095703125,39.3997802734375,94.45413208007812,-1,-1,-1,-1
37,3,412.3414306640625,311.64349365234375,39.355987548828125,93.33956909179688,-1,-1,-1,-1
38,3,411.3815612792969,311.8121643066406,39.75018310546875,92.8870849609375,-1,-1,-1,-1
39,3,409.8370361328125,311.85845947265625,40.2958984375,93.80166625976562,-1,-1,-1,-1
40,3,409.8042907714844,312.200439453125,39.25189208984375,93.74658203125,-1,-1,-1,-1
41,3,409.4875183105469,312.6854248046875,38.998260498046875,94.54318237304688,-1,-1,-1,-1
42,3,409.4029235839844,313.2540588378906,38.197723388671875,94.8096923828125,-1,-1,-1,-1
43,3,409.0484313964844,314.7109375,36.72564697265625,95.54168701171875,-1,-1,-1,-1
44,3,408.8085021972656,315.7942810058594,36.3096923828125,96.03070068359375,-1,-1,-1,-1
45,3,406.53546142578125,317.18511962890625,36.687408447265625,96.43447875976562,-1,-1,-1,-1
46,3,405.3973083496094,317.7425842285156,37.076324462890625,96.72213745117188,-1,-1,-1,-1
47,3,401.3009948730469,318.1133728027344,39.330780029296875,97.1591796875,-1,-1,-1,-1
48,3,400.1322326660156,318.659423828125,39.833740234375,96.61505126953125,-1,-1,-1,-1
49,3,396.6111755371094,318.55352783203125,41.58642578125,96.42330932617188,-1,-1,-1,-1
50,3,395.2173767089844,319.041259765625,42.40130615234375,96.2705078125,-1,-1,-1,-1
51,3,394.472900390625,319.94781494140625,42.450103759765625,96.28375244140625,-1,-1,-1,-1
52,3,394.3652038574219,320.6506652832031,41.912353515625,96.94338989257812,-1,-1,-1,-1
53,3,395.14300537109375,321.8148498535156,41.02142333984375,97.35955810546875,-1,-1,-1,-1
54,3,395.6399841308594,322.7933044433594,40.39886474609375,97.4482421875,-1,-1,-1,-1
55,3,395.3843078613281,323.880859375,40.517578125,97.59585571289062,-1,-1,-1,-1
56,3,394.96246337890625,324.46893310546875,40.722320556640625,97.73309326171875,-1,-1,-1,-1
57,3,393.9659118652344,324.80731201171875,41.452484130859375,98.45306396484375,-1,-1,-1,-1
58,3,394.0661926269531,325.05401611328125,40.75286865234375,97.98614501953125,-1,-1,-1,-1
59,3,392.0711975097656,324.7783203125,41.538360595703125,98.61416625976562,-1,-1,-1,-1
60,3,391.7667236328125,325.4683532714844,41.11846923828125,98.23443603515625,-1,-1,-1,-1
61,3,390.7264709472656,326.00775146484375,40.970367431640625,98.87420654296875,-1,-1,-1,-1
62,3,390.3429260253906,326.8788146972656,41.414825439453125,99.39276123046875,-1,-1,-1,-1
63,3,390.1131286621094,328.494873046875,40.8583984375,98.5054931640625,-1,-1,-1,-1
64,3,390.1893615722656,329.79718017578125,39.845703125,97.69924926757812,-1,-1,-1,-1
65,3,389.8781433105469,330.8646545410156,38.898712158203125,97.57473754882812,-1,-1,-1,-1
66,3,388.9093322753906,331.2004699707031,38.9710693359375,98.11636352539062,-1,-1,-1,-1
67,3,385.8839111328125,331.6105651855469,39.902069091796875,99.3558349609375,-1,-1,-1,-1
68,3,383.61663818359375,331.95892333984375,40.672149658203125,99.23529052734375,-1,-1,-1,-1
69,3,382.1934509277344,332.39697265625,41.1927490234375,99.73287963867188,-1,-1,-1,-1
70,3,381.47637939453125,333.190673828125,41.162933349609375,99.06661987304688,-1,-1,-1,-1
71,3,380.10284423828125,333.8717346191406,42.223724365234375,99.60208129882812,-1,-1,-1,-1
72,3,379.7563781738281,334.84130859375,42.241363525390625,100.243896484375,-1,-1,-1,-1
73,3,379.95526123046875,336.0640869140625,41.518341064453125,100.356689453125,-1,-1,-1,-1
74,3,380.2868347167969,336.8292541503906,40.837249755859375,100.33917236328125,-1,-1,-1,-1
75,3,380.45526123046875,337.937744140625,40.198486328125,100.94525146484375,-1,-1,-1,-1
76,3,380.5614013671875,338.4684143066406,39.474395751953125,101.3253173828125,-1,-1,-1,-1
77,3,379.4881591796875,338.6612548828125,40.245880126953125,102.3045654296875,-1,-1,-1,-1
78,3,378.74456787109375,339.1129150390625,40.482452392578125,101.90963745117188,-1,-1,-1,-1
79,3,377.5865783691406,338.9682922363281,41.028411865234375,101.94488525390625,-1,-1,-1,-1
80,3,376.9259338378906,339.40057373046875,41.31134033203125,101.77310180664062,-1,-1,-1,-1
81,3,376.2705078125,340.3272705078125,41.303192138671875,100.6954345703125,-1,-1,-1,-1
82,3,375.6436462402344,341.215087890625,41.584014892578125,101.16317749023438,-1,-1,-1,-1
83,3,375.6465148925781,343.53900146484375,40.532989501953125,100.58358764648438,-1,-1,-1,-1
84,3,375.33697509765625,344.2008972167969,40.83123779296875,101.1466064453125,-1,-1,-1,-1
85,3,372.8766784667969,345.0154113769531,42.26617431640625,101.30752563476562,-1,-1,-1,-1
86,3,372.4361267089844,345.9801940917969,42.458587646484375,101.3475341796875,-1,-1,-1,-1
87,3,369.5769958496094,346.25750732421875,43.94439697265625,102.534912109375,-1,-1,-1,-1
88,3,369.09295654296875,346.78265380859375,43.57354736328125,102.37258911132812,-1,-1,-1,-1
89,3,366.8268737792969,347.05841064453125,44.844970703125,102.4114990234375,-1,-1,-1,-1
90,3,365.7548828125,347.81781005859375,45.329132080078125,101.70565795898438,-1,-1,-1,-1
91,3,365.52337646484375,348.395751953125,44.942535400390625,101.96444702148438,-1,-1,-1,-1
92,3,365.566162109375,349.0683898925781,44.609771728515625,102.52911376953125,-1,-1,-1,-1
93,3,365.787841796875,350.928466796875,43.823028564453125,101.99557495117188,-1,-1,-1,-1
94,3,366.2451477050781,352.5692443847656,42.77105712890625,101.58651733398438,-1,-1,-1,-1
95,3,366.5002746582031,353.79486083984375,42.254119873046875,101.94354248046875,-1,-1,-1,-1
96,3,366.4813537597656,354.50872802734375,42.103363037109375,102.86663818359375,-1,-1,-1,-1
97,3,365.7862548828125,355.45123291015625,42.500335693359375,103.71755981445312,-1,-1,-1,-1
98,3,364.8182678222656,355.6790466308594,43.15338134765625,104.21148681640625,-1,-1,-1,-1
99,3,363.96710205078125,355.8617858886719,43.019989013671875,103.56732177734375,-1,-1,-1,-1
100,3,363.0559997558594,356.09625244140625,43.032958984375,103.39010620117188,-1,-1,-1,-1
101,3,361.2846374511719,356.9601135253906,42.841064453125,102.88699340820312,-1,-1,-1,-1
102,3,360.49017333984375,357.59906005859375,42.748260498046875,103.12649536132812,-1,-1,-1,-1
103,3,359.8719787597656,358.6253967285156,43.12890625,104.58978271484375,-1,-1,-1,-1
104,3,359.6624755859375,359.7815856933594,43.4599609375,104.27011108398438,-1,-1,-1,-1
105,3,358.2278747558594,362.0658264160156,44.270599365234375,103.2650146484375,-1,-1,-1,-1
106,3,357.0801696777344,363.1092834472656,44.857940673828125,103.153076171875,-1,-1,-1,-1
107,3,355.4352111816406,363.8707275390625,45.412384033203125,103.13186645507812,-1,-1,-1,-1
108,3,354.5227355957031,364.3235168457031,44.75958251953125,103.65032958984375,-1,-1,-1,-1
109,3,351.16973876953125,364.14715576171875,46.207489013671875,104.2828369140625,-1,-1,-1,-1
110,3,350.7888488769531,364.8779296875,46.505157470703125,104.01199340820312,-1,-1,-1,-1
111,3,350.7469482421875,365.6206359863281,46.548797607421875,104.10684204101562,-1,-1,-1,-1
112,3,350.824462890625,366.2367858886719,46.54962158203125,104.31039428710938,-1,-1,-1,-1
113,3,351.3039245605469,367.2950439453125,45.292266845703125,105.4825439453125,-1,-1,-1,-1
114,3,352.1383972167969,368.4776611328125,43.5126953125,105.502197265625,-1,-1,-1,-1
115,3,352.9312438964844,370.6296691894531,42.480804443359375,103.99639892578125,-1,-1,-1,-1
116,3,353.2686767578125,371.86651611328125,42.826141357421875,104.271484375,-1,-1,-1,-1
117,3,353.0748291015625,373.1282958984375,42.4945068359375,103.71798706054688,-1,-1,-1,-1
118,3,352.5645751953125,373.65899658203125,42.924041748046875,103.8135986328125,-1,-1,-1,-1
119,3,350.5622253417969,373.89520263671875,44.318878173828125,103.15866088867188,-1,-1,-1,-1
120,3,349.95318603515625,374.1090087890625,44.461700439453125,103.24581909179688,-1,-1,-1,-1
121,3,349.1549072265625,374.9123229980469,44.746551513671875,102.99758911132812,-1,-1,-1,-1
122,3,348.58673095703125,375.70379638671875,45.73699951171875,103.01126098632812,-1,-1,-1,-1
123,3,348.3153381347656,376.3524169921875,46.120941162109375,105.6475830078125,-1,-1,-1,-1
124,3,348.527099609375,377.3131103515625,45.970123291015625,104.6868896484375,-1,-1,-1,-1
125,3,348.9113464355469,379.3376159667969,44.973968505859375,102.66238403320312,-1,-1,-1,-1
126,3,348.70843505859375,381.18487548828125,45.233978271484375,100.81512451171875,-1,-1,-1,-1
127,3,346.3445129394531,382.22296142578125,46.2021484375,99.77703857421875,-1,-1,-1,-1
128,3,344.56640625,382.6448974609375,46.995147705078125,99.3551025390625,-1,-1,-1,-1
129,3,343.9941711425781,382.9615478515625,46.87786865234375,99.0384521484375,-1,-1,-1,-1
130,3,342.1790771484375,383.51123046875,47.978790283203125,98.48876953125,-1,-1,-1,-1
131,3,342.9515686035156,384.3847351074219,46.657501220703125,97.61526489257812,-1,-1,-1,-1
132,3,344.18841552734375,385.72393798828125,44.601348876953125,96.27606201171875,-1,-1,-1,-1
133,3,345.17864990234375,387.3373718261719,43.288482666015625,94.66262817382812,-1,-1,-1,-1
134,3,346.1787109375,388.7919921875,42.32757568359375,93.2080078125,-1,-1,-1,-1
135,3,347.4748229980469,391.0069885253906,41.12860107421875,90.99301147460938,-1,-1,-1,-1
136,3,347.5054931640625,391.18304443359375,41.720855712890625,90.81695556640625,-1,-1,-1,-1
137,3,347.3715515136719,391.9060363769531,42.27740478515625,90.09396362304688,-1,-1,-1,-1
138,3,346.8115234375,392.3625793457031,43.026031494140625,89.63742065429688,-1,-1,-1,-1
139,3,345.01263427734375,392.9426574707031,45.461822509765625,89.05734252929688,-1,-1,-1,-1
140,3,343.1090087890625,393.5516662597656,47.475006103515625,88.44833374023438,-1,-1,-1,-1
141,3,342.61541748046875,394.7480773925781,47.6025390625,87.25192260742188,-1,-1,-1,-1
142,3,341.446044921875,395.2289733886719,48.966888427734375,86.77102661132812,-1,-1,-1,-1
143,3,340.6448974609375,396.2185974121094,49.065338134765625,85.78140258789062,-1,-1,-1,-1
144,3,341.4085388183594,397.3503723144531,47.628753662109375,84.64962768554688,-1,-1,-1,-1
145,3,340.28387451171875,400.60418701171875,47.718841552734375,81.39581298828125,-1,-1,-1,-1
146,3,339.5238952636719,401.6708068847656,48.6480712890625,80.32919311523438,-1,-1,-1,-1
147,3,338.79248046875,402.2386779785156,47.6102294921875,79.76132202148438,-1,-1,-1,-1
148,3,337.70318603515625,402.4624938964844,49.4775390625,79.53750610351562,-1,-1,-1,-1
149,3,337.582275390625,402.6205139160156,48.396209716796875,79.37948608398438,-1,-1,-1,-1
150,3,337.5518798828125,402.7481689453125,48.324127197265625,79.2518310546875,-1,-1,-1,-1
151,3,340.15313720703125,404.1822814941406,46.587310791015625,77.81771850585938,-1,-1,-1,-1
152,3,342.55352783203125,405.1124267578125,42.97515869140625,76.8875732421875,-1,-1,-1,-1
153,3,343.6910095214844,407.37152099609375,43.45147705078125,74.62847900390625,-1,-1,-1,-1
154,3,344.313720703125,408.2324523925781,42.19720458984375,73.76754760742188,-1,-1,-1,-1
155,3,344.5979309082031,410.1148376464844,43.130157470703125,71.88516235351562,-1,-1,-1,-1
156,3,345.303466796875,410.8106994628906,42.54803466796875,71.18930053710938,-1,-1,-1,-1
157,3,345.3365478515625,411.76751708984375,42.967498779296875,70.23248291015625,-1,-1,-1,-1
158,3,344.98394775390625,411.91790771484375,44.462738037109375,70.08209228515625,-1,-1,-1,-1
159,3,344.7162170410156,413.0945739746094,43.561553955078125,68.90542602539062,-1,-1,-1,-1
160,3,343.41986083984375,412.6878356933594,46.38037109375,69.31216430664062,-1,-1,-1,-1
161,3,343.6433410644531,414.1632385253906,44.331695556640625,67.83676147460938,-1,-1,-1,-1
162,3,342.154296875,414.2480163574219,47.22320556640625,67.75198364257812,-1,-1,-1,-1
163,3,342.4486389160156,416.208984375,46.447662353515625,65.791015625,-1,-1,-1,-1
164,3,342.05999755859375,417.9888000488281,49.38348388671875,64.01119995117188,-1,-1,-1,-1
165,3,341.7183532714844,419.7981872558594,50.495758056640625,62.201812744140625,-1,-1,-1,-1
166,3,341.34259033203125,420.4024658203125,51.20794677734375,61.5975341796875,-1,-1,-1,-1
167,3,341.267822265625,421.52398681640625,49.321258544921875,60.47601318359375,-1,-1,-1,-1
168,3,341.6365966796875,422.2005920410156,47.400115966796875,59.799407958984375,-1,-1,-1,-1
169,3,342.5357971191406,422.0889587402344,47.4879150390625,59.911041259765625,-1,-1,-1,-1
170,3,344.76995849609375,422.98150634765625,44.519989013671875,59.01849365234375,-1,-1,-1,-1
171,3,346.2841796875,424.083251953125,43.175811767578125,57.916748046875,-1,-1,-1,-1
172,3,346.463623046875,424.39923095703125,43.680145263671875,57.60076904296875,-1,-1,-1,-1
173,3,348.7392578125,426.561767578125,41.47027587890625,55.438232421875,-1,-1,-1,-1
174,3,349.387451171875,428.7419738769531,40.21160888671875,53.258026123046875,-1,-1,-1,-1
175,3,349.152099609375,430.5752258300781,40.2882080078125,51.424774169921875,-1,-1,-1,-1
176,3,349.3782958984375,430.8889465332031,40.82720947265625,51.111053466796875,-1,-1,-1,-1
177,3,349.19305419921875,431.8493957519531,42.940673828125,50.150604248046875,-1,-1,-1,-1
178,3,349.15301513671875,432.3015441894531,43.533050537109375,49.698455810546875,-1,-1,-1,-1
179,3,348.7833251953125,432.7505798339844,44.4227294921875,49.249420166015625,-1,-1,-1,-1
180,3,348.3404541015625,433.2775573730469,45.56561279296875,48.722442626953125,-1,-1,-1,-1
181,3,348.2325134277344,434.1399230957031,46.31573486328125,47.860076904296875,-1,-1,-1,-1
182,3,348.73992919921875,434.9529113769531,46.41192626953125,47.047088623046875,-1,-1,-1,-1
183,3,348.83154296875,437.1507263183594,46.228668212890625,44.849273681640625,-1,-1,-1,-1
184,3,348.5631103515625,438.5101318359375,46.94805908203125,43.4898681640625,-1,-1,-1,-1
7,4,474.9441223144531,178.13345336914062,26.796356201171875,72.30522155761719,-1,-1,-1,-1
8,4,475.4139099121094,178.13906860351562,26.64898681640625,71.76393127441406,-1,-1,-1,-1
9,4,477.4802551269531,177.97120666503906,26.07879638671875,70.65653991699219,-1,-1,-1,-1
10,4,478.2751770019531,177.76588439941406,25.8353271484375,69.32281494140625,-1,-1,-1,-1
11,4,480.9927673339844,177.9349365234375,25.11279296875,66.78019714355469,-1,-1,-1,-1
12,4,481.5977478027344,177.92861938476562,24.87078857421875,66.68048095703125,-1,-1,-1,-1
13,4,482.9873352050781,177.70033264160156,24.38250732421875,66.73431396484375,-1,-1,-1,-1
14,4,483.55108642578125,177.1251678466797,24.432373046875,67.35697937011719,-1,-1,-1,-1
15,4,484.6357727050781,176.5670166015625,24.32403564453125,67.35908508300781,-1,-1,-1,-1
16,4,485.2281799316406,176.3154754638672,24.334075927734375,67.23777770996094,-1,-1,-1,-1
17,4,486.2610778808594,175.6890869140625,24.222747802734375,67.06999206542969,-1,-1,-1,-1
18,4,486.9124450683594,174.96131896972656,24.201385498046875,67.25210571289062,-1,-1,-1,-1
19,4,488.0130920410156,174.12835693359375,23.900054931640625,67.51397705078125,-1,-1,-1,-1
20,4,488.51031494140625,173.80445861816406,23.995758056640625,67.55635070800781,-1,-1,-1,-1
21,4,488.9666748046875,173.83824157714844,23.9412841796875,67.43278503417969,-1,-1,-1,-1
22,4,489.3655090332031,174.0083770751953,23.97711181640625,67.10101318359375,-1,-1,-1,-1
23,4,489.8132019042969,173.72872924804688,24.02880859375,66.86811828613281,-1,-1,-1,-1
24,4,490.08306884765625,173.2147979736328,24.190185546875,67.33673095703125,-1,-1,-1,-1
25,4,490.518798828125,172.66603088378906,24.2625732421875,67.73213195800781,-1,-1,-1,-1
26,4,490.8992004394531,172.53353881835938,24.358184814453125,67.05390930175781,-1,-1,-1,-1
27,4,491.45281982421875,172.05145263671875,24.18670654296875,66.78848266601562,-1,-1,-1,-1
28,4,491.8785095214844,171.970947265625,24.174041748046875,66.47775268554688,-1,-1,-1,-1
29,4,492.354248046875,171.43878173828125,24.24456787109375,66.70997619628906,-1,-1,-1,-1
30,4,492.7489013671875,171.2965850830078,24.40667724609375,66.78192138671875,-1,-1,-1,-1
31,4,493.3590393066406,171.13449096679688,24.402130126953125,66.53582763671875,-1,-1,-1,-1
32,4,493.9137878417969,171.39181518554688,24.302520751953125,65.96821594238281,-1,-1,-1,-1
33,4,494.9223327636719,171.60398864746094,24.085418701171875,65.54489135742188,-1,-1,-1,-1
34,4,495.4306945800781,171.59410095214844,23.969268798828125,65.40383911132812,-1,-1,-1,-1
35,4,496.2116394042969,171.2420196533203,23.890411376953125,65.25178527832031,-1,-1,-1,-1
36,4,496.9698791503906,170.63905334472656,23.750701904296875,65.398193359375,-1,-1,-1,-1
37,4,497.6471252441406,169.1571807861328,24.169586181640625,66.47064208984375,-1,-1,-1,-1
38,4,498.0743713378906,168.51901245117188,24.192169189453125,67.01878356933594,-1,-1,-1,-1
39,4,498.4923095703125,167.83229064941406,24.11053466796875,67.48200988769531,-1,-1,-1,-1
40,4,498.9068298339844,167.80563354492188,24.145782470703125,67.1966552734375,-1,-1,-1,-1
41,4,499.271484375,167.81326293945312,24.33648681640625,67.13468933105469,-1,-1,-1,-1
42,4,499.62872314453125,167.96173095703125,24.17144775390625,66.91517639160156,-1,-1,-1,-1
43,4,499.9916687011719,168.05673217773438,23.922698974609375,66.74252319335938,-1,-1,-1,-1
44,4,500.2104187011719,168.21682739257812,23.825653076171875,66.55003356933594,-1,-1,-1,-1
45,4,500.2529602050781,167.72145080566406,23.793914794921875,66.92680358886719,-1,-1,-1,-1
46,4,500.3514099121094,167.46478271484375,23.678558349609375,66.57650756835938,-1,-1,-1,-1
47,4,500.3208923339844,166.922607421875,23.811370849609375,65.78904724121094,-1,-1,-1,-1
48,4,500.5391540527344,166.7666015625,23.697052001953125,64.59640502929688,-1,-1,-1,-1
49,4,500.64599609375,165.50491333007812,24.065673828125,65.29066467285156,-1,-1,-1,-1
50,4,500.8963317871094,164.79190063476562,24.003570556640625,65.58668518066406,-1,-1,-1,-1
51,4,501.2630310058594,164.13475036621094,23.831878662109375,65.85797119140625,-1,-1,-1,-1
52,4,501.6543884277344,164.1562957763672,23.684295654296875,65.61459350585938,-1,-1,-1,-1
53,4,502.33941650390625,164.1114501953125,23.44329833984375,65.40742492675781,-1,-1,-1,-1
54,4,502.6819763183594,164.22511291503906,23.579193115234375,65.21673583984375,-1,-1,-1,-1
55,4,503.17742919921875,164.3275909423828,23.76727294921875,65.00566101074219,-1,-1,-1,-1
56,4,503.67034912109375,164.33505249023438,23.58819580078125,64.76248168945312,-1,-1,-1,-1
57,4,504.4071350097656,164.01353454589844,23.753753662109375,64.66720581054688,-1,-1,-1,-1
58,4,504.9192810058594,163.76669311523438,23.799530029296875,64.6005859375,-1,-1,-1,-1
59,4,505.8248291015625,162.6356964111328,23.90155029296875,64.3907470703125,-1,-1,-1,-1
60,4,506.31005859375,162.39083862304688,23.82867431640625,64.03602600097656,-1,-1,-1,-1
61,4,506.8742370605469,161.81089782714844,23.940521240234375,64.18048095703125,-1,-1,-1,-1
62,4,507.3095397949219,161.68875122070312,23.889373779296875,64.42616271972656,-1,-1,-1,-1
63,4,508.0876770019531,161.4783935546875,23.728118896484375,64.63706970214844,-1,-1,-1,-1
64,4,508.4242248535156,161.40940856933594,23.856292724609375,64.53042602539062,-1,-1,-1,-1
65,4,508.98150634765625,161.53228759765625,23.6229248046875,63.8370361328125,-1,-1,-1,-1
66,4,509.5433044433594,161.71092224121094,23.345306396484375,63.46171569824219,-1,-1,-1,-1
67,4,510.0436096191406,161.30577087402344,23.276763916015625,63.50645446777344,-1,-1,-1,-1
68,4,510.4422912597656,160.74134826660156,23.449188232421875,63.59175109863281,-1,-1,-1,-1
69,4,511.0329284667969,159.37246704101562,23.737823486328125,64.47966003417969,-1,-1,-1,-1
70,4,511.2077941894531,159.16831970214844,24.013031005859375,64.53419494628906,-1,-1,-1,-1
71,4,511.6648864746094,158.22879028320312,24.080291748046875,65.07479858398438,-1,-1,-1,-1
72,4,512.1762084960938,158.1664276123047,24.06829833984375,64.7994384765625,-1,-1,-1,-1
73,4,512.7072143554688,157.70318603515625,23.929443359375,65.06985473632812,-1,-1,-1,-1
74,4,513.2144165039062,157.62521362304688,23.69122314453125,64.92352294921875,-1,-1,-1,-1
75,4,513.9767456054688,157.9056396484375,23.44744873046875,64.055419921875,-1,-1,-1,-1
76,4,514.430419921875,158.01426696777344,23.32769775390625,63.959686279296875,-1,-1,-1,-1
77,4,515.587158203125,158.41015625,23.1968994140625,63.19920349121094,-1,-1,-1,-1
78,4,516.2922973632812,157.93093872070312,23.339599609375,63.453826904296875,-1,-1,-1,-1
79,4,517.4835815429688,156.47850036621094,23.67059326171875,64.40423583984375,-1,-1,-1,-1
80,4,517.79931640625,156.10775756835938,23.879150390625,64.15328979492188,-1,-1,-1,-1
81,4,518.3428955078125,155.3903045654297,24.045166015625,64.12657165527344,-1,-1,-1,-1
82,4,518.9314575195312,154.87367248535156,23.8675537109375,64.46238708496094,-1,-1,-1,-1
83,4,519.5845336914062,154.56936645507812,23.84783935546875,64.4468994140625,-1,-1,-1,-1
84,4,520.10595703125,154.56298828125,23.80908203125,64.2406005859375,-1,-1,-1,-1
85,4,520.7305908203125,154.52947998046875,23.69171142578125,64.22334289550781,-1,-1,-1,-1
86,4,520.9421997070312,154.5870819091797,23.7193603515625,64.15011596679688,-1,-1,-1,-1
87,4,521.2266845703125,154.68435668945312,23.65704345703125,63.94291687011719,-1,-1,-1,-1
88,4,521.4439697265625,154.5092010498047,23.77374267578125,63.94935607910156,-1,-1,-1,-1
89,4,521.845703125,154.33401489257812,23.887939453125,63.521759033203125,-1,-1,-1,-1
90,4,522.2606811523438,154.11819458007812,23.82110595703125,62.54856872558594,-1,-1,-1,-1
91,4,522.4275512695312,153.16464233398438,24.1087646484375,62.466461181640625,-1,-1,-1,-1
92,4,522.7223510742188,152.64002990722656,24.13848876953125,62.884552001953125,-1,-1,-1,-1
93,4,523.11962890625,152.376220703125,24.06719970703125,63.187896728515625,-1,-1,-1,-1
94,4,523.5159301757812,151.97012329101562,24.10064697265625,63.473602294921875,-1,-1,-1,-1
95,4,524.0841674804688,151.68923950195312,23.916015625,63.566253662109375,-1,-1,-1,-1
96,4,524.6052856445312,151.64073181152344,23.8046875,63.44984436035156,-1,-1,-1,-1
97,4,525.1990356445312,151.8854522705078,23.966796875,62.98486328125,-1,-1,-1,-1
98,4,525.7988891601562,151.90774536132812,24.06317138671875,62.516632080078125,-1,-1,-1,-1
99,4,526.6826782226562,151.44558715820312,24.093994140625,62.678741455078125,-1,-1,-1,-1
100,4,527.1195068359375,151.0433807373047,24.1468505859375,62.953857421875,-1,-1,-1,-1
101,4,528.357421875,149.94976806640625,23.6982421875,63.6839599609375,-1,-1,-1,-1
102,4,528.9699096679688,149.69920349121094,23.354248046875,63.48126220703125,-1,-1,-1,-1
103,4,530.0587158203125,149.0950469970703,22.99114990234375,63.3043212890625,-1,-1,-1,-1
104,4,530.5185546875,148.91134643554688,22.9664306640625,62.974609375,-1,-1,-1,-1
105,4,530.8961791992188,148.81259155273438,22.96490478515625,62.88407897949219,-1,-1,-1,-1
106,4,531.2909545898438,149.00282287597656,22.922119140625,62.570343017578125,-1,-1,-1,-1
107,4,531.7131958007812,148.9430389404297,22.740966796875,62.79582214355469,-1,-1,-1,-1
108,4,531.8385009765625,148.95932006835938,22.81134033203125,62.76835632324219,-1,-1,-1,-1
109,4,531.9761962890625,148.91554260253906,22.77301025390625,62.560791015625,-1,-1,-1,-1
110,4,532.1266479492188,148.38804626464844,22.77252197265625,62.64044189453125,-1,-1,-1,-1
111,4,532.283447265625,148.27195739746094,22.8310546875,61.89344787597656,-1,-1,-1,-1
112,4,532.42724609375,148.0118408203125,22.95623779296875,61.1673583984375,-1,-1,-1,-1
113,4,532.7724609375,147.3347930908203,23.26751708984375,61.25016784667969,-1,-1,-1,-1
114,4,533.0128784179688,146.80357360839844,23.41412353515625,61.71246337890625,-1,-1,-1,-1
115,4,533.6107788085938,146.14535522460938,23.2152099609375,62.064056396484375,-1,-1,-1,-1
116,4,534.1001586914062,145.8365478515625,22.9638671875,61.95903015136719,-1,-1,-1,-1
117,4,534.65380859375,145.70172119140625,22.79071044921875,61.50450134277344,-1,-1,-1,-1
118,4,535.2103881835938,145.74496459960938,22.7965087890625,61.004913330078125,-1,-1,-1,-1
119,4,535.9859008789062,145.63916015625,22.908447265625,60.8363037109375,-1,-1,-1,-1
120,4,536.542724609375,145.49600219726562,22.87841796875,60.90043640136719,-1,-1,-1,-1
121,4,537.3502807617188,145.2638702392578,23.05242919921875,60.99113464355469,-1,-1,-1,-1
122,4,537.9461669921875,144.78749084472656,23.1895751953125,61.34739685058594,-1,-1,-1,-1
123,4,538.6756591796875,143.91371154785156,23.3216552734375,61.64402770996094,-1,-1,-1,-1
124,4,539.000244140625,143.8044891357422,23.52032470703125,61.407867431640625,-1,-1,-1,-1
125,4,539.6771850585938,143.33555603027344,23.42376708984375,60.769683837890625,-1,-1,-1,-1
126,4,540.2178344726562,143.2061004638672,23.2930908203125,60.6749267578125,-1,-1,-1,-1
127,4,540.9403686523438,143.02903747558594,23.29888916015625,60.77423095703125,-1,-1,-1,-1
128,4,541.3504028320312,142.99049377441406,23.37060546875,60.58818054199219,-1,-1,-1,-1
129,4,541.806640625,142.9714813232422,23.32666015625,60.69989013671875,-1,-1,-1,-1
130,4,541.9992065429688,142.91171264648438,23.2952880859375,60.739471435546875,-1,-1,-1,-1
131,4,542.338623046875,142.96432495117188,23.20623779296875,60.31550598144531,-1,-1,-1,-1
132,4,542.8252563476562,142.72080993652344,22.9312744140625,60.18778991699219,-1,-1,-1,-1
133,4,543.4657592773438,142.1105499267578,22.72259521484375,59.732696533203125,-1,-1,-1,-1
134,4,543.8917236328125,141.64047241210938,22.7384033203125,59.64056396484375,-1,-1,-1,-1
135,4,544.3880004882812,141.02310180664062,22.741455078125,60.127105712890625,-1,-1,-1,-1
136,4,544.9534301757812,140.47189331054688,22.63836669921875,60.795440673828125,-1,-1,-1,-1
137,4,545.6336059570312,139.88677978515625,22.61627197265625,61.32051086425781,-1,-1,-1,-1
138,4,545.991943359375,139.7326202392578,22.81756591796875,61.40644836425781,-1,-1,-1,-1
139,4,547.0458984375,139.58656311035156,22.89630126953125,61.5240478515625,-1,-1,-1,-1
140,4,547.5425415039062,139.87083435058594,22.981201171875,61.12239074707031,-1,-1,-1,-1
141,4,548.6265258789062,140.19140625,22.954345703125,60.60206604003906,-1,-1,-1,-1
142,4,549.2756958007812,140.2548065185547,22.92138671875,60.418609619140625,-1,-1,-1,-1
143,4,550.451171875,139.809814453125,22.9429931640625,61.026763916015625,-1,-1,-1,-1
144,4,550.944580078125,139.3602294921875,22.96258544921875,61.15629577636719,-1,-1,-1,-1
145,4,552.5339965820312,137.92823791503906,23.07196044921875,61.28956604003906,-1,-1,-1,-1
146,4,552.9935302734375,137.8775177001953,22.92022705078125,60.900909423828125,-1,-1,-1,-1
147,4,553.63427734375,137.53074645996094,22.944091796875,60.5084228515625,-1,-1,-1,-1
148,4,554.3755493164062,137.14540100097656,22.86273193359375,60.501922607421875,-1,-1,-1,-1
149,4,554.9984130859375,137.03306579589844,22.7388916015625,60.570343017578125,-1,-1,-1,-1
150,4,555.5965576171875,137.1961212158203,22.7088623046875,60.484619140625,-1,-1,-1,-1
151,4,556.143798828125,137.17852783203125,22.61376953125,60.92353820800781,-1,-1,-1,-1
152,4,556.3857421875,137.037109375,22.68359375,60.918304443359375,-1,-1,-1,-1
153,4,556.862548828125,136.67254638671875,22.6510009765625,60.837158203125,-1,-1,-1,-1
154,4,557.4097290039062,136.26571655273438,22.65380859375,60.616668701171875,-1,-1,-1,-1
155,4,558.5205078125,135.769287109375,22.2264404296875,59.73713684082031,-1,-1,-1,-1
156,4,558.899658203125,135.60385131835938,22.4073486328125,59.663665771484375,-1,-1,-1,-1
157,4,559.9633178710938,134.83792114257812,22.70782470703125,60.615264892578125,-1,-1,-1,-1
158,4,560.3525390625,134.78878784179688,22.8582763671875,60.83868408203125,-1,-1,-1,-1
159,4,561.0463256835938,134.64303588867188,22.89801025390625,60.761260986328125,-1,-1,-1,-1
160,4,561.6175537109375,134.4228057861328,23.06689453125,60.9014892578125,-1,-1,-1,-1
161,4,562.1737060546875,134.35769653320312,23.3812255859375,60.87229919433594,-1,-1,-1,-1
162,4,562.5953979492188,134.49984741210938,23.5185546875,60.67710876464844,-1,-1,-1,-1
163,4,563.408203125,134.49166870117188,23.337646484375,60.21717834472656,-1,-1,-1,-1
164,4,564.292236328125,134.10623168945312,23.23980712890625,60.19065856933594,-1,-1,-1,-1
165,4,565.408447265625,133.2183837890625,23.29559326171875,60.47027587890625,-1,-1,-1,-1
166,4,565.8518676757812,133.08950805664062,23.2589111328125,60.24128723144531,-1,-1,-1,-1
167,4,567.167236328125,132.7008514404297,22.810302734375,59.72917175292969,-1,-1,-1,-1
168,4,567.6248168945312,132.4584503173828,22.61138916015625,59.524871826171875,-1,-1,-1,-1
169,4,569.04736328125,131.9853515625,22.15911865234375,59.672515869140625,-1,-1,-1,-1
170,4,569.4765014648438,131.94798278808594,21.96075439453125,60.12922668457031,-1,-1,-1,-1
171,4,570.1400756835938,131.9738311767578,21.763671875,60.358489990234375,-1,-1,-1,-1
172,4,570.4369506835938,131.88880920410156,21.7373046875,60.27314758300781,-1,-1,-1,-1
173,4,570.9940795898438,131.82130432128906,21.46868896484375,60.09553527832031,-1,-1,-1,-1
174,4,571.3585205078125,131.53280639648438,21.34576416015625,60.35740661621094,-1,-1,-1,-1
175,4,571.7390747070312,130.93931579589844,21.596923828125,60.58079528808594,-1,-1,-1,-1
176,4,571.9544677734375,130.74261474609375,21.6226806640625,60.394012451171875,-1,-1,-1,-1
177,4,572.3956909179688,130.25326538085938,21.45257568359375,59.95002746582031,-1,-1,-1,-1
178,4,572.6337890625,129.91909790039062,21.633544921875,59.96055603027344,-1,-1,-1,-1
179,4,573.0463256835938,129.70553588867188,21.72296142578125,60.198150634765625,-1,-1,-1,-1
180,4,573.4024658203125,129.51353454589844,21.79486083984375,60.19242858886719,-1,-1,-1,-1
181,4,574.697265625,129.92596435546875,21.82623291015625,59.41349792480469,-1,-1,-1,-1
182,4,575.1458129882812,129.66357421875,22.10015869140625,59.62725830078125,-1,-1,-1,-1
183,4,575.66552734375,129.56173706054688,22.185302734375,59.68011474609375,-1,-1,-1,-1
184,4,575.895263671875,129.36598205566406,22.49749755859375,59.85050964355469,-1,-1,-1,-1
185,4,576.5256958007812,129.28465270996094,22.7281494140625,59.35218811035156,-1,-1,-1,-1
186,4,577.322021484375,129.3213653564453,22.711181640625,59.04754638671875,-1,-1,-1,-1
187,4,578.5101928710938,128.2801971435547,22.403076171875,59.48272705078125,-1,-1,-1,-1
188,4,579.0362548828125,127.68256378173828,22.46820068359375,59.36341094970703,-1,-1,-1,-1
189,4,579.6287841796875,126.90751647949219,22.524658203125,59.64799499511719,-1,-1,-1,-1
190,4,579.987548828125,126.95410919189453,22.566650390625,59.34380340576172,-1,-1,-1,-1
191,4,580.3438720703125,126.92623138427734,22.52459716796875,59.25672149658203,-1,-1,-1,-1
192,4,580.8226318359375,127.00762939453125,22.289306640625,59.24266052246094,-1,-1,-1,-1
193,4,581.14599609375,127.08950805664062,22.34735107421875,58.839385986328125,-1,-1,-1,-1
194,4,581.2879638671875,127.03116607666016,22.40606689453125,58.859764099121094,-1,-1,-1,-1
195,4,581.5009765625,126.45145416259766,22.4833984375,59.02265167236328,-1,-1,-1,-1
196,4,581.733642578125,126.15206146240234,22.45465087890625,59.02191925048828,-1,-1,-1,-1
197,4,581.9121704101562,125.80231475830078,22.49200439453125,58.41480255126953,-1,-1,-1,-1
198,4,582.1111450195312,125.38359832763672,22.5830078125,58.62592315673828,-1,-1,-1,-1
199,4,582.3958740234375,124.9288101196289,22.50396728515625,58.950462341308594,-1,-1,-1,-1
200,4,582.7154541015625,124.61521911621094,22.35443115234375,59.174041748046875,-1,-1,-1,-1
130,5,563.5938720703125,74.08421325683594,19.525390625,42.56831359863281,-1,-1,-1,-1
131,5,563.4278564453125,73.60999298095703,19.9915771484375,43.99061584472656,-1,-1,-1,-1
132,5,562.98095703125,72.77946472167969,20.21917724609375,45.63080596923828,-1,-1,-1,-1
133,5,563.0274658203125,77.33737182617188,18.36871337890625,41.307716369628906,-1,-1,-1,-1
134,5,562.4503784179688,78.5032958984375,17.48822021484375,40.375953674316406,-1,-1,-1,-1
135,5,562.3222045898438,78.77518463134766,17.274658203125,40.47908020019531,-1,-1,-1,-1
136,5,562.5409545898438,79.78064727783203,16.83599853515625,39.330604553222656,-1,-1,-1,-1
137,5,561.8318481445312,77.9627685546875,17.31451416015625,40.85894775390625,-1,-1,-1,-1
140,5,561.05322265625,78.09046173095703,17.6697998046875,40.979156494140625,-1,-1,-1,-1
141,5,560.01806640625,78.59709167480469,18.81280517578125,42.035308837890625,-1,-1,-1,-1
142,5,559.4507446289062,78.28491973876953,18.09588623046875,41.695762634277344,-1,-1,-1,-1
143,5,558.1405639648438,78.0851821899414,19.37286376953125,42.39794921875,-1,-1,-1,-1
144,5,557.8469848632812,77.32012176513672,19.605712890625,43.34546661376953,-1,-1,-1,-1
145,5,558.6536254882812,79.1982421875,17.6947021484375,41.515586853027344,-1,-1,-1,-1
146,5,558.2147827148438,78.97449493408203,17.3770751953125,41.63960266113281,-1,-1,-1,-1
147,5,556.7471923828125,76.93633270263672,17.99127197265625,43.10944366455078,-1,-1,-1,-1
148,5,556.1834716796875,77.3506088256836,17.7149658203125,42.79768371582031,-1,-1,-1,-1
149,5,555.1582641601562,78.79759979248047,17.71966552734375,41.668418884277344,-1,-1,-1,-1
150,5,554.7068481445312,78.67874145507812,18.01934814453125,42.80680847167969,-1,-1,-1,-1
151,5,554.0856323242188,78.89512634277344,17.9129638671875,43.117103576660156,-1,-1,-1,-1
152,5,553.2230224609375,79.85054779052734,17.616455078125,42.781097412109375,-1,-1,-1,-1
153,5,551.9385986328125,80.52837371826172,17.9246826171875,43.06709289550781,-1,-1,-1,-1
154,5,550.97119140625,81.02133178710938,18.4169921875,42.84031677246094,-1,-1,-1,-1
155,5,550.13134765625,80.23870086669922,18.92962646484375,43.06145477294922,-1,-1,-1,-1
156,5,549.4898071289062,80.0359878540039,19.44757080078125,43.76728820800781,-1,-1,-1,-1
157,5,549.3397216796875,80.03034973144531,19.3824462890625,44.396270751953125,-1,-1,-1,-1
158,5,548.761962890625,80.17182159423828,19.66259765625,44.7904052734375,-1,-1,-1,-1
159,5,547.4309692382812,80.91351318359375,20.51690673828125,44.847145080566406,-1,-1,-1,-1
160,5,546.5551147460938,81.16416931152344,20.98626708984375,44.68415069580078,-1,-1,-1,-1
161,5,546.4155883789062,81.71086120605469,20.3333740234375,43.607635498046875,-1,-1,-1,-1
162,5,546.0665283203125,81.40509033203125,20.17645263671875,43.60350036621094,-1,-1,-1,-1
163,5,544.6052856445312,81.45637512207031,20.82757568359375,44.086509704589844,-1,-1,-1,-1
164,5,543.9835205078125,81.20219421386719,20.95184326171875,44.4923095703125,-1,-1,-1,-1
165,5,544.235595703125,81.38373565673828,19.2769775390625,43.70354461669922,-1,-1,-1,-1
166,5,543.893310546875,81.08699035644531,19.2679443359375,44.52543640136719,-1,-1,-1,-1
167,5,543.5277099609375,81.09778594970703,19.32305908203125,45.09800720214844,-1,-1,-1,-1
168,5,543.0604858398438,81.64044952392578,19.1431884765625,44.84996795654297,-1,-1,-1,-1
169,5,542.1482543945312,82.45501708984375,18.91949462890625,44.40348815917969,-1,-1,-1,-1
170,5,541.656982421875,82.81375122070312,18.91973876953125,44.34062957763672,-1,-1,-1,-1
171,5,540.4330444335938,82.3057632446289,19.9525146484375,45.280357360839844,-1,-1,-1,-1
172,5,540.342041015625,82.38494873046875,19.62860107421875,45.354408264160156,-1,-1,-1,-1
173,5,539.836181640625,81.83106231689453,20.029541015625,45.71800231933594,-1,-1,-1,-1
174,5,539.449951171875,81.79664611816406,20.52447509765625,45.69731140136719,-1,-1,-1,-1
175,5,539.0123901367188,82.27409362792969,20.69879150390625,45.476646423339844,-1,-1,-1,-1
176,5,538.7405395507812,81.93846130371094,21.02081298828125,46.18255615234375,-1,-1,-1,-1
177,5,537.760986328125,81.9365234375,21.8572998046875,47.70606231689453,-1,-1,-1,-1
178,5,537.7373046875,82.23379516601562,21.6024169921875,48.03880310058594,-1,-1,-1,-1
179,5,537.6677856445312,83.435546875,21.10546875,46.65449523925781,-1,-1,-1,-1
180,5,537.7275390625,84.0368881225586,20.53143310546875,45.80946350097656,-1,-1,-1,-1
181,5,537.8021850585938,84.40119171142578,19.90325927734375,45.69605255126953,-1,-1,-1,-1
182,5,537.3154907226562,84.83734130859375,19.96612548828125,45.34205627441406,-1,-1,-1,-1
183,5,536.1085205078125,85.77435302734375,19.34576416015625,43.973304748535156,-1,-1,-1,-1
184,5,535.5601806640625,85.79133605957031,19.92694091796875,44.62733459472656,-1,-1,-1,-1
185,5,534.08984375,86.33811950683594,21.1002197265625,46.07408142089844,-1,-1,-1,-1
186,5,534.1370239257812,86.58999633789062,20.87701416015625,46.171173095703125,-1,-1,-1,-1
187,5,534.2738037109375,87.04036712646484,20.36810302734375,45.52191925048828,-1,-1,-1,-1
188,5,533.7286376953125,87.60403442382812,20.5106201171875,44.95744323730469,-1,-1,-1,-1
189,5,532.8875122070312,87.81114196777344,20.58367919921875,44.9132080078125,-1,-1,-1,-1
190,5,532.5615844726562,87.58427429199219,20.83197021484375,44.93128967285156,-1,-1,-1,-1
191,5,531.0661010742188,86.73413848876953,21.89349365234375,46.42522430419922,-1,-1,-1,-1
192,5,530.650146484375,86.7228775024414,22.10906982421875,46.711647033691406,-1,-1,-1,-1
193,5,530.20703125,87.36153411865234,22.25213623046875,47.55579376220703,-1,-1,-1,-1
194,5,529.9616088867188,87.75090789794922,21.91375732421875,47.41185760498047,-1,-1,-1,-1
195,5,529.4739990234375,88.55728149414062,21.4324951171875,47.46043395996094,-1,-1,-1,-1
196,5,529.2844848632812,88.73899841308594,21.26849365234375,47.42286682128906,-1,-1,-1,-1
197,5,528.8639526367188,88.8448486328125,21.40869140625,47.086883544921875,-1,-1,-1,-1
198,5,528.553955078125,88.70751190185547,21.16448974609375,47.046302795410156,-1,-1,-1,-1
199,5,527.4686889648438,88.77164459228516,21.3876953125,47.45470428466797,-1,-1,-1,-1
200,5,527.1170654296875,88.62520599365234,21.31707763671875,47.375404357910156,-1,-1,-1,-1
195,6,609.2847900390625,81.45731353759766,21.88226318359375,58.246055603027344,-1,-1,-1,-1
197,6,606.9151000976562,79.4585189819336,22.30584716796875,59.068016052246094,-1,-1,-1,-1
198,6,606.93701171875,80.1337890625,21.46728515625,59.33399963378906,-1,-1,-1,-1
199,6,606.2551879882812,78.01533508300781,21.68084716796875,60.88499450683594,-1,-1,-1,-1
200,6,606.0553588867188,75.19312286376953,21.99029541015625,63.660438537597656,-1,-1,-1,-1
