1,1,179.04769897460938,318.219970703125,33.25791931152344,89.08026123046875,-1,-1,-1,-1
2,1,178.90347290039062,318.6842956542969,33.156982421875,89.146240234375,-1,-1,-1,-1
3,1,178.89442443847656,319.57049560546875,32.89323425292969,89.52548217773438,-1,-1,-1,-1
4,1,178.73704528808594,319.9599914550781,32.59979248046875,89.3275146484375,-1,-1,-1,-1
5,1,177.53277587890625,320.1744384765625,33.48808288574219,89.91397094726562,-1,-1,-1,-1
6,1,176.02706909179688,320.0002136230469,34.50367736816406,90.56808471679688,-1,-1,-1,-1
7,1,173.47999572753906,320.0564880371094,35.62275695800781,91.76736450195312,-1,-1,-1,-1
8,1,172.53497314453125,320.29974365234375,35.827972412109375,92.15054321289062,-1,-1,-1,-1
9,1,167.74835205078125,322.0636901855469,37.938018798828125,92.088623046875,-1,-1,-1,-1
10,1,166.9049530029297,323.1668701171875,37.94793701171875,91.470947265625,-1,-1,-1,-1
11,1,165.79417419433594,324.01806640625,38.48704528808594,92.55813598632812,-1,-1,-1,-1
12,1,164.8656005859375,325.06976318359375,38.68009948730469,92.26153564453125,-1,-1,-1,-1
13,1,163.68389892578125,326.0007629394531,37.0499267578125,91.58453369140625,-1,-1,-1,-1
14,1,162.81300354003906,326.13446044921875,36.219390869140625,91.58798217773438,-1,-1,-1,-1
15,1,161.63665771484375,326.0958557128906,34.409942626953125,91.74063110351562,-1,-1,-1,-1
16,1,160.5918426513672,325.8557434082031,34.00303649902344,92.307373046875,-1,-1,-1,-1
17,1,157.13613891601562,326.4280090332031,35.60389709472656,92.8468017578125,-1,-1,-1,-1
18,1,155.69613647460938,326.8350830078125,36.32795715332031,93.193115234375,-1,-1,-1,-1
19,1,154.92697143554688,328.2176208496094,35.70368957519531,92.44976806640625,-1,-1,-1,-1
20,1,154.92950439453125,329.5361633300781,34.631317138671875,91.90789794921875,-1,-1,-1,-1
21,1,154.3839111328125,331.0400695800781,34.51068115234375,93.18161010742188,-1,-1,-1,-1
22,1,154.61886596679688,332.44805908203125,33.940643310546875,92.63702392578125,-1,-1,-1,-1
23,1,153.97657775878906,333.5992736816406,34.530853271484375,92.53567504882812,-1,-1,-1,-1
24,1,153.44619750976562,334.0743408203125,34.481842041015625,92.25347900390625,-1,-1,-1,-1
25,1,152.34500122070312,334.1982727050781,34.03173828125,92.3717041015625,-1,-1,-1,-1
26,1,151.29263305664062,333.8931884765625,34.17973327636719,93.23556518554688,-1,-1,-1,-1
27,1,147.27474975585938,333.8691711425781,35.83097839355469,94.82769775390625,-1,-1,-1,-1
28,1,145.58956909179688,334.1312561035156,36.97792053222656,95.46896362304688,-1,-1,-1,-1
29,1,141.26632690429688,335.703125,38.47267150878906,95.152099609375,-1,-1,-1,-1
30,1,141.09384155273438,336.9768371582031,37.41285705566406,94.02783203125,-1,-1,-1,-1
31,1,140.1601104736328,338.91705322265625,36.20356750488281,93.16928100585938,-1,-1,-1,-1
32,1,138.344482421875,339.1875305175781,37.19306945800781,94.14569091796875,-1,-1,-1,-1
33,1,135.8978729248047,339.43768310546875,39.62335205078125,94.69039916992188,-1,-1,-1,-1
34,1,135.0048065185547,340.00421142578125,40.18280029296875,94.44671630859375,-1,-1,-1,-1
35,1,132.87315368652344,340.5008850097656,39.77360534667969,94.72906494140625,-1,-1,-1,-1
36,1,132.19969177246094,340.963134765625,37.94508361816406,94.55886840820312,-1,-1,-1,-1
37,1,129.4005584716797,341.981201171875,36.22142028808594,94.616943359375,-1,-1,-1,-1
38,1,128.5104751586914,342.3644104003906,36.193824768066406,94.8909912109375,-1,-1,-1,-1
39,1,127.28348541259766,343.3804931640625,36.08538055419922,94.75888061523438,-1,-1,-1,-1
40,1,126.05157470703125,344.4492492675781,35.835723876953125,94.4632568359375,-1,-1,-1,-1
41,1,125.46149444580078,346.6862487792969,34.816688537597656,93.20013427734375,-1,-1,-1,-1
42,1,125.18453979492188,347.2287292480469,34.39598083496094,93.78488159179688,-1,-1,-1,-1
43,1,124.75037384033203,347.610107421875,33.969261169433594,95.6036376953125,-1,-1,-1,-1
44,1,124.17891693115234,348.131591796875,33.93291473388672,96.0123291015625,-1,-1,-1,-1
45,1,122.75650024414062,348.3853759765625,33.83924865722656,95.71218872070312,-1,-1,-1,-1
46,1,122.04207611083984,348.61041259765625,33.47681427001953,95.594482421875,-1,-1,-1,-1
47,1,118.02376556396484,348.710205078125,34.79370880126953,96.38504028320312,-1,-1,-1,-1
48,1,116.04902648925781,349.0023193359375,36.031219482421875,97.41220092773438,-1,-1,-1,-1
49,1,110.97029113769531,350.8843994140625,39.65705871582031,96.84823608398438,-1,-1,-1,-1
50,1,109.96421813964844,351.6601257324219,39.937286376953125,96.6475830078125,-1,-1,-1,-1
51,1,108.38684844970703,353.2822265625,40.70355987548828,96.6590576171875,-1,-1,-1,-1
52,1,107.19205474853516,354.46087646484375,40.99126434326172,96.85513305664062,-1,-1,-1,-1
53,1,104.89374542236328,355.7038269042969,40.65465545654297,96.729736328125,-1,-1,-1,-1
54,1,104.06912994384766,356.5105285644531,39.95825958251953,96.45404052734375,-1,-1,-1,-1
55,1,101.61222839355469,356.99578857421875,37.7430419921875,96.29644775390625,-1,-1,-1,-1
56,1,100.8126449584961,356.62451171875,37.007240295410156,96.14468383789062,-1,-1,-1,-1
57,1,98.79267883300781,356.8604736328125,37.38273620605469,97.05874633789062,-1,-1,-1,-1
58,1,97.75182342529297,357.2576599121094,37.422813415527344,97.47930908203125,-1,-1,-1,-1
59,1,95.50634765625,358.6975402832031,38.02803039550781,97.77548217773438,-1,-1,-1,-1
60,1,94.18135833740234,359.7945251464844,37.761436462402344,97.84381103515625,-1,-1,-1,-1
61,1,91.44461822509766,361.1716613769531,37.98267364501953,98.6094970703125,-1,-1,-1,-1
62,1,90.45738220214844,362.16650390625,37.782752990722656,98.82110595703125,-1,-1,-1,-1
63,1,89.37779235839844,363.64752197265625,37.815460205078125,98.14926147460938,-1,-1,-1,-1
64,1,88.99571228027344,363.875,37.51808166503906,98.97900390625,-1,-1,-1,-1
65,1,87.98514556884766,363.560546875,37.28608703613281,99.0166015625,-1,-1,-1,-1
66,1,87.49594116210938,363.2754211425781,37.28832244873047,99.6600341796875,-1,-1,-1,-1
67,1,83.02239227294922,364.16033935546875,37.64115905761719,99.31072998046875,-1,-1,-1,-1
68,1,81.48096466064453,363.98968505859375,37.713050842285156,99.84765625,-1,-1,-1,-1
69,1,74.94000244140625,365.46026611328125,40.69505310058594,99.42263793945312,-1,-1,-1,-1
70,1,73.82574462890625,365.92828369140625,40.790611267089844,99.28225708007812,-1,-1,-1,-1
71,1,70.43233489990234,367.9131164550781,42.49784851074219,98.01910400390625,-1,-1,-1,-1
72,1,69.04168701171875,369.012939453125,43.74507141113281,98.29534912109375,-1,-1,-1,-1
73,1,66.88066101074219,369.6097717285156,43.56684112548828,99.85498046875,-1,-1,-1,-1
74,1,65.85346984863281,370.4686584472656,43.017486572265625,99.64425659179688,-1,-1,-1,-1
75,1,62.4544563293457,371.0888366699219,42.278324127197266,100.0040283203125,-1,-1,-1,-1
76,1,61.70494079589844,370.8997802734375,40.73973083496094,100.49871826171875,-1,-1,-1,-1
77,1,59.00001525878906,371.4832458496094,40.33515930175781,100.01559448242188,-1,-1,-1,-1
78,1,57.721187591552734,372.3163757324219,40.6146354675293,99.095458984375,-1,-1,-1,-1
79,1,55.67485046386719,373.7796325683594,41.23241424560547,98.835693359375,-1,-1,-1,-1
80,1,54.76596450805664,374.487060546875,41.30210494995117,99.47732543945312,-1,-1,-1,-1
81,1,53.58790969848633,375.95050048828125,40.8466911315918,100.45828247070312,-1,-1,-1,-1
82,1,53.063262939453125,377.7464599609375,38.533905029296875,99.61257934570312,-1,-1,-1,-1
83,1,51.08109664916992,379.1241455078125,37.19736099243164,99.40090942382812,-1,-1,-1,-1
84,1,49.652732849121094,379.1932678222656,37.74224853515625,99.76416015625,-1,-1,-1,-1
85,1,48.73454284667969,379.3057556152344,37.688720703125,100.73712158203125,-1,-1,-1,-1
86,1,48.22792053222656,379.2454528808594,37.3370361328125,100.06402587890625,-1,-1,-1,-1
87,1,44.92436599731445,379.1808776855469,38.6193962097168,101.54833984375,-1,-1,-1,-1
88,1,42.390506744384766,379.43408203125,39.08333969116211,102.3690185546875,-1,-1,-1,-1
89,1,35.630584716796875,381.6539001464844,41.44917297363281,100.34609985351562,-1,-1,-1,-1
90,1,35.187557220458984,382.20428466796875,41.76945877075195,99.79571533203125,-1,-1,-1,-1
91,1,35.5499267578125,384.11920166015625,39.80409240722656,97.88079833984375,-1,-1,-1,-1
92,1,34.91644287109375,385.226806640625,38.849334716796875,96.773193359375,-1,-1,-1,-1
93,1,31.27366065979004,386.737548828125,38.756513595581055,95.262451171875,-1,-1,-1,-1
94,1,29.939268112182617,388.3202209472656,38.958024978637695,93.67977905273438,-1,-1,-1,-1
95,1,25.75169563293457,389.9863586425781,40.09877586364746,92.01364135742188,-1,-1,-1,-1
96,1,22.76797866821289,389.3551025390625,39.84117889404297,92.6448974609375,-1,-1,-1,-1
97,1,18.469392776489258,388.4651794433594,39.03619575500488,93.53482055664062,-1,-1,-1,-1
98,1,18.145870208740234,388.4524841308594,38.40271759033203,93.54751586914062,-1,-1,-1,-1
99,1,15.06907844543457,388.93597412109375,40.62948036193848,93.06402587890625,-1,-1,-1,-1
100,1,13.6658296585083,390.4100646972656,40.32455348968506,91.58993530273438,-1,-1,-1,-1
101,1,11.676008224487305,393.8866271972656,39.934370040893555,88.11337280273438,-1,-1,-1,-1
102,1,10.181380271911621,394.2088623046875,40.11600208282471,87.7911376953125,-1,-1,-1,-1
103,1,9.905723571777344,395.7283020019531,38.5085563659668,86.27169799804688,-1,-1,-1,-1
104,1,8.990393161773682,396.4845275878906,38.13433599472046,85.51547241210938,-1,-1,-1,-1
105,1,6.107883930206299,398.0722961425781,38.541186809539795,83.92770385742188,-1,-1,-1,-1
106,1,4.702343463897705,397.4365539550781,37.1537127494812,84.56344604492188,-1,-1,-1,-1
107,1,1.7965099811553955,397.1261901855469,37.74909472465515,84.87380981445312,-1,-1,-1,-1
108,1,1.0,398.7772521972656,37.1952018737793,83.22274780273438,-1,-1,-1,-1
109,1,1.0,401.1059265136719,34.14413833618164,80.89407348632812,-1,-1,-1,-1
110,1,1.0,400.50933837890625,33.2134895324707,81.49066162109375,-1,-1,-1,-1
1,2,214.53143310546875,356.77392578125,37.07012939453125,97.71331787109375,-1,-1,-1,-1
2,2,214.87921142578125,364.53656005859375,35.87115478515625,89.7457275390625,-1,-1,-1,-1
3,2,213.32167053222656,366.0409851074219,36.39044189453125,89.77685546875,-1,-1,-1,-1
4,2,213.30880737304688,366.50054931640625,35.72206115722656,89.363037109375,-1,-1,-1,-1
5,2,212.97537231445312,366.78912353515625,34.89582824707031,88.97119140625,-1,-1,-1,-1
6,2,211.8548583984375,362.9300842285156,35.26350402832031,93.092529296875,-1,-1,-1,-1
7,2,209.43922424316406,363.32159423828125,36.39680480957031,93.045166015625,-1,-1,-1,-1
8,2,208.656494140625,359.3393859863281,36.104034423828125,96.637451171875,-1,-1,-1,-1
9,2,208.46295166015625,363.3166198730469,33.87870788574219,94.73690795898438,-1,-1,-1,-1
10,2,207.58970642089844,357.02264404296875,34.166229248046875,100.77871704101562,-1,-1,-1,-1
11,2,205.64071655273438,356.4129333496094,34.74937438964844,102.55160522460938,-1,-1,-1,-1
12,2,204.31997680664062,354.021728515625,35.16136169433594,106.6309814453125,-1,-1,-1,-1
15,2,201.50244140625,375.7933654785156,31.930648803710938,88.06314086914062,-1,-1,-1,-1
16,2,198.9958038330078,373.52783203125,34.2803955078125,90.83206176757812,-1,-1,-1,-1
17,2,197.74246215820312,376.4201354980469,33.97904968261719,88.5006103515625,-1,-1,-1,-1
18,2,196.8699951171875,378.06304931640625,33.63368225097656,87.78790283203125,-1,-1,-1,-1
19,2,196.0751495361328,377.55194091796875,33.06976318359375,91.62197875976562,-1,-1,-1,-1
20,2,194.77899169921875,377.4385986328125,33.437896728515625,92.8555908203125,-1,-1,-1,-1
21,2,190.45181274414062,380.96649169921875,35.59489440917969,91.92242431640625,-1,-1,-1,-1
22,2,189.62124633789062,382.8179931640625,35.85472106933594,90.51608276367188,-1,-1,-1,-1
23,2,189.07559204101562,383.925537109375,35.013427734375,91.17922973632812,-1,-1,-1,-1
24,2,189.3089599609375,383.96630859375,34.3406982421875,91.34475708007812,-1,-1,-1,-1
25,2,189.7005157470703,383.5409851074219,33.34837341308594,91.7601318359375,-1,-1,-1,-1
26,2,189.6810760498047,384.241455078125,33.12347412109375,91.13037109375,-1,-1,-1,-1
27,2,188.48202514648438,383.2508544921875,33.16697692871094,92.10830688476562,-1,-1,-1,-1
28,2,184.23858642578125,372.8578186035156,36.44850158691406,102.14285278320312,-1,-1,-1,-1
29,2,184.73541259765625,384.24468994140625,34.419830322265625,92.97756958007812,-1,-1,-1,-1
30,2,183.8876190185547,384.4908447265625,34.51387023925781,92.64874267578125,-1,-1,-1,-1
31,2,180.4349365234375,383.52325439453125,35.37702941894531,92.74758911132812,-1,-1,-1,-1
32,2,181.9994659423828,387.459716796875,31.76336669921875,91.57171630859375,-1,-1,-1,-1
33,2,179.05914306640625,390.3470764160156,32.83453369140625,91.65292358398438,-1,-1,-1,-1
34,2,177.53030395507812,384.47454833984375,32.697021484375,95.49844360351562,-1,-1,-1,-1
35,2,176.31326293945312,389.86505126953125,32.00923156738281,91.31808471679688,-1,-1,-1,-1
36,2,175.37196350097656,390.9037780761719,31.75311279296875,91.06597900390625,-1,-1,-1,-1
37,2,173.01097106933594,391.4378967285156,32.880706787109375,90.56210327148438,-1,-1,-1,-1
38,2,171.59593200683594,391.0332946777344,33.379852294921875,90.96670532226562,-1,-1,-1,-1
40,2,168.6978302001953,391.4404602050781,32.72969055175781,90.55953979492188,-1,-1,-1,-1
41,2,164.74851989746094,399.1923828125,35.680328369140625,82.8076171875,-1,-1,-1,-1
42,2,162.72607421875,402.2816467285156,37.100128173828125,79.71835327148438,-1,-1,-1,-1
45,2,161.158935546875,400.6402587890625,31.859832763671875,81.3597412109375,-1,-1,-1,-1
46,2,159.98971557617188,399.7688903808594,31.74578857421875,82.23110961914062,-1,-1,-1,-1
1,3,503.5020446777344,102.43303680419922,22.923431396484375,53.05809783935547,-1,-1,-1,-1
2,3,503.19268798828125,102.79037475585938,22.7498779296875,53.22087097167969,-1,-1,-1,-1
3,3,502.440673828125,102.70853424072266,23.12896728515625,53.90642547607422,-1,-1,-1,-1
4,3,501.9336242675781,102.50342559814453,22.999237060546875,54.58238983154297,-1,-1,-1,-1
5,3,501.3521423339844,103.33442687988281,23.003814697265625,54.23719787597656,-1,-1,-1,-1
6,3,501.0634765625,103.86557006835938,22.91949462890625,54.19548034667969,-1,-1,-1,-1
7,3,500.8355712890625,105.13892364501953,22.10174560546875,53.219566345214844,-1,-1,-1,-1
8,3,500.42279052734375,105.553466796875,22.33941650390625,53.12281799316406,-1,-1,-1,-1
9,3,499.7999572753906,105.82796478271484,22.713104248046875,53.079917907714844,-1,-1,-1,-1
10,3,499.39691162109375,105.8235855102539,22.919189453125,52.99707794189453,-1,-1,-1,-1
11,3,498.5126647949219,105.6959228515625,23.415252685546875,53.40806579589844,-1,-1,-1,-1
12,3,497.81524658203125,105.67017364501953,23.89849853515625,53.52678680419922,-1,-1,-1,-1
13,3,497.7711181640625,106.53807830810547,23.41766357421875,53.27251434326172,-1,-1,-1,-1
14,3,497.945556640625,107.7372817993164,22.6832275390625,52.460853576660156,-1,-1,-1,-1
15,3,497.4454650878906,108.45125579833984,22.846527099609375,52.643211364746094,-1,-1,-1,-1
16,3,497.2895812988281,108.569580078125,22.945220947265625,52.9755859375,-1,-1,-1,-1
17,3,496.9315490722656,109.0478744506836,22.647857666015625,52.774574279785156,-1,-1,-1,-1
18,3,496.738525390625,109.09076690673828,22.20098876953125,52.868614196777344,-1,-1,-1,-1
19,3,496.1069641113281,108.49060821533203,22.688690185546875,53.80242156982422,-1,-1,-1,-1
20,3,495.81256103515625,108.40611267089844,22.61083984375,54.30476379394531,-1,-1,-1,-1
21,3,495.2661437988281,108.24193572998047,22.744964599609375,55.308143615722656,-1,-1,-1,-1
22,3,495.1896057128906,108.81334686279297,22.553192138671875,55.740623474121094,-1,-1,-1,-1
23,3,495.42730712890625,109.86199951171875,21.6634521484375,55.48291015625,-1,-1,-1,-1
24,3,495.6518249511719,110.51615142822266,21.094940185546875,55.502220153808594,-1,-1,-1,-1
25,3,495.2967834472656,111.216796875,21.338836669921875,55.3292236328125,-1,-1,-1,-1
26,3,495.1069641113281,111.65133666992188,21.657684326171875,55.118560791015625,-1,-1,-1,-1
27,3,494.6654052734375,111.7068862915039,21.987060546875,55.173500061035156,-1,-1,-1,-1
28,3,494.193359375,111.55071258544922,22.54498291015625,55.29560089111328,-1,-1,-1,-1
29,3,493.2900695800781,111.7391357421875,22.959808349609375,55.421173095703125,-1,-1,-1,-1
30,3,492.2615966796875,112.11299896240234,23.70953369140625,55.42353057861328,-1,-1,-1,-1
31,3,491.7662048339844,113.32246398925781,23.105621337890625,54.97857666015625,-1,-1,-1,-1
32,3,490.7616271972656,114.20244598388672,23.243560791015625,54.52857208251953,-1,-1,-1,-1
33,3,490.5592346191406,115.3899154663086,22.52197265625,53.60059356689453,-1,-1,-1,-1
34,3,489.8193054199219,115.9072036743164,22.783966064453125,53.418235778808594,-1,-1,-1,-1
35,3,488.1152648925781,116.03736114501953,23.76025390625,53.70325469970703,-1,-1,-1,-1
36,3,487.6249084472656,115.73493194580078,23.9495849609375,54.04431915283203,-1,-1,-1,-1
37,3,487.1942443847656,115.81409454345703,24.165283203125,54.427223205566406,-1,-1,-1,-1
38,3,487.0533752441406,115.81584930419922,24.459259033203125,55.22870635986328,-1,-1,-1,-1
39,3,486.3207092285156,115.4903335571289,25.1358642578125,56.661598205566406,-1,-1,-1,-1
40,3,486.35577392578125,115.72327423095703,25.1270751953125,56.785850524902344,-1,-1,-1,-1
41,3,486.23797607421875,116.49119567871094,25.04254150390625,56.80589294433594,-1,-1,-1,-1
42,3,486.3981018066406,117.37784576416016,24.71282958984375,56.00580596923828,-1,-1,-1,-1
43,3,486.4572448730469,117.81006622314453,24.32940673828125,56.087608337402344,-1,-1,-1,-1
44,3,486.3279113769531,117.4560317993164,24.229705810546875,56.793251037597656,-1,-1,-1,-1
45,3,485.7482604980469,117.39682006835938,23.534576416015625,57.018646240234375,-1,-1,-1,-1
46,3,485.1477355957031,117.21736907958984,23.454864501953125,57.441184997558594,-1,-1,-1,-1
47,3,484.0247802734375,117.05093383789062,23.787841796875,58.42314147949219,-1,-1,-1,-1
48,3,482.8526306152344,117.33799743652344,24.44873046875,58.91648864746094,-1,-1,-1,-1
49,3,481.4236755371094,118.41763305664062,25.2457275390625,58.44000244140625,-1,-1,-1,-1
50,3,480.9139709472656,119.02546691894531,25.27801513671875,58.37120056152344,-1,-1,-1,-1
51,3,480.2751159667969,119.86292266845703,25.1080322265625,57.663856506347656,-1,-1,-1,-1
52,3,480.1854248046875,120.42251586914062,24.616058349609375,57.10435485839844,-1,-1,-1,-1
53,3,479.9000244140625,120.55612182617188,24.224365234375,57.210662841796875,-1,-1,-1,-1
54,3,479.7627868652344,120.57137298583984,24.10760498046875,57.26752471923828,-1,-1,-1,-1
55,3,479.1091003417969,120.41289520263672,24.578765869140625,58.28734588623047,-1,-1,-1,-1
56,3,478.8443603515625,120.8447036743164,24.49066162109375,58.25788116455078,-1,-1,-1,-1
57,3,478.624267578125,121.77496337890625,24.1119384765625,57.909454345703125,-1,-1,-1,-1
58,3,478.4715576171875,122.56127166748047,23.740753173828125,57.448158264160156,-1,-1,-1,-1
59,3,478.0624694824219,123.67610931396484,23.24627685546875,56.996742248535156,-1,-1,-1,-1
60,3,477.1518249511719,123.9405746459961,23.482940673828125,57.45201873779297,-1,-1,-1,-1
61,3,476.4386291503906,123.84703826904297,23.682098388671875,58.134727478027344,-1,-1,-1,-1
62,3,476.05975341796875,124.04226684570312,23.535614013671875,58.02647399902344,-1,-1,-1,-1
63,3,475.27899169921875,124.03479766845703,23.59039306640625,58.312782287597656,-1,-1,-1,-1
64,3,474.5559997558594,123.8898696899414,23.7457275390625,58.74915313720703,-1,-1,-1,-1
65,3,473.3808288574219,124.08509063720703,24.2587890625,59.06340789794922,-1,-1,-1,-1
66,3,472.6953125,124.69783020019531,24.727691650390625,58.84443664550781,-1,-1,-1,-1
67,3,471.9331359863281,125.55248260498047,24.97320556640625,58.73595428466797,-1,-1,-1,-1
68,3,471.7269287109375,126.3608169555664,24.46051025390625,58.303443908691406,-1,-1,-1,-1
69,3,471.2324523925781,127.29254913330078,23.91937255859375,57.735313415527344,-1,-1,-1,-1
70,3,471.20391845703125,127.73762512207031,22.79248046875,57.33940124511719,-1,-1,-1,-1
71,3,470.5516662597656,127.82648468017578,22.70721435546875,57.79100799560547,-1,-1,-1,-1
72,3,470.3169250488281,127.93843841552734,22.54608154296875,57.90251922607422,-1,-1,-1,-1
73,3,469.61260986328125,127.92816925048828,22.783172607421875,58.75244903564453,-1,-1,-1,-1
74,3,469.33349609375,128.74005889892578,22.4456787109375,58.38152313232422,-1,-1,-1,-1
75,3,468.8147888183594,130.3795166015625,22.360137939453125,57.515289306640625,-1,-1,-1,-1
76,3,468.503662109375,130.72645568847656,22.32305908203125,57.68511962890625,-1,-1,-1,-1
77,3,467.9382019042969,131.216796875,22.665985107421875,57.8392333984375,-1,-1,-1,-1
78,3,467.3793029785156,132.060791015625,22.7381591796875,57.24908447265625,-1,-1,-1,-1
79,3,466.7652282714844,131.54296875,22.9910888671875,57.97447204589844,-1,-1,-1,-1
80,3,466.4022216796875,131.2443084716797,22.997283935546875,58.20686340332031,-1,-1,-1,-1
81,3,465.8177795410156,130.85061645507812,22.981536865234375,59.153167724609375,-1,-1,-1,-1
82,3,465.2154846191406,131.09344482421875,23.166595458984375,59.78153991699219,-1,-1,-1,-1
83,3,463.0712890625,132.77182006835938,24.509552001953125,59.121337890625,-1,-1,-1,-1
84,3,462.34332275390625,134.045166015625,24.68682861328125,58.01007080078125,-1,-1,-1,-1
85,3,461.6452331542969,135.2740020751953,24.559814453125,57.20013427734375,-1,-1,-1,-1
86,3,461.2664489746094,136.01852416992188,24.202606201171875,56.510101318359375,-1,-1,-1,-1
87,3,461.2766418457031,135.68247985839844,23.6929931640625,57.2730712890625,-1,-1,-1,-1
88,3,461.2322692871094,135.79248046875,23.350738525390625,57.503265380859375,-1,-1,-1,-1
89,3,460.753173828125,135.60447692871094,23.38873291015625,58.26579284667969,-1,-1,-1,-1
90,3,460.42913818359375,135.71493530273438,23.7076416015625,58.755859375,-1,-1,-1,-1
91,3,460.1500244140625,135.61544799804688,24.321929931640625,59.85111999511719,-1,-1,-1,-1
92,3,460.0941467285156,135.870361328125,24.548583984375,60.54118347167969,-1,-1,-1,-1
93,3,459.56591796875,136.03125,25.6331787109375,60.91572570800781,-1,-1,-1,-1
94,3,459.40594482421875,136.53741455078125,25.5980224609375,60.83067321777344,-1,-1,-1,-1
95,3,458.8360290527344,136.3743438720703,25.94049072265625,61.533905029296875,-1,-1,-1,-1
96,3,458.35723876953125,136.62969970703125,26.332916259765625,61.665069580078125,-1,-1,-1,-1
97,3,457.9668884277344,136.93438720703125,25.3409423828125,60.70503234863281,-1,-1,-1,-1
98,3,457.1756591796875,136.89895629882812,25.550567626953125,61.15013122558594,-1,-1,-1,-1
99,3,455.8089294433594,136.9159698486328,26.1407470703125,61.90484619140625,-1,-1,-1,-1
100,3,455.2594299316406,138.06747436523438,26.1041259765625,61.043212890625,-1,-1,-1,-1
101,3,454.5649719238281,139.5757293701172,25.50506591796875,60.110504150390625,-1,-1,-1,-1
102,3,454.1891784667969,141.2107391357422,24.665771484375,58.97431945800781,-1,-1,-1,-1
103,3,453.69873046875,141.32586669921875,24.09033203125,59.211395263671875,-1,-1,-1,-1
104,3,453.45184326171875,141.91029357910156,23.3212890625,58.73284912109375,-1,-1,-1,-1
105,3,453.0722351074219,141.5101318359375,23.242919921875,59.67204284667969,-1,-1,-1,-1
106,3,452.5039367675781,140.99143981933594,23.203948974609375,60.587432861328125,-1,-1,-1,-1
107,3,451.8589172363281,141.26341247558594,23.22161865234375,61.16783142089844,-1,-1,-1,-1
108,3,451.6812744140625,141.74790954589844,22.657928466796875,61.30058288574219,-1,-1,-1,-1
109,3,451.79840087890625,142.56373596191406,23.05548095703125,62.21942138671875,-1,-1,-1,-1
110,3,451.6761169433594,143.1337432861328,23.362518310546875,62.316497802734375,-1,-1,-1,-1
111,3,451.4290771484375,144.08184814453125,23.730621337890625,61.6463623046875,-1,-1,-1,-1
112,3,451.3141784667969,144.87474060058594,23.76983642578125,61.1717529296875,-1,-1,-1,-1
113,3,451.00982666015625,145.03125,23.773651123046875,61.34368896484375,-1,-1,-1,-1
114,3,450.7562255859375,145.3724822998047,23.459808349609375,61.15472412109375,-1,-1,-1,-1
115,3,449.95416259765625,145.20770263671875,23.248046875,61.36442565917969,-1,-1,-1,-1
116,3,449.485107421875,145.41961669921875,22.8800048828125,61.04261779785156,-1,-1,-1,-1
117,3,447.7137451171875,145.67405700683594,23.723236083984375,61.71623229980469,-1,-1,-1,-1
118,3,447.1963195800781,146.63131713867188,23.5179443359375,61.19203186035156,-1,-1,-1,-1
119,3,446.6206359863281,148.4036407470703,23.323486328125,60.07978820800781,-1,-1,-1,-1
120,3,446.410888671875,150.05101013183594,22.76324462890625,58.671661376953125,-1,-1,-1,-1
121,3,446.1340637207031,150.45326232910156,22.028778076171875,58.50053405761719,-1,-1,-1,-1
122,3,445.70904541015625,150.24952697753906,22.035430908203125,59.178497314453125,-1,-1,-1,-1
123,3,445.1983642578125,149.7554931640625,22.111236572265625,60.18463134765625,-1,-1,-1,-1
124,3,444.92596435546875,149.52566528320312,22.043731689453125,60.78330993652344,-1,-1,-1,-1
125,3,444.3028259277344,149.87600708007812,22.69293212890625,61.19960021972656,-1,-1,-1,-1
126,3,443.8002624511719,150.05029296875,23.533111572265625,61.973388671875,-1,-1,-1,-1
127,3,443.26849365234375,151.2823486328125,24.706085205078125,61.81028747558594,-1,-1,-1,-1
128,3,443.2049560546875,151.9041290283203,25.4984130859375,62.008392333984375,-1,-1,-1,-1
129,3,442.94085693359375,152.32691955566406,26.3978271484375,63.2646484375,-1,-1,-1,-1
130,3,442.96759033203125,152.82174682617188,26.17816162109375,63.31144714355469,-1,-1,-1,-1
131,3,442.92169189453125,152.9214324951172,25.890625,63.516845703125,-1,-1,-1,-1
132,3,442.9883117675781,152.86968994140625,25.1534423828125,63.12579345703125,-1,-1,-1,-1
133,3,442.6689758300781,152.70265197753906,23.8116455078125,63.42547607421875,-1,-1,-1,-1
134,3,442.24786376953125,152.7336883544922,23.498748779296875,63.52403259277344,-1,-1,-1,-1
135,3,441.53155517578125,153.2001495361328,23.581146240234375,63.59614562988281,-1,-1,-1,-1
136,3,440.8093566894531,153.88101196289062,23.67352294921875,63.38267517089844,-1,-1,-1,-1
137,3,439.6167907714844,154.7483367919922,23.8856201171875,63.520751953125,-1,-1,-1,-1
138,3,439.1998291015625,155.42031860351562,23.766510009765625,63.345367431640625,-1,-1,-1,-1
139,3,438.77337646484375,156.5447998046875,23.502410888671875,62.365386962890625,-1,-1,-1,-1
140,3,438.2883605957031,156.86756896972656,23.515380859375,62.17433166503906,-1,-1,-1,-1
141,3,437.37518310546875,156.47653198242188,24.124298095703125,63.18316650390625,-1,-1,-1,-1
142,3,437.0870056152344,156.1866455078125,24.26580810546875,64.14239501953125,-1,-1,-1,-1
143,3,436.8855895996094,156.91600036621094,24.384918212890625,64.51181030273438,-1,-1,-1,-1
144,3,436.9927673339844,158.32069396972656,24.501312255859375,63.499359130859375,-1,-1,-1,-1
145,3,436.8335266113281,159.40838623046875,24.935821533203125,63.35957336425781,-1,-1,-1,-1
146,3,436.8987731933594,160.01426696777344,25.10284423828125,63.60676574707031,-1,-1,-1,-1
147,3,436.86602783203125,160.6310272216797,25.405609130859375,63.79034423828125,-1,-1,-1,-1
148,3,436.90423583984375,160.96990966796875,25.3570556640625,63.77262878417969,-1,-1,-1,-1
149,3,436.9026184082031,160.92282104492188,24.815277099609375,63.645660400390625,-1,-1,-1,-1
150,3,436.5126037597656,160.64874267578125,24.274322509765625,64.00198364257812,-1,-1,-1,-1
151,3,435.57672119140625,160.27462768554688,24.187896728515625,64.74461364746094,-1,-1,-1,-1
152,3,435.211669921875,160.81051635742188,23.326507568359375,64.32835388183594,-1,-1,-1,-1
153,3,434.63232421875,162.20838928222656,23.038665771484375,63.63496398925781,-1,-1,-1,-1
154,3,434.0753173828125,163.7053680419922,23.103240966796875,62.89642333984375,-1,-1,-1,-1
155,3,433.8915100097656,165.04734802246094,22.231597900390625,62.71925354003906,-1,-1,-1,-1
156,3,433.7538757324219,165.91159057617188,21.667022705078125,62.30015563964844,-1,-1,-1,-1
157,3,432.7918395996094,166.63861083984375,21.910186767578125,61.93995666503906,-1,-1,-1,-1
158,3,432.3767395019531,166.4947509765625,22.05615234375,62.43281555175781,-1,-1,-1,-1
159,3,431.96551513671875,166.34884643554688,22.47100830078125,63.43251037597656,-1,-1,-1,-1
160,3,431.61712646484375,166.32113647460938,23.059661865234375,64.00285339355469,-1,-1,-1,-1
161,3,431.0848083496094,167.01205444335938,23.957916259765625,64.30625915527344,-1,-1,-1,-1
162,3,430.7322692871094,168.4082794189453,24.756317138671875,63.56146240234375,-1,-1,-1,-1
163,3,430.4473876953125,169.5930633544922,25.849884033203125,63.6507568359375,-1,-1,-1,-1
164,3,430.40625,170.1888427734375,26.21685791015625,63.86994934082031,-1,-1,-1,-1
165,3,430.3035583496094,170.59323120117188,26.0400390625,64.08158874511719,-1,-1,-1,-1
166,3,430.2308654785156,170.79173278808594,25.8543701171875,64.1029052734375,-1,-1,-1,-1
167,3,429.37628173828125,170.76869201660156,25.17132568359375,64.03533935546875,-1,-1,-1,-1
168,3,429.0031433105469,170.78033447265625,24.42529296875,64.16275024414062,-1,-1,-1,-1
169,3,427.7855529785156,171.0204315185547,24.69464111328125,64.54086303710938,-1,-1,-1,-1
170,3,427.01251220703125,171.9539031982422,24.612548828125,63.850555419921875,-1,-1,-1,-1
171,3,425.9342956542969,173.0648193359375,24.816986083984375,63.59358215332031,-1,-1,-1,-1
172,3,425.463134765625,174.29931640625,24.893218994140625,62.90727233886719,-1,-1,-1,-1
173,3,425.2061767578125,174.79652404785156,24.269683837890625,62.788238525390625,-1,-1,-1,-1
174,3,424.9787292480469,175.1082000732422,24.1778564453125,63.01567077636719,-1,-1,-1,-1
175,3,424.9021301269531,175.00247192382812,24.126678466796875,63.50587463378906,-1,-1,-1,-1
176,3,424.7443542480469,174.64028930664062,24.094268798828125,64.64164733886719,-1,-1,-1,-1
177,3,424.06768798828125,175.00167846679688,24.89190673828125,65.56916809082031,-1,-1,-1,-1
178,3,423.9620361328125,175.67291259765625,25.128265380859375,65.38021850585938,-1,-1,-1,-1
179,3,423.4434509277344,177.5454864501953,26.01068115234375,64.37704467773438,-1,-1,-1,-1
180,3,423.1878662109375,178.6533660888672,26.871124267578125,64.03387451171875,-1,-1,-1,-1
181,3,422.9840087890625,179.59471130371094,27.290802001953125,64.26312255859375,-1,-1,-1,-1
182,3,422.86773681640625,179.9563446044922,27.09002685546875,64.49815368652344,-1,-1,-1,-1
183,3,423.13311767578125,180.20828247070312,26.143096923828125,64.36207580566406,-1,-1,-1,-1
184,3,423.12445068359375,180.0207977294922,25.29779052734375,64.10169982910156,-1,-1,-1,-1
185,3,422.2911682128906,179.72366333007812,24.89532470703125,64.81581115722656,-1,-1,-1,-1
186,3,421.7044982910156,179.57766723632812,24.202178955078125,65.58638000488281,-1,-1,-1,-1
187,3,420.1601867675781,180.32760620117188,24.026824951171875,65.97955322265625,-1,-1,-1,-1
188,3,419.6326904296875,181.4790496826172,23.884674072265625,65.52317810058594,-1,-1,-1,-1
189,3,418.7875671386719,183.03497314453125,23.844818115234375,64.98994445800781,-1,-1,-1,-1
190,3,418.3377380371094,184.06292724609375,23.67352294921875,64.85675048828125,-1,-1,-1,-1
191,3,417.6329345703125,184.6031036376953,23.748291015625,64.80239868164062,-1,-1,-1,-1
192,3,417.0127258300781,184.92054748535156,23.94720458984375,64.67643737792969,-1,-1,-1,-1
193,3,416.3574523925781,184.93296813964844,24.19110107421875,65.134521484375,-1,-1,-1,-1
194,3,415.9631042480469,185.09779357910156,24.378692626953125,65.21487426757812,-1,-1,-1,-1
195,3,415.4744567871094,185.78060913085938,24.995147705078125,65.38780212402344,-1,-1,-1,-1
196,3,415.0135803222656,186.58642578125,25.7493896484375,65.61917114257812,-1,-1,-1,-1
197,3,414.13604736328125,187.6201629638672,27.88677978515625,66.35353088378906,-1,-1,-1,-1
198,3,413.7174377441406,188.1832275390625,28.798858642578125,67.10250854492188,-1,-1,-1,-1
199,3,413.52496337890625,188.603271484375,29.4718017578125,67.69053649902344,-1,-1,-1,-1
200,3,413.6290283203125,189.1471405029297,29.17913818359375,67.52499389648438,-1,-1,-1,-1
1,4,361.3180236816406,188.13612365722656,25.3101806640625,66.20053100585938,-1,-1,-1,-1
2,4,360.82598876953125,188.63975524902344,25.607635498046875,65.94670104980469,-1,-1,-1,-1
3,4,359.4334411621094,190.5630340576172,26.302978515625,65.08824157714844,-1,-1,-1,-1
4,4,358.38397216796875,192.39041137695312,26.547760009765625,63.68916320800781,-1,-1,-1,-1
5,4,356.6192932128906,194.4999542236328,26.92633056640625,63.12812805175781,-1,-1,-1,-1
6,4,356.14520263671875,194.88967895507812,26.62896728515625,62.88148498535156,-1,-1,-1,-1
7,4,354.3564758300781,195.6433868408203,27.11273193359375,62.78334045410156,-1,-1,-1,-1
8,4,353.9632263183594,195.9078369140625,25.8756103515625,62.401458740234375,-1,-1,-1,-1
9,4,352.63507080078125,195.5907745361328,26.02252197265625,63.40248107910156,-1,-1,-1,-1
10,4,351.945068359375,195.86941528320312,26.705596923828125,62.70318603515625,-1,-1,-1,-1
11,4,350.9151611328125,196.26734924316406,27.87445068359375,65.09996032714844,-1,-1,-1,-1
12,4,349.5111389160156,197.16104125976562,29.411224365234375,64.68661499023438,-1,-1,-1,-1
13,4,348.7856750488281,199.09268188476562,30.163055419921875,62.821746826171875,-1,-1,-1,-1
14,4,348.0468444824219,200.3021240234375,30.68365478515625,62.727508544921875,-1,-1,-1,-1
15,4,346.6818542480469,201.32350158691406,30.92156982421875,61.72554016113281,-1,-1,-1,-1
16,4,345.393310546875,201.63739013671875,30.50201416015625,61.74774169921875,-1,-1,-1,-1
17,4,343.1462097167969,200.9576873779297,30.049163818359375,63.20005798339844,-1,-1,-1,-1
18,4,342.6425476074219,201.17544555664062,28.6500244140625,62.985137939453125,-1,-1,-1,-1
19,4,339.4967346191406,201.388916015625,27.75103759765625,63.21392822265625,-1,-1,-1,-1
20,4,338.26776123046875,201.29579162597656,27.51434326171875,63.59495544433594,-1,-1,-1,-1
21,4,336.4982604980469,202.1692657470703,28.01312255859375,64.53153991699219,-1,-1,-1,-1
22,4,335.8321533203125,202.71774291992188,27.912841796875,65.22055053710938,-1,-1,-1,-1
23,4,334.542724609375,203.5174560546875,27.922607421875,65.65530395507812,-1,-1,-1,-1
24,4,333.4394836425781,203.97573852539062,28.010406494140625,65.511962890625,-1,-1,-1,-1
25,4,332.59075927734375,204.4243621826172,27.370849609375,65.37596130371094,-1,-1,-1,-1
26,4,332.412841796875,204.63775634765625,26.875091552734375,65.24493408203125,-1,-1,-1,-1
27,4,330.9769287109375,204.79542541503906,26.770050048828125,65.56581115722656,-1,-1,-1,-1
28,4,328.4775085449219,204.72874450683594,27.928314208984375,66.01676940917969,-1,-1,-1,-1
29,4,326.0768127441406,205.04603576660156,28.951263427734375,66.36436462402344,-1,-1,-1,-1
30,4,325.85693359375,205.5763702392578,28.893341064453125,66.47639465332031,-1,-1,-1,-1
31,4,325.55169677734375,206.30514526367188,29.50286865234375,66.6015625,-1,-1,-1,-1
32,4,324.292724609375,206.94224548339844,30.672882080078125,67.00077819824219,-1,-1,-1,-1
33,4,323.42401123046875,207.8546600341797,31.380950927734375,66.64122009277344,-1,-1,-1,-1
34,4,322.65753173828125,208.3095245361328,32.177978515625,66.44285583496094,-1,-1,-1,-1
35,4,321.9744567871094,208.734130859375,31.910980224609375,66.41818237304688,-1,-1,-1,-1
36,4,321.66400146484375,209.02857971191406,31.4544677734375,66.57728576660156,-1,-1,-1,-1
37,4,319.1895751953125,208.6354217529297,31.943572998046875,67.66471862792969,-1,-1,-1,-1
38,4,318.39825439453125,208.57766723632812,30.36566162109375,68.00747680664062,-1,-1,-1,-1
39,4,315.8216247558594,209.3123779296875,29.912811279296875,68.72378540039062,-1,-1,-1,-1
40,4,315.2548522949219,210.1058349609375,29.326416015625,69.027587890625,-1,-1,-1,-1
41,4,315.3654479980469,211.933349609375,27.64996337890625,67.63473510742188,-1,-1,-1,-1
42,4,314.890380859375,212.6675567626953,27.1304931640625,67.31907653808594,-1,-1,-1,-1
43,4,314.4817810058594,213.41798400878906,25.80059814453125,67.11833190917969,-1,-1,-1,-1
44,4,313.6275939941406,213.39019775390625,25.661285400390625,67.53570556640625,-1,-1,-1,-1
45,4,311.36322021484375,213.4305877685547,26.5706787109375,67.96009826660156,-1,-1,-1,-1
46,4,310.58935546875,213.55975341796875,26.580718994140625,67.76504516601562,-1,-1,-1,-1
47,4,308.6600341796875,213.59024047851562,27.273223876953125,68.12646484375,-1,-1,-1,-1
48,4,308.33349609375,213.85400390625,27.05889892578125,69.08526611328125,-1,-1,-1,-1
49,4,307.8742370605469,215.022705078125,27.21783447265625,69.03244018554688,-1,-1,-1,-1
50,4,307.591796875,215.96832275390625,27.701904296875,67.97845458984375,-1,-1,-1,-1
51,4,306.92095947265625,217.3571319580078,28.8255615234375,68.60185241699219,-1,-1,-1,-1
52,4,306.34521484375,217.6136932373047,29.33734130859375,69.37986755371094,-1,-1,-1,-1
53,4,305.4075622558594,218.8929901123047,29.609771728515625,68.91297912597656,-1,-1,-1,-1
54,4,304.7313232421875,219.52267456054688,29.853912353515625,69.13504028320312,-1,-1,-1,-1
55,4,303.2779235839844,220.42501831054688,30.00726318359375,67.94375610351562,-1,-1,-1,-1
56,4,302.2796936035156,220.8560333251953,28.788238525390625,67.47615051269531,-1,-1,-1,-1
57,4,300.9834899902344,221.04904174804688,27.29827880859375,67.82546997070312,-1,-1,-1,-1
58,4,299.1249694824219,221.14381408691406,27.470458984375,68.50627136230469,-1,-1,-1,-1
59,4,298.0877685546875,222.06336975097656,27.52471923828125,68.26344299316406,-1,-1,-1,-1
60,4,297.57373046875,222.88314819335938,27.248687744140625,67.99093627929688,-1,-1,-1,-1
61,4,295.643310546875,223.79776000976562,27.591156005859375,68.15411376953125,-1,-1,-1,-1
62,4,294.7044372558594,224.1292266845703,28.25042724609375,68.34431457519531,-1,-1,-1,-1
63,4,294.04058837890625,224.59934997558594,27.8031005859375,68.32521057128906,-1,-1,-1,-1
64,4,293.22857666015625,224.54544067382812,28.080780029296875,68.77297973632812,-1,-1,-1,-1
65,4,292.5898132324219,224.3417510986328,28.4005126953125,68.99604797363281,-1,-1,-1,-1
66,4,292.2472839355469,225.25218200683594,27.837371826171875,68.16441345214844,-1,-1,-1,-1
67,4,291.1468505859375,225.2864532470703,28.909515380859375,70.99443054199219,-1,-1,-1,-1
68,4,290.7589416503906,225.4970245361328,29.619110107421875,71.37666320800781,-1,-1,-1,-1
69,4,289.42889404296875,226.7388916015625,29.08001708984375,70.39306640625,-1,-1,-1,-1
70,4,288.74591064453125,227.50572204589844,28.9462890625,70.94273376464844,-1,-1,-1,-1
71,4,288.17303466796875,228.55592346191406,28.06048583984375,70.74586486816406,-1,-1,-1,-1
72,4,287.49151611328125,228.870849609375,28.00018310546875,70.75057983398438,-1,-1,-1,-1
73,4,286.22723388671875,229.0324249267578,28.31292724609375,71.25834655761719,-1,-1,-1,-1
74,4,284.8677673339844,229.1537322998047,28.769866943359375,71.38346862792969,-1,-1,-1,-1
75,4,282.807373046875,230.52125549316406,27.73956298828125,69.93946838378906,-1,-1,-1,-1
76,4,282.0021667480469,230.95938110351562,26.917266845703125,70.16839599609375,-1,-1,-1,-1
77,4,280.8618469238281,232.44894409179688,26.786865234375,70.15673828125,-1,-1,-1,-1
78,4,280.2251281738281,234.01812744140625,27.014251708984375,69.44149780273438,-1,-1,-1,-1
79,4,279.12652587890625,234.7752227783203,27.16650390625,69.82698059082031,-1,-1,-1,-1
80,4,278.26251220703125,235.1352996826172,27.349853515625,70.43150329589844,-1,-1,-1,-1
81,4,277.3539123535156,235.27613830566406,26.991485595703125,70.97401428222656,-1,-1,-1,-1
82,4,277.0001525878906,235.46633911132812,26.707489013671875,71.60906982421875,-1,-1,-1,-1
83,4,276.3162536621094,235.461669921875,26.312896728515625,71.57205200195312,-1,-1,-1,-1
84,4,275.3201904296875,235.7156982421875,26.580413818359375,71.5023193359375,-1,-1,-1,-1
85,4,274.27911376953125,236.29891967773438,27.113311767578125,73.1019287109375,-1,-1,-1,-1
86,4,273.2096252441406,238.6358642578125,27.36517333984375,71.17022705078125,-1,-1,-1,-1
87,4,271.9600830078125,239.64723205566406,27.412933349609375,70.25862121582031,-1,-1,-1,-1
88,4,271.0392761230469,240.17266845703125,27.311767578125,69.93392944335938,-1,-1,-1,-1
89,4,269.5698547363281,241.35205078125,27.4073486328125,69.03302001953125,-1,-1,-1,-1
90,4,268.6131896972656,241.30538940429688,27.590728759765625,70.224609375,-1,-1,-1,-1
91,4,267.8333435058594,240.8253936767578,27.154815673828125,72.21672058105469,-1,-1,-1,-1
92,4,267.3291931152344,241.1531982421875,26.792999267578125,72.25115966796875,-1,-1,-1,-1
93,4,265.62750244140625,241.22607421875,27.12554931640625,72.2755126953125,-1,-1,-1,-1
94,4,264.68438720703125,242.4002227783203,26.454742431640625,71.39973449707031,-1,-1,-1,-1
95,4,262.0596923828125,243.47763061523438,27.25445556640625,72.67941284179688,-1,-1,-1,-1
96,4,259.88055419921875,243.68289184570312,28.638641357421875,73.31478881835938,-1,-1,-1,-1
97,4,257.9134216308594,245.3457794189453,29.54229736328125,72.95198059082031,-1,-1,-1,-1
98,4,257.1251220703125,245.96420288085938,29.451416015625,72.58706665039062,-1,-1,-1,-1
99,4,255.9393768310547,246.21458435058594,29.533523559570312,72.49934387207031,-1,-1,-1,-1
100,4,255.30833435058594,246.6547088623047,29.198867797851562,72.17317199707031,-1,-1,-1,-1
101,4,254.29359436035156,246.99790954589844,28.262313842773438,72.34706115722656,-1,-1,-1,-1
102,4,253.23207092285156,247.18838500976562,28.157180786132812,72.01296997070312,-1,-1,-1,-1
103,4,252.24969482421875,247.5962371826172,28.69818115234375,72.26213073730469,-1,-1,-1,-1
104,4,251.12677001953125,247.88685607910156,28.980377197265625,72.72367858886719,-1,-1,-1,-1
105,4,247.28909301757812,248.70933532714844,30.938751220703125,71.70454406738281,-1,-1,-1,-1
106,4,245.95526123046875,245.90509033203125,31.230712890625,76.08880615234375,-1,-1,-1,-1
107,4,245.47850036621094,246.72303771972656,29.829666137695312,78.39082336425781,-1,-1,-1,-1
108,4,245.26502990722656,247.94406127929688,29.142715454101562,76.8170166015625,-1,-1,-1,-1
109,4,244.53250122070312,251.5691375732422,27.515350341796875,75.58027648925781,-1,-1,-1,-1
110,4,243.2640380859375,252.0287322998047,28.083251953125,75.38041687011719,-1,-1,-1,-1
111,4,240.2555694580078,248.72694396972656,29.584121704101562,79.14356994628906,-1,-1,-1,-1
112,4,239.0985870361328,246.2450408935547,29.824935913085938,81.75828552246094,-1,-1,-1,-1
113,4,238.1894989013672,250.77413940429688,28.376296997070312,79.4193115234375,-1,-1,-1,-1
114,4,237.09744262695312,252.9397430419922,28.88543701171875,77.66798400878906,-1,-1,-1,-1
115,4,234.9734649658203,254.7783660888672,29.592941284179688,76.42579650878906,-1,-1,-1,-1
116,4,234.04310607910156,251.21340942382812,29.758651733398438,80.83193969726562,-1,-1,-1,-1
117,4,233.70684814453125,258.19366455078125,29.0421142578125,74.35226440429688,-1,-1,-1,-1
118,4,232.0780792236328,259.49169921875,29.493331909179688,74.0096435546875,-1,-1,-1,-1
119,4,229.08631896972656,259.6401062011719,30.477890014648438,74.16397094726562,-1,-1,-1,-1
120,4,227.68853759765625,259.09503173828125,31.71160888671875,75.15585327148438,-1,-1,-1,-1
121,4,221.72157287597656,259.70220947265625,41.06626892089844,76.87850952148438,-1,-1,-1,-1
122,4,219.4662628173828,261.52099609375,41.14323425292969,76.30905151367188,-1,-1,-1,-1
123,4,216.31434631347656,262.85321044921875,37.36772155761719,74.77239990234375,-1,-1,-1,-1
124,4,216.21974182128906,264.9969482421875,34.51277160644531,72.68829345703125,-1,-1,-1,-1
125,4,217.32443237304688,267.3014831542969,30.14178466796875,72.68902587890625,-1,-1,-1,-1
126,4,217.8083038330078,266.8316955566406,28.157546997070312,73.8223876953125,-1,-1,-1,-1
127,4,218.9105987548828,268.8447265625,25.868438720703125,71.72503662109375,-1,-1,-1,-1
128,4,218.4943084716797,269.15057373046875,26.5091552734375,72.27301025390625,-1,-1,-1,-1
129,4,216.4398956298828,269.60028076171875,28.933792114257812,73.94534301757812,-1,-1,-1,-1
130,4,214.27320861816406,268.22930908203125,30.828277587890625,74.10598754882812,-1,-1,-1,-1
140,4,197.2910614013672,275.1335754394531,30.881393432617188,76.8316650390625,-1,-1,-1,-1
141,4,195.5061492919922,276.392822265625,33.70989990234375,77.55868530273438,-1,-1,-1,-1
142,4,191.9306182861328,278.94659423828125,37.42864990234375,75.68975830078125,-1,-1,-1,-1
143,4,191.05908203125,280.77587890625,36.5540771484375,74.47903442382812,-1,-1,-1,-1
144,4,189.9388427734375,281.1314392089844,36.71366882324219,74.91976928710938,-1,-1,-1,-1
145,4,191.532470703125,282.111572265625,33.6810302734375,73.6993408203125,-1,-1,-1,-1
146,4,191.94375610351562,282.68182373046875,32.70057678222656,73.9298095703125,-1,-1,-1,-1
147,4,188.23287963867188,284.7696228027344,30.087295532226562,73.04165649414062,-1,-1,-1,-1
150,4,180.66043090820312,284.986328125,29.599212646484375,76.11837768554688,-1,-1,-1,-1
151,4,179.02786254882812,285.3775329589844,30.21734619140625,76.79635620117188,-1,-1,-1,-1
152,4,178.15167236328125,283.947265625,30.452041625976562,78.5616455078125,-1,-1,-1,-1
153,4,178.24122619628906,288.7265930175781,28.093719482421875,74.36517333984375,-1,-1,-1,-1
157,4,167.40081787109375,283.51922607421875,32.49290466308594,81.66046142578125,-1,-1,-1,-1
158,4,165.78424072265625,286.5623779296875,32.89118957519531,80.73193359375,-1,-1,-1,-1
159,4,163.99310302734375,289.9542236328125,33.10691833496094,79.64495849609375,-1,-1,-1,-1
160,4,161.4427490234375,290.14794921875,35.53868103027344,80.41802978515625,-1,-1,-1,-1
161,4,159.93138122558594,293.4281311035156,34.463592529296875,78.69863891601562,-1,-1,-1,-1
162,4,158.9984130859375,294.1486511230469,33.92369079589844,78.80728149414062,-1,-1,-1,-1
163,4,157.45765686035156,296.15057373046875,34.21470642089844,77.85125732421875,-1,-1,-1,-1
164,4,156.07627868652344,296.58123779296875,33.5235595703125,77.83831787109375,-1,-1,-1,-1
165,4,154.574951171875,295.8378601074219,32.884124755859375,79.1787109375,-1,-1,-1,-1
166,4,153.76564025878906,296.3096008300781,31.185638427734375,78.73995971679688,-1,-1,-1,-1
167,4,153.27239990234375,296.6903991699219,29.059234619140625,78.356201171875,-1,-1,-1,-1
168,4,151.86465454101562,295.5390930175781,29.282058715820312,80.38177490234375,-1,-1,-1,-1
169,4,146.85064697265625,298.48040771484375,31.05712890625,80.47384643554688,-1,-1,-1,-1
170,4,145.64666748046875,296.6002197265625,31.9268798828125,82.43087768554688,-1,-1,-1,-1
171,4,143.54237365722656,298.78289794921875,31.135147094726562,81.5806884765625,-1,-1,-1,-1
172,4,142.95306396484375,298.0077819824219,31.046630859375,83.36508178710938,-1,-1,-1,-1
173,4,141.86016845703125,298.3621826171875,30.118682861328125,84.30758666992188,-1,-1,-1,-1
174,4,140.98423767089844,298.8247985839844,30.287979125976562,83.91592407226562,-1,-1,-1,-1
175,4,138.1738739013672,298.67181396484375,30.129592895507812,83.193359375,-1,-1,-1,-1
176,4,136.95509338378906,300.0338134765625,29.402694702148438,81.9385986328125,-1,-1,-1,-1
177,4,132.62705993652344,300.56103515625,32.99867248535156,86.05447387695312,-1,-1,-1,-1
178,4,131.5846405029297,300.9317932128906,33.66398620605469,86.3648681640625,-1,-1,-1,-1
179,4,127.85334777832031,302.0390625,36.05329895019531,86.36727905273438,-1,-1,-1,-1
180,4,127.1660385131836,305.1780700683594,36.23786163330078,83.88665771484375,-1,-1,-1,-1
181,4,124.64501953125,307.23748779296875,36.99847412109375,83.778564453125,-1,-1,-1,-1
182,4,123.95833587646484,308.7359924316406,36.772010803222656,82.43792724609375,-1,-1,-1,-1
183,4,122.7240982055664,308.819091796875,35.320762634277344,82.37823486328125,-1,-1,-1,-1
184,4,122.40727996826172,309.97784423828125,32.25330352783203,80.907470703125,-1,-1,-1,-1
185,4,121.97029113769531,312.6141052246094,28.920684814453125,78.08966064453125,-1,-1,-1,-1
186,4,121.48099517822266,312.3130798339844,29.10572052001953,79.2552490234375,-1,-1,-1,-1
187,4,116.83434295654297,312.3045654296875,31.65894317626953,82.13836669921875,-1,-1,-1,-1
188,4,115.80082702636719,312.40338134765625,32.30647277832031,82.9979248046875,-1,-1,-1,-1
189,4,114.05162048339844,312.25811767578125,32.54093933105469,84.22845458984375,-1,-1,-1,-1
190,4,113.78569793701172,311.5614929199219,31.94605255126953,85.71310424804688,-1,-1,-1,-1
191,4,112.94709777832031,309.5436706542969,31.040267944335938,88.93215942382812,-1,-1,-1,-1
192,4,112.3677978515625,309.777099609375,31.232040405273438,89.48419189453125,-1,-1,-1,-1
193,4,111.20562744140625,311.59326171875,31.354415893554688,88.2874755859375,-1,-1,-1,-1
194,4,110.42338562011719,314.53729248046875,30.372848510742188,85.51812744140625,-1,-1,-1,-1
195,4,106.46410369873047,318.1204833984375,30.650230407714844,84.05282592773438,-1,-1,-1,-1
196,4,104.70330810546875,319.11553955078125,33.22222900390625,85.34616088867188,-1,-1,-1,-1
197,4,102.17288208007812,320.6744079589844,34.717803955078125,85.42678833007812,-1,-1,-1,-1
198,4,102.11849212646484,321.5911865234375,35.22089385986328,84.63394165039062,-1,-1,-1,-1
199,4,100.702880859375,323.20404052734375,36.393280029296875,85.41851806640625,-1,-1,-1,-1
200,4,99.08429718017578,323.54437255859375,37.07648468017578,85.76089477539062,-1,-1,-1,-1
2,5,211.23109436035156,321.338134765625,32.969482421875,92.39825439453125,-1,-1,-1,-1
3,5,210.0885467529297,322.5076904296875,33.9923095703125,95.70565795898438,-1,-1,-1,-1
4,5,209.6707000732422,323.2265319824219,34.02830505371094,94.3753662109375,-1,-1,-1,-1
5,5,208.2484130859375,324.06640625,34.77192687988281,94.40362548828125,-1,-1,-1,-1
6,5,207.54083251953125,324.09735107421875,35.28016662597656,96.30126953125,-1,-1,-1,-1
7,5,206.9327392578125,324.9639892578125,35.10504150390625,95.392333984375,-1,-1,-1,-1
8,5,206.6177520751953,325.36895751953125,34.72578430175781,98.39520263671875,-1,-1,-1,-1
9,5,205.32078552246094,325.7142028808594,33.00706481933594,97.02972412109375,-1,-1,-1,-1
10,5,204.29835510253906,326.28643798828125,32.946441650390625,98.03506469726562,-1,-1,-1,-1
11,5,203.2540740966797,326.74993896484375,33.12831115722656,98.4134521484375,-1,-1,-1,-1
12,5,202.3665313720703,328.142333984375,33.180572509765625,96.2071533203125,-1,-1,-1,-1
13,5,200.90147399902344,329.644287109375,33.77593994140625,97.54275512695312,-1,-1,-1,-1
14,5,198.4474334716797,329.5869445800781,32.489532470703125,96.31988525390625,-1,-1,-1,-1
15,5,193.8390350341797,330.21905517578125,32.059600830078125,92.09506225585938,-1,-1,-1,-1
16,5,193.4988250732422,330.2020263671875,32.714599609375,96.69137573242188,-1,-1,-1,-1
17,5,192.5379180908203,330.67474365234375,32.93858337402344,96.31533813476562,-1,-1,-1,-1
18,5,191.68914794921875,331.2613830566406,33.180389404296875,95.481689453125,-1,-1,-1,-1
19,5,189.1296844482422,332.342041015625,34.8173828125,95.00494384765625,-1,-1,-1,-1
20,5,188.38363647460938,333.03076171875,34.76824951171875,95.86123657226562,-1,-1,-1,-1
21,5,187.33998107910156,333.9320373535156,34.90802001953125,98.20565795898438,-1,-1,-1,-1
22,5,186.05569458007812,335.1506042480469,33.89292907714844,97.25811767578125,-1,-1,-1,-1
23,5,185.93650817871094,335.7575378417969,32.173095703125,94.18524169921875,-1,-1,-1,-1
24,5,185.8655548095703,336.3428039550781,31.25152587890625,94.841552734375,-1,-1,-1,-1
25,5,184.05105590820312,337.1230163574219,31.9488525390625,96.693115234375,-1,-1,-1,-1
26,5,183.6899871826172,337.4983825683594,31.4830322265625,95.5721435546875,-1,-1,-1,-1
27,5,182.086181640625,338.0716857910156,31.571441650390625,98.4051513671875,-1,-1,-1,-1
28,5,180.61048889160156,337.4822998046875,34.23008728027344,109.12277221679688,-1,-1,-1,-1
29,5,178.89996337890625,336.2616882324219,31.370254516601562,99.97451782226562,-1,-1,-1,-1
30,5,175.7373046875,338.69415283203125,33.30584716796875,96.04586791992188,-1,-1,-1,-1
31,5,170.48046875,340.9471435546875,36.72801208496094,98.9017333984375,-1,-1,-1,-1
32,5,168.74754333496094,341.7925109863281,38.220428466796875,99.82730102539062,-1,-1,-1,-1
33,5,168.78836059570312,343.70648193359375,36.29632568359375,97.05441284179688,-1,-1,-1,-1
34,5,166.33717346191406,344.33349609375,38.374908447265625,100.19534301757812,-1,-1,-1,-1
35,5,166.4339141845703,344.9480285644531,36.080841064453125,99.19705200195312,-1,-1,-1,-1
36,5,165.68711853027344,344.7513427734375,34.257781982421875,97.6328125,-1,-1,-1,-1
37,5,163.33212280273438,345.17974853515625,33.9124755859375,96.367919921875,-1,-1,-1,-1
38,5,163.0400848388672,345.9457092285156,33.32855224609375,95.22994995117188,-1,-1,-1,-1
39,5,161.99790954589844,346.63232421875,33.30741882324219,94.73593139648438,-1,-1,-1,-1
40,5,160.96421813964844,346.96185302734375,33.64356994628906,96.11239624023438,-1,-1,-1,-1
41,5,159.93031311035156,348.67010498046875,32.9727783203125,94.17092895507812,-1,-1,-1,-1
42,5,159.45480346679688,349.4146728515625,32.366455078125,93.96112060546875,-1,-1,-1,-1
43,5,155.17532348632812,350.7915954589844,35.35285949707031,99.28311157226562,-1,-1,-1,-1
44,5,155.1431884765625,351.5220031738281,34.89949035644531,98.102294921875,-1,-1,-1,-1
45,5,154.4967498779297,352.17987060546875,33.9564208984375,97.2193603515625,-1,-1,-1,-1
46,5,153.25575256347656,352.2459716796875,33.88948059082031,97.21115112304688,-1,-1,-1,-1
47,5,151.48204040527344,352.4482421875,34.7779541015625,100.19900512695312,-1,-1,-1,-1
48,5,150.24481201171875,352.9280700683594,35.43989562988281,99.32962036132812,-1,-1,-1,-1
49,5,148.64886474609375,353.4224548339844,35.5721435546875,96.66989135742188,-1,-1,-1,-1
50,5,146.89012145996094,353.5225830078125,36.36903381347656,97.41571044921875,-1,-1,-1,-1
51,5,145.00892639160156,353.75592041015625,37.45765686035156,98.3004150390625,-1,-1,-1,-1
52,5,144.04132080078125,354.49957275390625,38.09834289550781,99.33755493164062,-1,-1,-1,-1
53,5,141.5782470703125,356.6536865234375,37.17729187011719,100.05294799804688,-1,-1,-1,-1
54,5,141.41786193847656,357.0622253417969,35.58880615234375,99.68792724609375,-1,-1,-1,-1
55,5,136.67237854003906,357.23828125,34.38725280761719,98.94131469726562,-1,-1,-1,-1
56,5,135.46859741210938,357.3118591308594,34.60272216796875,98.04165649414062,-1,-1,-1,-1
57,5,134.2056884765625,357.8275146484375,34.58421325683594,97.30206298828125,-1,-1,-1,-1
58,5,133.0117950439453,357.8369140625,34.31901550292969,97.13278198242188,-1,-1,-1,-1
59,5,130.0272216796875,358.250732421875,34.95335388183594,99.41851806640625,-1,-1,-1,-1
60,5,129.0428466796875,358.4151611328125,34.4302978515625,100.24331665039062,-1,-1,-1,-1
61,5,125.51622009277344,359.56195068359375,36.17852783203125,103.19760131835938,-1,-1,-1,-1
62,5,124.72246551513672,360.4949645996094,35.814552307128906,103.3671875,-1,-1,-1,-1
63,5,124.62181091308594,362.7557067871094,34.50042724609375,98.70880126953125,-1,-1,-1,-1
64,5,123.77531433105469,364.133544921875,34.32640075683594,97.33816528320312,-1,-1,-1,-1
65,5,123.03591918945312,365.407958984375,33.20404052734375,95.84707641601562,-1,-1,-1,-1
66,5,119.214599609375,365.3652038574219,35.35743713378906,100.69097900390625,-1,-1,-1,-1
67,5,115.05892944335938,365.0953063964844,37.291107177734375,104.06912231445312,-1,-1,-1,-1
68,5,114.58953857421875,364.8741149902344,37.089385986328125,103.78231811523438,-1,-1,-1,-1
69,5,112.36124420166016,365.5314636230469,37.97150421142578,106.8360595703125,-1,-1,-1,-1
70,5,112.24687957763672,366.5909423828125,36.779579162597656,104.7620849609375,-1,-1,-1,-1
71,5,110.7005386352539,368.3961486816406,37.20879364013672,102.0718994140625,-1,-1,-1,-1
72,5,109.18962097167969,369.6402587890625,37.36903381347656,101.45584106445312,-1,-1,-1,-1
73,5,105.16516876220703,371.48516845703125,39.793556213378906,100.66220092773438,-1,-1,-1,-1
74,5,103.65837097167969,372.9620666503906,40.41558837890625,99.53536987304688,-1,-1,-1,-1
75,5,102.2134017944336,375.1192626953125,38.816627502441406,97.73989868164062,-1,-1,-1,-1
76,5,99.14698791503906,375.6826171875,38.38703918457031,98.35989379882812,-1,-1,-1,-1
77,5,94.68387603759766,374.9281005859375,38.494712829589844,100.18304443359375,-1,-1,-1,-1
78,5,92.90402221679688,374.48565673828125,39.24267578125,102.3345947265625,-1,-1,-1,-1
79,5,90.74737548828125,374.8983154296875,38.75383758544922,102.4774169921875,-1,-1,-1,-1
80,5,90.3159408569336,374.9244384765625,37.63453674316406,101.78463745117188,-1,-1,-1,-1
81,5,89.0779800415039,375.46038818359375,37.085533142089844,102.78762817382812,-1,-1,-1,-1
82,5,87.64083862304688,376.0516357421875,37.262962341308594,104.28945922851562,-1,-1,-1,-1
83,5,85.45527648925781,376.51739501953125,37.02245330810547,105.48260498046875,-1,-1,-1,-1
84,5,84.919921875,377.5074768066406,36.05805206298828,104.49252319335938,-1,-1,-1,-1
85,5,83.62403106689453,378.7469482421875,35.26417541503906,103.2530517578125,-1,-1,-1,-1
86,5,81.97883605957031,379.4827575683594,35.56018829345703,102.51724243164062,-1,-1,-1,-1
87,5,79.19319152832031,380.2887878417969,36.788970947265625,101.71121215820312,-1,-1,-1,-1
88,5,76.05399322509766,380.9124755859375,38.76652526855469,101.0875244140625,-1,-1,-1,-1
89,5,73.60951232910156,381.2681884765625,40.523155212402344,100.7318115234375,-1,-1,-1,-1
90,5,73.17253112792969,382.02520751953125,40.21319580078125,99.97479248046875,-1,-1,-1,-1
91,5,71.77875518798828,383.2691650390625,39.30242919921875,98.7308349609375,-1,-1,-1,-1
92,5,70.2133560180664,383.89581298828125,39.244911193847656,98.10418701171875,-1,-1,-1,-1
93,5,67.31424713134766,386.4504699707031,39.13661193847656,95.54953002929688,-1,-1,-1,-1
94,5,65.15129852294922,388.1579895019531,40.54847717285156,93.84201049804688,-1,-1,-1,-1
95,5,57.40651321411133,390.2159118652344,45.506038665771484,91.78408813476562,-1,-1,-1,-1
96,5,56.66965103149414,389.8476867675781,43.44816970825195,92.15231323242188,-1,-1,-1,-1
97,5,56.409629821777344,390.4401550292969,41.09699249267578,91.55984497070312,-1,-1,-1,-1
98,5,55.933170318603516,390.0658874511719,40.14387130737305,91.93411254882812,-1,-1,-1,-1
99,5,52.742733001708984,391.32049560546875,38.70204544067383,90.67950439453125,-1,-1,-1,-1
100,5,50.85830307006836,391.07611083984375,38.00065231323242,90.92388916015625,-1,-1,-1,-1
101,5,47.913230895996094,391.9143981933594,36.780059814453125,90.08560180664062,-1,-1,-1,-1
102,5,46.74390411376953,392.0674743652344,36.859832763671875,89.93252563476562,-1,-1,-1,-1
103,5,43.496490478515625,394.6693420410156,36.95197296142578,87.33065795898438,-1,-1,-1,-1
104,5,40.91714859008789,394.85626220703125,38.5998420715332,87.14373779296875,-1,-1,-1,-1
105,5,35.79021072387695,397.8833923339844,40.331424713134766,84.11660766601562,-1,-1,-1,-1
106,5,34.8911247253418,398.5712890625,39.88993453979492,83.4287109375,-1,-1,-1,-1
107,5,31.966495513916016,398.2316589355469,41.395328521728516,83.76834106445312,-1,-1,-1,-1
108,5,31.334758758544922,399.0158996582031,40.72422409057617,82.98410034179688,-1,-1,-1,-1
109,5,27.7493953704834,399.9707336425781,41.70388984680176,82.02926635742188,-1,-1,-1,-1
110,5,27.288043975830078,399.5185852050781,40.9283332824707,82.48141479492188,-1,-1,-1,-1
111,5,23.23658561706543,400.37457275390625,44.572099685668945,81.62542724609375,-1,-1,-1,-1
112,5,21.332494735717773,401.3527526855469,45.678117752075195,80.64724731445312,-1,-1,-1,-1
113,5,19.06511116027832,404.3858337402344,43.5440731048584,77.61416625976562,-1,-1,-1,-1
114,5,18.361080169677734,405.2696228027344,41.41429138183594,76.73037719726562,-1,-1,-1,-1
115,5,14.640192985534668,408.3808288574219,41.6659631729126,73.61917114257812,-1,-1,-1,-1
116,5,11.070112228393555,408.9620056152344,42.60651206970215,73.03799438476562,-1,-1,-1,-1
117,5,8.998319625854492,409.7728576660156,40.37475776672363,72.22714233398438,-1,-1,-1,-1
118,5,7.90169620513916,410.0711364746094,40.90078639984131,71.92886352539062,-1,-1,-1,-1
119,5,5.055771350860596,411.4119873046875,38.67512083053589,70.5880126953125,-1,-1,-1,-1
120,5,2.092422127723694,411.62640380859375,38.21697270870209,70.37359619140625,-1,-1,-1,-1
121,5,1.0,412.94989013671875,35.14605712890625,69.05010986328125,-1,-1,-1,-1
122,5,1.0,412.9201354980469,35.498191833496094,69.07986450195312,-1,-1,-1,-1
123,5,1.0,416.5052490234375,31.29239273071289,65.4947509765625,-1,-1,-1,-1
124,5,1.0,417.6394348144531,31.153886795043945,64.36056518554688,-1,-1,-1,-1
65,6,120.80278778076172,418.56573486328125,29.16820526123047,63.43426513671875,-1,-1,-1,-1
168,7,567.0317993164062,60.6809196472168,23.83184814453125,65.88264083862305,-1,-1,-1,-1
169,7,566.0512084960938,64.47663497924805,25.34649658203125,60.29499435424805,-1,-1,-1,-1
170,7,565.3260498046875,65.53306579589844,25.5545654296875,59.27992248535156,-1,-1,-1,-1
171,7,565.1065673828125,63.54442596435547,25.9544677734375,61.730865478515625,-1,-1,-1,-1
172,7,564.78515625,60.2314338684082,26.4051513671875,65.06062698364258,-1,-1,-1,-1
173,7,564.7921752929688,60.2001838684082,25.824951171875,66.91545486450195,-1,-1,-1,-1
175,7,564.8290405273438,63.12943649291992,24.12432861328125,64.0943717956543,-1,-1,-1,-1
176,7,564.5416870117188,63.783599853515625,23.82110595703125,63.717430114746094,-1,-1,-1,-1
178,7,564.0560302734375,62.28828811645508,24.4180908203125,65.47680282592773,-1,-1,-1,-1
179,7,563.8194580078125,61.34077835083008,24.129638671875,67.1069221496582,-1,-1,-1,-1
181,7,563.2996215820312,63.01436233520508,24.77496337890625,65.32349014282227,-1,-1,-1,-1
182,7,563.38427734375,63.2117805480957,24.58465576171875,64.7784538269043,-1,-1,-1,-1
183,7,563.3240966796875,65.0733871459961,24.599609375,63.67820739746094,-1,-1,-1,-1
184,7,563.2808837890625,61.60365676879883,24.747802734375,67.08750534057617,-1,-1,-1,-1
185,7,563.2044677734375,64.1314811706543,24.4150390625,64.87925338745117,-1,-1,-1,-1
189,7,562.6886596679688,67.39861297607422,23.03692626953125,62.64362335205078,-1,-1,-1,-1
191,7,562.2594604492188,71.63914489746094,21.707763671875,58.38639831542969,-1,-1,-1,-1
192,7,562.0645141601562,71.73178100585938,22.61199951171875,57.767799377441406,-1,-1,-1,-1
193,7,561.1055297851562,68.05038452148438,23.55059814453125,61.63549041748047,-1,-1,-1,-1
195,7,560.5048828125,70.96886444091797,22.287353515625,60.740623474121094,-1,-1,-1,-1
196,7,559.78076171875,71.43753051757812,22.5657958984375,60.23893737792969,-1,-1,-1,-1
197,7,559.463623046875,70.68512725830078,23.8275146484375,61.323951721191406,-1,-1,-1,-1
198,7,559.2562866210938,72.02113342285156,22.989013671875,60.306793212890625,-1,-1,-1,-1
199,7,558.6043701171875,72.54912567138672,23.01031494140625,59.71411895751953,-1,-1,-1,-1
200,7,558.8377685546875,72.20606994628906,23.3343505859375,60.05250549316406,-1,-1,-1,-1
193,8,585.7850952148438,65.98748779296875,23.4293212890625,64.57318115234375,-1,-1,-1,-1
194,8,587.2523803710938,80.39501190185547,19.04632568359375,50.54967498779297,-1,-1,-1,-1
195,8,586.5411987304688,74.0528564453125,20.430419921875,56.9744873046875,-1,-1,-1,-1
196,8,586.5784912109375,73.44965362548828,20.4967041015625,57.17768096923828,-1,-1,-1,-1
197,8,584.6146850585938,74.17868041992188,20.51287841796875,56.61418151855469,-1,-1,-1,-1
198,8,582.9459228515625,68.33050537109375,22.54669189453125,62.878448486328125,-1,-1,-1,-1
199,8,582.2010498046875,66.73037719726562,23.15875244140625,64.91175842285156,-1,-1,-1,-1
