1,1,171.42410278320312,345.2124328613281,40.10455322265625,94.71829223632812,-1,-1,-1,-1
2,1,170.55516052246094,345.6800231933594,40.33277893066406,94.29751586914062,-1,-1,-1,-1
3,1,169.13540649414062,347.2620849609375,41.84977722167969,94.11984252929688,-1,-1,-1,-1
4,1,167.22891235351562,348.2312927246094,41.66026306152344,94.6767578125,-1,-1,-1,-1
5,1,164.9000701904297,349.6203308105469,38.972564697265625,92.7830810546875,-1,-1,-1,-1
6,1,161.82359313964844,349.881591796875,40.41938781738281,93.565673828125,-1,-1,-1,-1
7,1,157.37672424316406,349.5546875,33.75482177734375,93.0277099609375,-1,-1,-1,-1
8,1,156.7766571044922,349.62652587890625,33.48249816894531,93.90939331054688,-1,-1,-1,-1
9,1,151.09629821777344,351.2629089355469,36.03764343261719,92.7069091796875,-1,-1,-1,-1
10,1,147.66551208496094,352.075439453125,37.87190246582031,93.5362548828125,-1,-1,-1,-1
11,1,141.77317810058594,353.48980712890625,41.473480224609375,93.73989868164062,-1,-1,-1,-1
12,1,138.18910217285156,354.55694580078125,44.13496398925781,93.77755737304688,-1,-1,-1,-1
13,1,135.75955200195312,356.3793029785156,44.60520935058594,93.58004760742188,-1,-1,-1,-1
14,1,134.9225311279297,357.4716796875,43.03887939453125,92.62503051757812,-1,-1,-1,-1
15,1,130.33734130859375,358.437255859375,39.94715881347656,92.50119018554688,-1,-1,-1,-1
16,1,129.70751953125,357.7587890625,37.57110595703125,95.30459594726562,-1,-1,-1,-1
17,1,127.76546478271484,358.2993469238281,34.766197204589844,95.81246948242188,-1,-1,-1,-1
18,1,126.25048828125,357.8363952636719,35.51219177246094,98.3721923828125,-1,-1,-1,-1
19,1,120.6404800415039,359.133544921875,38.503883361816406,99.90896606445312,-1,-1,-1,-1
20,1,119.90589141845703,360.7626953125,38.500038146972656,98.95602416992188,-1,-1,-1,-1
21,1,118.0558090209961,363.61474609375,38.69921112060547,97.47177124023438,-1,-1,-1,-1
22,1,113.68376922607422,365.1737060546875,41.40068817138672,97.27349853515625,-1,-1,-1,-1
23,1,110.57421112060547,367.0203857421875,39.90129852294922,95.76791381835938,-1,-1,-1,-1
24,1,110.76768493652344,367.42333984375,38.20954895019531,95.92526245117188,-1,-1,-1,-1
25,1,107.59981536865234,368.3955078125,35.54271697998047,95.412841796875,-1,-1,-1,-1
26,1,106.34769439697266,368.8271179199219,35.13109588623047,95.13043212890625,-1,-1,-1,-1
27,1,100.15897369384766,369.2144470214844,35.312599182128906,95.43856811523438,-1,-1,-1,-1
28,1,96.4261703491211,369.4593505859375,36.82550811767578,95.30941772460938,-1,-1,-1,-1
29,1,90.4019546508789,372.00164794921875,41.014991760253906,92.72543334960938,-1,-1,-1,-1
30,1,87.54884338378906,372.8838195800781,42.999725341796875,93.11859130859375,-1,-1,-1,-1
31,1,84.436279296875,374.340576171875,44.243812561035156,94.0164794921875,-1,-1,-1,-1
32,1,82.27398681640625,375.3645935058594,45.16791534423828,93.5462646484375,-1,-1,-1,-1
33,1,80.17762756347656,376.5881042480469,43.20634460449219,93.13107299804688,-1,-1,-1,-1
34,1,76.43682098388672,377.0067138671875,41.609458923339844,93.294921875,-1,-1,-1,-1
35,1,72.60037231445312,377.90625,38.589561462402344,94.3958740234375,-1,-1,-1,-1
36,1,72.59920501708984,377.17041015625,36.61787414550781,96.65664672851562,-1,-1,-1,-1
37,1,68.62228393554688,377.06805419921875,36.72380065917969,100.65927124023438,-1,-1,-1,-1
38,1,67.35688781738281,376.857177734375,38.395057678222656,102.1683349609375,-1,-1,-1,-1
39,1,63.79136657714844,378.9468994140625,41.47889709472656,101.62271118164062,-1,-1,-1,-1
40,1,63.387001037597656,380.81915283203125,41.404876708984375,100.26266479492188,-1,-1,-1,-1
41,1,59.92164993286133,383.4386291503906,41.220890045166016,98.56137084960938,-1,-1,-1,-1
42,1,56.984073638916016,384.763671875,40.21500778198242,97.236328125,-1,-1,-1,-1
43,1,51.534542083740234,384.92926025390625,40.699398040771484,97.07073974609375,-1,-1,-1,-1
44,1,51.9815788269043,385.0773010253906,35.552555084228516,96.92269897460938,-1,-1,-1,-1
45,1,47.77261734008789,385.5105285644531,34.57753372192383,96.48947143554688,-1,-1,-1,-1
46,1,44.564476013183594,385.2903747558594,35.66716766357422,96.70962524414062,-1,-1,-1,-1
47,1,39.217891693115234,386.7396240234375,36.8935432434082,95.2603759765625,-1,-1,-1,-1
48,1,37.0312614440918,388.4414367675781,38.715511322021484,93.55856323242188,-1,-1,-1,-1
49,1,35.367645263671875,390.4681091308594,36.95042419433594,91.53189086914062,-1,-1,-1,-1
50,1,34.114158630371094,391.56317138671875,37.218650817871094,90.43682861328125,-1,-1,-1,-1
51,1,28.41410255432129,393.5915222167969,38.94876670837402,88.40847778320312,-1,-1,-1,-1
52,1,23.18927574157715,393.1089782714844,43.16012763977051,88.89102172851562,-1,-1,-1,-1
53,1,17.506166458129883,392.66558837890625,39.49916648864746,89.33441162109375,-1,-1,-1,-1
54,1,15.20274543762207,391.9971618652344,39.93846321105957,90.00283813476562,-1,-1,-1,-1
55,1,11.264482498168945,391.8954772949219,36.64326286315918,90.10452270507812,-1,-1,-1,-1
56,1,8.979932308197021,392.2515869140625,38.18142557144165,89.7484130859375,-1,-1,-1,-1
57,1,6.4464287757873535,390.8153991699219,41.9759726524353,91.18460083007812,-1,-1,-1,-1
58,1,4.925959825515747,393.6558837890625,44.130425214767456,88.3441162109375,-1,-1,-1,-1
59,1,1.0,397.88134765625,43.58821105957031,84.11865234375,-1,-1,-1,-1
1,2,583.8331298828125,123.5661849975586,22.2843017578125,60.58539581298828,-1,-1,-1,-1
2,2,583.915771484375,124.07218170166016,22.236572265625,59.814903259277344,-1,-1,-1,-1
3,2,584.3519897460938,124.08956146240234,22.25384521484375,59.290321350097656,-1,-1,-1,-1
4,2,584.710205078125,124.08457946777344,22.24761962890625,59.00648498535156,-1,-1,-1,-1
5,2,585.2471923828125,124.36601257324219,22.1068115234375,58.45750427246094,-1,-1,-1,-1
6,2,585.6405029296875,124.47559356689453,22.1214599609375,58.394981384277344,-1,-1,-1,-1
7,2,586.7413940429688,124.28131866455078,22.22833251953125,58.10253143310547,-1,-1,-1,-1
8,2,586.9987182617188,123.78821563720703,22.50494384765625,58.662925720214844,-1,-1,-1,-1
9,2,587.693359375,122.90840148925781,22.26983642578125,59.26887512207031,-1,-1,-1,-1
10,2,588.2026977539062,122.21707153320312,22.25006103515625,59.24102783203125,-1,-1,-1,-1
11,2,588.7631225585938,121.60176086425781,22.3736572265625,59.46083068847656,-1,-1,-1,-1
12,2,589.4066772460938,121.19806671142578,22.08966064453125,59.721961975097656,-1,-1,-1,-1
13,2,589.96533203125,121.48824310302734,21.82440185546875,59.31896209716797,-1,-1,-1,-1
14,2,590.2027587890625,121.5801773071289,21.9156494140625,59.01476287841797,-1,-1,-1,-1
15,2,590.5006713867188,121.5682373046875,21.920654296875,58.98255920410156,-1,-1,-1,-1
16,2,590.65234375,121.44742584228516,22.07855224609375,58.956687927246094,-1,-1,-1,-1
17,2,590.9869384765625,119.74620819091797,22.2762451171875,59.681297302246094,-1,-1,-1,-1
18,2,591.3001708984375,118.99942016601562,22.479248046875,59.903106689453125,-1,-1,-1,-1
19,2,591.6173706054688,116.88096618652344,22.785400390625,60.184478759765625,-1,-1,-1,-1
20,2,591.4735717773438,112.97088623046875,23.6033935546875,63.092193603515625,-1,-1,-1,-1
21,2,591.5800170898438,112.7707290649414,23.448974609375,63.893348693847656,-1,-1,-1,-1
22,2,591.86669921875,113.89384460449219,22.89154052734375,63.25108337402344,-1,-1,-1,-1
23,2,592.4434204101562,116.74384307861328,22.28607177734375,59.468421936035156,-1,-1,-1,-1
24,2,592.8682250976562,116.45313262939453,22.33935546875,59.51586151123047,-1,-1,-1,-1
30,2,594.0602416992188,102.07074737548828,25.33892822265625,72.1047592163086,-1,-1,-1,-1
31,2,594.8616943359375,105.42369842529297,24.89398193359375,67.54169464111328,-1,-1,-1,-1
32,2,595.1358642578125,105.6279525756836,24.71868896484375,67.12032318115234,-1,-1,-1,-1
33,2,595.5430908203125,110.20903015136719,24.318359375,62.626129150390625,-1,-1,-1,-1
34,2,595.67822265625,110.2386703491211,24.14739990234375,62.911888122558594,-1,-1,-1,-1
35,2,595.41845703125,111.27501678466797,24.18328857421875,62.078697204589844,-1,-1,-1,-1
36,2,596.2191162109375,110.81427001953125,23.23907470703125,62.314483642578125,-1,-1,-1,-1
37,2,597.9990844726562,113.83208465576172,21.326904296875,58.62073516845703,-1,-1,-1,-1
38,2,598.9857788085938,114.38072967529297,20.80853271484375,57.756797790527344,-1,-1,-1,-1
39,2,599.521728515625,115.16307830810547,20.7490234375,56.074745178222656,-1,-1,-1,-1
40,2,599.703369140625,114.85694122314453,20.93475341796875,55.727210998535156,-1,-1,-1,-1
41,2,600.0137939453125,113.8136215209961,20.91796875,56.627601623535156,-1,-1,-1,-1
42,2,600.659423828125,113.42145538330078,20.5328369140625,56.76714324951172,-1,-1,-1,-1
43,2,600.9475708007812,113.24966430664062,20.70361328125,57.10142517089844,-1,-1,-1,-1
44,2,601.913818359375,113.6572265625,20.7314453125,56.22686767578125,-1,-1,-1,-1
45,2,602.5574340820312,114.5029296875,21.00244140625,55.363922119140625,-1,-1,-1,-1
46,2,602.8407592773438,114.5087661743164,21.0032958984375,55.442054748535156,-1,-1,-1,-1
47,2,603.1639404296875,114.68268585205078,20.99462890625,55.26392364501953,-1,-1,-1,-1
48,2,603.517333984375,114.38167572021484,21.00567626953125,55.556739807128906,-1,-1,-1,-1
49,2,604.4081420898438,114.31764221191406,20.537109375,54.65403747558594,-1,-1,-1,-1
50,2,605.4490966796875,113.551513671875,20.03363037109375,54.91285705566406,-1,-1,-1,-1
51,2,606.1965942382812,113.01502990722656,19.5516357421875,54.72264099121094,-1,-1,-1,-1
52,2,606.57080078125,112.12640380859375,19.5067138671875,55.090576171875,-1,-1,-1,-1
53,2,607.029052734375,111.49675750732422,19.60150146484375,55.68396759033203,-1,-1,-1,-1
54,2,607.3383178710938,111.30753326416016,19.44384765625,55.881370544433594,-1,-1,-1,-1
55,2,607.6104736328125,111.9709243774414,19.500732421875,55.338951110839844,-1,-1,-1,-1
56,2,607.6200561523438,111.84667205810547,19.65167236328125,55.28473663330078,-1,-1,-1,-1
57,2,607.8096923828125,112.09806060791016,19.388916015625,54.690330505371094,-1,-1,-1,-1
58,2,607.8427734375,111.65825653076172,19.2879638671875,55.008934020996094,-1,-1,-1,-1
59,2,607.9542236328125,110.45443725585938,19.51751708984375,55.74269104003906,-1,-1,-1,-1
60,2,608.1177978515625,110.26304626464844,19.47314453125,54.56437683105469,-1,-1,-1,-1
61,2,607.9780883789062,109.52920532226562,19.6632080078125,55.09541320800781,-1,-1,-1,-1
62,2,607.835205078125,109.22776794433594,19.9066162109375,55.455169677734375,-1,-1,-1,-1
63,2,607.71142578125,108.54480743408203,20.1337890625,56.32776641845703,-1,-1,-1,-1
64,2,607.9376220703125,108.81856536865234,19.964111328125,55.83026885986328,-1,-1,-1,-1
65,2,608.3412475585938,108.31288146972656,19.94097900390625,56.404296875,-1,-1,-1,-1
66,2,608.7852172851562,107.79216766357422,19.98016357421875,56.76050567626953,-1,-1,-1,-1
67,2,609.9190063476562,108.61795806884766,19.8956298828125,55.592872619628906,-1,-1,-1,-1
68,2,610.4757080078125,108.70388793945312,20.11651611328125,55.39312744140625,-1,-1,-1,-1
69,2,610.8736572265625,108.0910415649414,20.483154296875,55.555931091308594,-1,-1,-1,-1
70,2,611.0635375976562,107.98738861083984,20.71612548828125,55.46923065185547,-1,-1,-1,-1
71,2,611.123779296875,106.11666107177734,20.88641357421875,56.27210235595703,-1,-1,-1,-1
72,2,611.3899536132812,105.5534439086914,20.94940185546875,56.192481994628906,-1,-1,-1,-1
73,2,611.6925659179688,104.6585464477539,21.11505126953125,56.61469268798828,-1,-1,-1,-1
74,2,612.0366821289062,104.3955078125,20.90618896484375,56.95182800292969,-1,-1,-1,-1
75,2,613.1997680664062,104.3353042602539,19.55914306640625,56.516563415527344,-1,-1,-1,-1
76,2,613.791748046875,106.23275756835938,18.84130859375,54.538604736328125,-1,-1,-1,-1
77,2,613.5638427734375,103.45846557617188,19.2418212890625,57.598236083984375,-1,-1,-1,-1
78,2,613.5048217773438,103.03058624267578,19.11651611328125,57.89879608154297,-1,-1,-1,-1
79,2,613.6417846679688,103.71957397460938,18.84368896484375,56.6461181640625,-1,-1,-1,-1
80,2,613.4182739257812,99.84553527832031,19.83074951171875,60.223175048828125,-1,-1,-1,-1
1,3,526.334228515625,88.80852508544922,21.06256103515625,47.56200408935547,-1,-1,-1,-1
2,3,526.0128173828125,88.80125427246094,21.093994140625,48.28419494628906,-1,-1,-1,-1
3,3,525.6260986328125,89.3344955444336,20.829833984375,48.54303741455078,-1,-1,-1,-1
4,3,525.197998046875,90.1466293334961,20.70526123046875,48.53374481201172,-1,-1,-1,-1
5,3,524.7813720703125,90.98766326904297,20.80780029296875,47.75592803955078,-1,-1,-1,-1
6,3,524.4417114257812,91.0259017944336,20.78912353515625,47.816062927246094,-1,-1,-1,-1
7,3,523.3799438476562,91.09503173828125,21.33587646484375,47.63226318359375,-1,-1,-1,-1
8,3,522.9779663085938,90.06752014160156,21.91009521484375,48.741455078125,-1,-1,-1,-1
9,3,522.2999267578125,89.73980712890625,22.6942138671875,49.22743225097656,-1,-1,-1,-1
10,3,521.8729858398438,89.50975036621094,22.91552734375,49.46112060546875,-1,-1,-1,-1
11,3,521.6314086914062,90.13567352294922,22.549560546875,50.05640411376953,-1,-1,-1,-1
12,3,521.4658813476562,90.36192321777344,22.39776611328125,50.27980041503906,-1,-1,-1,-1
13,3,521.1651000976562,90.15003967285156,22.43206787109375,50.746307373046875,-1,-1,-1,-1
14,3,520.9361572265625,90.45121765136719,22.423095703125,50.547760009765625,-1,-1,-1,-1
15,3,520.3291625976562,91.29740905761719,22.6590576171875,49.84173583984375,-1,-1,-1,-1
16,3,519.246337890625,91.18351745605469,23.13165283203125,50.14692687988281,-1,-1,-1,-1
17,3,518.8018188476562,90.98942565917969,23.1470947265625,50.72904968261719,-1,-1,-1,-1
18,3,518.6387329101562,91.21601104736328,22.77728271484375,50.34235382080078,-1,-1,-1,-1
19,3,518.3175659179688,91.07377624511719,22.521728515625,50.74168395996094,-1,-1,-1,-1
20,3,518.2362670898438,91.95066833496094,21.92755126953125,50.27272033691406,-1,-1,-1,-1
21,3,518.1004638671875,92.71741485595703,22.0679931640625,50.11229705810547,-1,-1,-1,-1
22,3,517.9129638671875,93.62705993652344,21.87255859375,49.35993957519531,-1,-1,-1,-1
23,3,516.7852783203125,93.97940063476562,22.111572265625,48.764984130859375,-1,-1,-1,-1
24,3,516.2962646484375,94.158447265625,22.274658203125,48.67401123046875,-1,-1,-1,-1
25,3,515.7281494140625,93.46832275390625,22.8131103515625,49.706085205078125,-1,-1,-1,-1
26,3,515.4130249023438,93.55335998535156,22.8499755859375,50.026885986328125,-1,-1,-1,-1
27,3,515.4278564453125,94.15483093261719,22.14581298828125,49.19465637207031,-1,-1,-1,-1
28,3,514.9473876953125,94.29436492919922,22.26129150390625,49.39067840576172,-1,-1,-1,-1
29,3,514.753662109375,95.27740478515625,21.94683837890625,49.70137023925781,-1,-1,-1,-1
30,3,513.98291015625,95.70500946044922,22.38885498046875,49.99597930908203,-1,-1,-1,-1
31,3,513.2600708007812,96.64950561523438,22.885986328125,49.144287109375,-1,-1,-1,-1
32,3,512.7650756835938,97.1897964477539,23.21014404296875,48.47399139404297,-1,-1,-1,-1
33,3,511.7110595703125,97.19801330566406,23.60205078125,49.29216003417969,-1,-1,-1,-1
34,3,511.7281188964844,97.49047088623047,23.327911376953125,48.31671905517578,-1,-1,-1,-1
35,3,510.5570068359375,97.34663391113281,23.26275634765625,48.56221008300781,-1,-1,-1,-1
36,3,510.4603576660156,96.9185791015625,22.504669189453125,48.69696044921875,-1,-1,-1,-1
37,3,509.7707824707031,97.54159545898438,22.321685791015625,49.840911865234375,-1,-1,-1,-1
38,3,509.5982360839844,98.70838165283203,22.068878173828125,49.05284881591797,-1,-1,-1,-1
39,3,510.0008239746094,98.72599029541016,22.036102294921875,49.58112335205078,-1,-1,-1,-1
40,3,509.9505310058594,99.48355865478516,21.620452880859375,48.83190155029297,-1,-1,-1,-1
41,3,508.7198486328125,100.76241302490234,21.59912109375,48.068870544433594,-1,-1,-1,-1
42,3,508.3432922363281,100.59198760986328,21.780975341796875,48.15453338623047,-1,-1,-1,-1
43,3,507.4306945800781,100.17920684814453,22.456756591796875,48.52460479736328,-1,-1,-1,-1
44,3,507.3866271972656,100.55133819580078,22.606597900390625,48.239234924316406,-1,-1,-1,-1
45,3,507.3997497558594,100.50675964355469,23.439422607421875,49.64689636230469,-1,-1,-1,-1
46,3,507.4719543457031,101.42738342285156,23.497406005859375,49.21519470214844,-1,-1,-1,-1
47,3,507.40716552734375,103.01580810546875,23.15179443359375,48.54899597167969,-1,-1,-1,-1
48,3,507.0743103027344,102.78447723388672,23.655914306640625,49.21672821044922,-1,-1,-1,-1
49,3,506.538330078125,103.40918731689453,23.8095703125,49.681800842285156,-1,-1,-1,-1
50,3,506.1686096191406,103.39529418945312,23.963165283203125,49.844512939453125,-1,-1,-1,-1
51,3,505.9537353515625,103.22525787353516,23.98052978515625,50.21349334716797,-1,-1,-1,-1
52,3,504.99749755859375,103.17369842529297,24.679443359375,49.987281799316406,-1,-1,-1,-1
53,3,504.3794860839844,102.71587371826172,24.673980712890625,49.717002868652344,-1,-1,-1,-1
54,3,504.24517822265625,102.75101470947266,24.177734375,49.90270233154297,-1,-1,-1,-1
55,3,503.63446044921875,103.67066192626953,24.10858154296875,49.98841094970703,-1,-1,-1,-1
56,3,503.51202392578125,104.24665069580078,23.79486083984375,49.89356231689453,-1,-1,-1,-1
57,3,503.6737060546875,105.13845825195312,22.61138916015625,49.539215087890625,-1,-1,-1,-1
58,3,502.455078125,106.04853057861328,23.0640869140625,49.332054138183594,-1,-1,-1,-1
59,3,501.0266418457031,106.51881408691406,23.828338623046875,49.07563781738281,-1,-1,-1,-1
60,3,500.4217224121094,106.2061538696289,24.207244873046875,49.466087341308594,-1,-1,-1,-1
61,3,499.99688720703125,106.26045227050781,24.38250732421875,48.96453857421875,-1,-1,-1,-1
62,3,499.3345031738281,106.20982360839844,24.971160888671875,49.16108703613281,-1,-1,-1,-1
63,3,499.43402099609375,106.58568572998047,24.56707763671875,48.84345245361328,-1,-1,-1,-1
64,3,499.19873046875,106.86441802978516,24.49090576171875,48.83777618408203,-1,-1,-1,-1
65,3,498.7059020996094,106.97991180419922,24.947662353515625,49.83356475830078,-1,-1,-1,-1
66,3,498.1222839355469,107.22168731689453,25.798614501953125,50.197593688964844,-1,-1,-1,-1
67,3,497.5932312011719,107.86028289794922,26.501434326171875,50.01207733154297,-1,-1,-1,-1
68,3,497.5599670410156,108.3263168334961,26.362457275390625,49.795326232910156,-1,-1,-1,-1
69,3,496.8365783691406,108.55980682373047,26.891143798828125,50.00135040283203,-1,-1,-1,-1
70,3,496.9078674316406,108.17933654785156,26.390594482421875,50.61143493652344,-1,-1,-1,-1
71,3,496.8806457519531,107.96894073486328,25.618194580078125,49.92858123779297,-1,-1,-1,-1
72,3,496.8950500488281,108.23194885253906,25.819183349609375,50.36335754394531,-1,-1,-1,-1
73,3,495.853271484375,108.05740356445312,26.54925537109375,51.65119934082031,-1,-1,-1,-1
74,3,495.4848937988281,108.21783447265625,26.901947021484375,51.79692077636719,-1,-1,-1,-1
75,3,495.2677307128906,108.76970672607422,25.768341064453125,50.78571319580078,-1,-1,-1,-1
76,3,494.98382568359375,109.04169464111328,25.5223388671875,50.594688415527344,-1,-1,-1,-1
77,3,494.1817932128906,109.74248504638672,25.744293212890625,50.14044952392578,-1,-1,-1,-1
78,3,493.4977111816406,109.91768646240234,25.725738525390625,49.58568572998047,-1,-1,-1,-1
79,3,492.4925537109375,109.99056243896484,25.97491455078125,49.69776153564453,-1,-1,-1,-1
80,3,492.2521057128906,109.9565200805664,26.108734130859375,50.01122283935547,-1,-1,-1,-1
81,3,491.8467712402344,110.68011474609375,26.256561279296875,50.08668518066406,-1,-1,-1,-1
82,3,491.7958068847656,111.4913101196289,25.804718017578125,50.638938903808594,-1,-1,-1,-1
83,3,491.67529296875,112.98907470703125,24.80108642578125,50.72956848144531,-1,-1,-1,-1
84,3,491.71160888671875,113.58077239990234,24.67352294921875,50.14508819580078,-1,-1,-1,-1
85,3,490.8673095703125,113.78497314453125,24.59259033203125,49.4920654296875,-1,-1,-1,-1
86,3,490.6436462402344,113.60713958740234,24.422027587890625,49.89527130126953,-1,-1,-1,-1
87,3,490.2401123046875,113.2635498046875,24.14447021484375,50.298248291015625,-1,-1,-1,-1
88,3,489.8177490234375,113.10658264160156,23.985321044921875,50.42192077636719,-1,-1,-1,-1
89,3,488.8039855957031,113.3847427368164,23.78204345703125,49.915489196777344,-1,-1,-1,-1
90,3,488.5848693847656,114.01943969726562,23.29058837890625,49.742706298828125,-1,-1,-1,-1
91,3,487.1415710449219,114.30106353759766,23.715545654296875,50.230934143066406,-1,-1,-1,-1
92,3,486.1072692871094,114.76026153564453,24.6268310546875,50.20165252685547,-1,-1,-1,-1
93,3,485.5294494628906,115.71614074707031,23.8175048828125,49.37257385253906,-1,-1,-1,-1
94,3,484.60394287109375,115.75899505615234,23.837921142578125,49.43378448486328,-1,-1,-1,-1
95,3,483.7439880371094,115.85690307617188,24.1949462890625,49.64178466796875,-1,-1,-1,-1
96,3,482.8573303222656,115.75193786621094,25.03253173828125,49.9483642578125,-1,-1,-1,-1
97,3,482.0993347167969,115.7603759765625,25.730316162109375,50.35618591308594,-1,-1,-1,-1
98,3,482.00531005859375,116.21562194824219,25.382232666015625,49.70719909667969,-1,-1,-1,-1
99,3,480.23345947265625,116.7120132446289,26.852447509765625,49.97466278076172,-1,-1,-1,-1
100,3,479.6061706542969,117.06752014160156,27.738311767578125,50.37812805175781,-1,-1,-1,-1
101,3,479.4833068847656,117.49793243408203,27.498077392578125,51.291603088378906,-1,-1,-1,-1
102,3,479.794921875,117.8863525390625,26.783233642578125,51.20063781738281,-1,-1,-1,-1
103,3,480.3274841308594,118.3946533203125,25.519195556640625,50.446685791015625,-1,-1,-1,-1
104,3,479.9646911621094,118.40769958496094,25.7001953125,50.68769836425781,-1,-1,-1,-1
105,3,478.8619079589844,117.80461120605469,26.577117919921875,51.42216491699219,-1,-1,-1,-1
106,3,478.6231689453125,117.79312896728516,26.385162353515625,51.356300354003906,-1,-1,-1,-1
107,3,478.8259582519531,118.02094268798828,25.932098388671875,51.872657775878906,-1,-1,-1,-1
108,3,478.5926818847656,118.56939697265625,25.99163818359375,52.60841369628906,-1,-1,-1,-1
109,3,477.91644287109375,118.74174499511719,25.815032958984375,53.03913879394531,-1,-1,-1,-1
110,3,477.3129577636719,119.69493865966797,25.875030517578125,52.48413848876953,-1,-1,-1,-1
111,3,477.16162109375,120.1834945678711,25.949951171875,52.302574157714844,-1,-1,-1,-1
112,3,476.7922668457031,121.30803680419922,25.9005126953125,51.339820861816406,-1,-1,-1,-1
113,3,476.3016662597656,121.58277130126953,25.866973876953125,50.721214294433594,-1,-1,-1,-1
114,3,475.7984313964844,121.55248260498047,25.999908447265625,50.837013244628906,-1,-1,-1,-1
115,3,475.2934265136719,121.23358917236328,26.26531982421875,51.42345428466797,-1,-1,-1,-1
116,3,475.3424377441406,121.20491027832031,26.13165283203125,51.752288818359375,-1,-1,-1,-1
117,3,475.0836486816406,122.03254699707031,25.945556640625,51.81150817871094,-1,-1,-1,-1
118,3,474.9482116699219,122.48541259765625,25.4351806640625,52.09852600097656,-1,-1,-1,-1
119,3,474.5710754394531,123.17247009277344,24.510955810546875,52.054779052734375,-1,-1,-1,-1
120,3,473.9348449707031,123.4519271850586,24.6263427734375,52.205162048339844,-1,-1,-1,-1
121,3,473.55059814453125,124.15318298339844,23.999053955078125,51.967437744140625,-1,-1,-1,-1
122,3,472.7585754394531,124.44928741455078,24.6036376953125,51.76738739013672,-1,-1,-1,-1
123,3,472.51153564453125,124.53130340576172,24.754058837890625,51.55902862548828,-1,-1,-1,-1
124,3,472.3764953613281,124.44597625732422,24.53277587890625,51.58875274658203,-1,-1,-1,-1
125,3,471.5497131347656,125.4390640258789,23.16339111328125,51.048118591308594,-1,-1,-1,-1
126,3,470.5548400878906,126.00453186035156,23.498687744140625,51.39317321777344,-1,-1,-1,-1
127,3,470.3598937988281,126.2588119506836,23.40582275390625,51.93675994873047,-1,-1,-1,-1
128,3,469.5629577636719,126.62313842773438,24.186279296875,51.734527587890625,-1,-1,-1,-1
129,3,468.4127502441406,126.80894470214844,24.997894287109375,51.45198059082031,-1,-1,-1,-1
130,3,467.3719787597656,127.00257873535156,25.629608154296875,51.255828857421875,-1,-1,-1,-1
131,3,466.6224670410156,126.4534683227539,25.57830810546875,51.77135467529297,-1,-1,-1,-1
132,3,465.6782531738281,125.95283508300781,25.626678466796875,52.203765869140625,-1,-1,-1,-1
133,3,464.37359619140625,126.6035385131836,25.7789306640625,51.64250946044922,-1,-1,-1,-1
134,3,462.35980224609375,126.56486511230469,27.57073974609375,52.80706787109375,-1,-1,-1,-1
135,3,461.42333984375,127.33464813232422,27.6737060546875,53.56317901611328,-1,-1,-1,-1
136,3,462.20281982421875,127.59136199951172,26.40594482421875,53.74121856689453,-1,-1,-1,-1
137,3,460.0397644042969,127.1461410522461,29.05987548828125,53.649635314941406,-1,-1,-1,-1
138,3,460.1567077636719,127.95762634277344,28.05780029296875,53.323760986328125,-1,-1,-1,-1
139,3,460.1715087890625,129.05845642089844,27.2320556640625,52.67979431152344,-1,-1,-1,-1
140,3,459.77032470703125,129.3842315673828,26.750335693359375,52.236541748046875,-1,-1,-1,-1
141,3,458.12945556640625,129.2538299560547,27.519805908203125,52.62300109863281,-1,-1,-1,-1
142,3,457.9006652832031,128.68216705322266,26.600433349609375,52.91101837158203,-1,-1,-1,-1
143,3,457.0555114746094,129.9626007080078,26.547607421875,52.441680908203125,-1,-1,-1,-1
144,3,457.5142822265625,131.81399536132812,25.428680419921875,50.85734558105469,-1,-1,-1,-1
145,3,456.6519470214844,131.63528442382812,25.8184814453125,52.11418151855469,-1,-1,-1,-1
146,3,456.7049560546875,132.3931884765625,25.1292724609375,51.67832946777344,-1,-1,-1,-1
147,3,455.5035705566406,132.38865661621094,24.84185791015625,51.65339660644531,-1,-1,-1,-1
148,3,452.9777526855469,132.08731079101562,26.965362548828125,52.549072265625,-1,-1,-1,-1
149,3,450.850830078125,132.38763427734375,28.308258056640625,52.23844909667969,-1,-1,-1,-1
150,3,450.4587707519531,131.8331298828125,28.0938720703125,52.656402587890625,-1,-1,-1,-1
151,3,450.6990051269531,132.12521362304688,27.35546875,52.57408142089844,-1,-1,-1,-1
152,3,450.65625,132.54208374023438,26.26226806640625,52.24920654296875,-1,-1,-1,-1
153,3,448.8357238769531,133.78494262695312,27.282806396484375,53.20208740234375,-1,-1,-1,-1
154,3,449.366943359375,135.06594848632812,25.919036865234375,51.82597351074219,-1,-1,-1,-1
155,3,447.9080505371094,135.29544067382812,26.80169677734375,52.27095031738281,-1,-1,-1,-1
156,3,447.5888671875,135.3496856689453,26.9478759765625,52.146087646484375,-1,-1,-1,-1
157,3,446.7350158691406,134.89585876464844,27.433990478515625,53.174774169921875,-1,-1,-1,-1
158,3,446.3936462402344,134.68820190429688,27.0291748046875,53.43408203125,-1,-1,-1,-1
159,3,445.3371887207031,134.75259399414062,26.52996826171875,52.76454162597656,-1,-1,-1,-1
160,3,443.990234375,134.33749389648438,26.5509033203125,54.19419860839844,-1,-1,-1,-1
161,3,442.6965637207031,135.16517639160156,26.883636474609375,54.664215087890625,-1,-1,-1,-1
162,3,442.9978942871094,136.03720092773438,25.638092041015625,53.9599609375,-1,-1,-1,-1
163,3,442.2176513671875,136.02383422851562,25.887176513671875,54.80963134765625,-1,-1,-1,-1
164,3,442.0054626464844,136.79293823242188,25.529327392578125,54.313018798828125,-1,-1,-1,-1
165,3,441.1530456542969,137.05247497558594,25.81109619140625,54.21087646484375,-1,-1,-1,-1
166,3,440.5876159667969,137.14990234375,25.939849853515625,54.25114440917969,-1,-1,-1,-1
167,3,438.939453125,135.98214721679688,27.373046875,55.76783752441406,-1,-1,-1,-1
168,3,438.31658935546875,136.47964477539062,27.292999267578125,55.02484130859375,-1,-1,-1,-1
169,3,437.6705322265625,137.66207885742188,26.998626708984375,53.82789611816406,-1,-1,-1,-1
170,3,436.9363708496094,139.048583984375,26.500152587890625,52.4273681640625,-1,-1,-1,-1
171,3,436.0491638183594,138.20724487304688,26.75531005859375,54.79353332519531,-1,-1,-1,-1
172,3,436.00006103515625,139.33981323242188,26.263427734375,53.66351318359375,-1,-1,-1,-1
173,3,435.24114990234375,140.73619079589844,25.4552001953125,52.39408874511719,-1,-1,-1,-1
174,3,434.9455871582031,141.51593017578125,25.0838623046875,51.80580139160156,-1,-1,-1,-1
175,3,434.0208740234375,141.39620971679688,25.84234619140625,52.56880187988281,-1,-1,-1,-1
176,3,433.3367614746094,141.6334991455078,26.188629150390625,52.67799377441406,-1,-1,-1,-1
177,3,432.198486328125,141.68910217285156,25.682830810546875,52.9007568359375,-1,-1,-1,-1
178,3,432.3239440917969,141.75648498535156,24.82196044921875,53.080047607421875,-1,-1,-1,-1
179,3,430.95611572265625,141.8234405517578,24.254486083984375,54.32313537597656,-1,-1,-1,-1
180,3,430.75103759765625,142.0941162109375,24.054168701171875,54.34489440917969,-1,-1,-1,-1
181,3,429.94970703125,142.7976837158203,23.850616455078125,54.34599304199219,-1,-1,-1,-1
182,3,428.09759521484375,143.09791564941406,24.599517822265625,54.10874938964844,-1,-1,-1,-1
183,3,425.58892822265625,142.7382354736328,25.5159912109375,54.82777404785156,-1,-1,-1,-1
184,3,424.9883728027344,143.43186950683594,25.237548828125,54.135986328125,-1,-1,-1,-1
187,3,423.1455993652344,143.58642578125,24.887939453125,54.67620849609375,-1,-1,-1,-1
188,3,422.7011413574219,144.7084197998047,26.487030029296875,54.010406494140625,-1,-1,-1,-1
189,3,421.4301452636719,145.07008361816406,28.594635009765625,55.29957580566406,-1,-1,-1,-1
190,3,421.2925720214844,145.22821044921875,28.58551025390625,55.1043701171875,-1,-1,-1,-1
191,3,421.00927734375,145.6322479248047,27.268768310546875,54.68275451660156,-1,-1,-1,-1
193,3,419.8802185058594,145.22161865234375,26.49627685546875,56.8255615234375,-1,-1,-1,-1
194,3,418.62481689453125,146.29531860351562,26.16497802734375,54.39422607421875,-1,-1,-1,-1
195,3,417.8514404296875,145.83802795410156,25.255035400390625,55.730804443359375,-1,-1,-1,-1
196,3,417.4432067871094,146.19357299804688,24.703857421875,55.74305725097656,-1,-1,-1,-1
197,3,415.98388671875,145.423095703125,24.7000732421875,57.94071960449219,-1,-1,-1,-1
198,3,415.4684143066406,146.283935546875,24.479248046875,58.00862121582031,-1,-1,-1,-1
199,3,415.17950439453125,149.08961486816406,24.14599609375,55.85552978515625,-1,-1,-1,-1
200,3,414.77667236328125,150.01669311523438,23.994598388671875,54.76251220703125,-1,-1,-1,-1
1,4,299.1170654296875,183.42271423339844,25.07135009765625,69.55026245117188,-1,-1,-1,-1
2,4,299.31781005859375,183.369140625,24.91619873046875,69.42036437988281,-1,-1,-1,-1
3,4,299.2137451171875,183.37521362304688,25.469635009765625,69.3115234375,-1,-1,-1,-1
4,4,299.489013671875,183.33135986328125,25.54888916015625,69.04313659667969,-1,-1,-1,-1
5,4,299.4928283691406,182.59759521484375,26.08245849609375,69.39778137207031,-1,-1,-1,-1
6,4,300.0473937988281,180.2721405029297,26.0076904296875,71.04557800292969,-1,-1,-1,-1
7,4,300.3835754394531,181.74610900878906,26.4879150390625,69.17526245117188,-1,-1,-1,-1
8,4,301.20977783203125,181.08172607421875,25.69073486328125,69.05210876464844,-1,-1,-1,-1
9,4,301.4929504394531,180.85403442382812,25.349456787109375,69.50276184082031,-1,-1,-1,-1
10,4,301.5078430175781,180.1002197265625,25.347076416015625,70.27517700195312,-1,-1,-1,-1
11,4,302.03515625,179.5111083984375,24.9794921875,70.18080139160156,-1,-1,-1,-1
12,4,302.3547058105469,178.31265258789062,25.145965576171875,70.45330810546875,-1,-1,-1,-1
13,4,302.9811706542969,179.02890014648438,24.176025390625,69.71592712402344,-1,-1,-1,-1
14,4,303.0550537109375,179.29290771484375,24.2073974609375,69.19888305664062,-1,-1,-1,-1
15,4,303.1709289550781,178.7657928466797,24.385833740234375,69.75411987304688,-1,-1,-1,-1
16,4,303.3159484863281,178.41036987304688,24.518585205078125,69.95979309082031,-1,-1,-1,-1
17,4,303.6458435058594,177.92735290527344,24.924224853515625,69.60661315917969,-1,-1,-1,-1
18,4,303.7268981933594,176.89649963378906,25.815399169921875,69.51960754394531,-1,-1,-1,-1
19,4,304.3284912109375,173.5398712158203,26.658447265625,69.84417724609375,-1,-1,-1,-1
20,4,304.4265441894531,172.55838012695312,27.60565185546875,69.96159362792969,-1,-1,-1,-1
21,4,304.9654846191406,171.49441528320312,27.187713623046875,70.75146484375,-1,-1,-1,-1
22,4,305.3039855957031,171.50257873535156,27.02337646484375,70.73982238769531,-1,-1,-1,-1
23,4,305.9498291015625,171.69863891601562,26.279388427734375,70.12432861328125,-1,-1,-1,-1
24,4,306.5207214355469,171.6947021484375,25.82183837890625,70.12831115722656,-1,-1,-1,-1
25,4,306.6029052734375,171.8919677734375,25.925689697265625,70.21804809570312,-1,-1,-1,-1
26,4,306.9995422363281,172.43548583984375,25.6553955078125,69.76467895507812,-1,-1,-1,-1
27,4,307.4632873535156,172.6353302001953,25.444000244140625,69.34916687011719,-1,-1,-1,-1
28,4,307.57470703125,171.59451293945312,26.200439453125,69.73553466796875,-1,-1,-1,-1
29,4,307.5915832519531,169.35848999023438,27.375396728515625,71.368896484375,-1,-1,-1,-1
30,4,307.96636962890625,168.19863891601562,28.190643310546875,71.46543884277344,-1,-1,-1,-1
31,4,309.3638610839844,168.04818725585938,27.063751220703125,70.61717224121094,-1,-1,-1,-1
32,4,309.4912109375,166.77149963378906,27.56500244140625,71.81524658203125,-1,-1,-1,-1
33,4,310.5738220214844,166.35887145996094,26.857421875,71.18829345703125,-1,-1,-1,-1
34,4,311.032470703125,165.5675048828125,26.774078369140625,71.11463928222656,-1,-1,-1,-1
35,4,312.07489013671875,166.06564331054688,26.05908203125,71.11790466308594,-1,-1,-1,-1
36,4,312.5556640625,166.56365966796875,25.76544189453125,70.25375366210938,-1,-1,-1,-1
37,4,312.9364013671875,166.77040100097656,25.491973876953125,69.95796203613281,-1,-1,-1,-1
38,4,313.3277282714844,167.040771484375,24.987640380859375,69.26626586914062,-1,-1,-1,-1
39,4,313.60955810546875,166.1373748779297,24.8035888671875,70.0260009765625,-1,-1,-1,-1
40,4,313.74169921875,165.73800659179688,24.842010498046875,70.18080139160156,-1,-1,-1,-1
41,4,314.34295654296875,165.00830078125,25.01763916015625,70.78669738769531,-1,-1,-1,-1
42,4,314.958740234375,165.60317993164062,24.6436767578125,68.98991394042969,-1,-1,-1,-1
43,4,315.5639953613281,165.3111114501953,24.35797119140625,68.87664794921875,-1,-1,-1,-1
44,4,315.83209228515625,164.8610382080078,24.44921875,69.16232299804688,-1,-1,-1,-1
45,4,316.4864501953125,163.56118774414062,24.602081298828125,69.90489196777344,-1,-1,-1,-1
46,4,316.7763671875,163.30064392089844,24.68609619140625,69.58819580078125,-1,-1,-1,-1
47,4,317.62847900390625,164.01797485351562,24.46429443359375,68.10237121582031,-1,-1,-1,-1
48,4,317.9344482421875,164.0400390625,24.84185791015625,67.70411682128906,-1,-1,-1,-1
49,4,318.32568359375,163.8211212158203,25.587615966796875,67.428955078125,-1,-1,-1,-1
50,4,318.38482666015625,163.6804962158203,26.3466796875,67.39727783203125,-1,-1,-1,-1
51,4,319.0859375,162.8489227294922,26.2835693359375,67.94105529785156,-1,-1,-1,-1
52,4,319.3304748535156,161.2312774658203,27.470184326171875,69.571533203125,-1,-1,-1,-1
53,4,319.7090759277344,162.23255920410156,27.0504150390625,68.48992919921875,-1,-1,-1,-1
54,4,320.21734619140625,162.37696838378906,26.805908203125,68.33198547363281,-1,-1,-1,-1
55,4,320.90692138671875,159.6482391357422,26.373504638671875,69.63328552246094,-1,-1,-1,-1
56,4,321.44061279296875,158.56985473632812,26.37469482421875,70.33457946777344,-1,-1,-1,-1
57,4,322.48028564453125,157.440185546875,26.288055419921875,70.80610656738281,-1,-1,-1,-1
58,4,322.6296081542969,156.3260498046875,26.968902587890625,72.52989196777344,-1,-1,-1,-1
59,4,323.8240966796875,157.8064422607422,25.538787841796875,70.75128173828125,-1,-1,-1,-1
60,4,324.4658508300781,158.3341522216797,25.019195556640625,69.25593566894531,-1,-1,-1,-1
61,4,325.2154235839844,156.63299560546875,25.519073486328125,71.04878234863281,-1,-1,-1,-1
62,4,325.7961120605469,157.26983642578125,24.92303466796875,69.23762512207031,-1,-1,-1,-1
66,4,328.5846252441406,157.42466735839844,22.612152099609375,67.09220886230469,-1,-1,-1,-1
69,4,332.3274841308594,155.98562622070312,22.471527099609375,66.51022338867188,-1,-1,-1,-1
1,5,606.8250732421875,78.35702514648438,20.9892578125,60.96875,-1,-1,-1,-1
2,5,607.0936279296875,79.46736145019531,20.4920654296875,59.83964538574219,-1,-1,-1,-1
3,5,606.8514404296875,78.41710662841797,20.6114501953125,63.75428009033203,-1,-1,-1,-1
4,5,606.785888671875,79.20980834960938,21.03759765625,62.79277038574219,-1,-1,-1,-1
10,5,605.319580078125,79.40621185302734,18.9454345703125,63.54430389404297,-1,-1,-1,-1
45,6,584.2365112304688,95.08248901367188,17.43316650390625,55.05528259277344,-1,-1,-1,-1
46,6,583.994140625,93.15496826171875,17.9068603515625,58.15306091308594,-1,-1,-1,-1
47,6,583.7620849609375,97.15514373779297,17.06658935546875,55.42577362060547,-1,-1,-1,-1
48,6,582.6388549804688,95.86705780029297,18.0174560546875,56.55193328857422,-1,-1,-1,-1
49,6,580.9354858398438,93.63798522949219,19.36029052734375,58.57749938964844,-1,-1,-1,-1
50,6,580.2525024414062,91.83768463134766,19.8336181640625,60.709754943847656,-1,-1,-1,-1
51,6,579.6806030273438,90.78515625,19.743408203125,62.449798583984375,-1,-1,-1,-1
52,6,579.4241333007812,93.40731811523438,20.1300048828125,59.06483459472656,-1,-1,-1,-1
53,6,577.4163208007812,91.41397094726562,21.34033203125,61.1971435546875,-1,-1,-1,-1
54,6,577.5306396484375,92.37388610839844,20.8834228515625,60.619232177734375,-1,-1,-1,-1
55,6,576.6862182617188,94.6430435180664,21.3729248046875,58.86872100830078,-1,-1,-1,-1
56,6,576.2410888671875,95.19084930419922,21.677734375,58.850257873535156,-1,-1,-1,-1
57,6,575.5336303710938,95.79019165039062,21.95977783203125,59.050933837890625,-1,-1,-1,-1
58,6,575.3717651367188,96.20960998535156,21.81524658203125,59.1329345703125,-1,-1,-1,-1
59,6,575.321044921875,96.79280090332031,21.157958984375,58.91339111328125,-1,-1,-1,-1
60,6,575.0155029296875,93.60931396484375,21.24334716796875,62.156005859375,-1,-1,-1,-1
61,6,573.7389526367188,93.58333587646484,22.0487060546875,63.80152130126953,-1,-1,-1,-1
62,6,573.25537109375,92.46157836914062,21.954833984375,64.62205505371094,-1,-1,-1,-1
63,6,571.9191284179688,92.38349914550781,22.29931640625,64.339599609375,-1,-1,-1,-1
64,6,571.0009155273438,90.84881591796875,23.11578369140625,65.97085571289062,-1,-1,-1,-1
65,6,570.1998291015625,90.03733825683594,23.72686767578125,67.0089111328125,-1,-1,-1,-1
66,6,570.030029296875,90.19995880126953,23.673583984375,66.8758773803711,-1,-1,-1,-1
67,6,569.6336669921875,93.37641906738281,23.28106689453125,64.17521667480469,-1,-1,-1,-1
68,6,568.9610595703125,92.19879150390625,23.71392822265625,66.99545288085938,-1,-1,-1,-1
69,6,569.8653564453125,97.2098617553711,21.39581298828125,62.54456329345703,-1,-1,-1,-1
70,6,569.5206298828125,97.3911361694336,21.82000732421875,62.297828674316406,-1,-1,-1,-1
71,6,568.0103759765625,90.40596008300781,23.92041015625,68.10725402832031,-1,-1,-1,-1
72,6,568.05322265625,91.35309600830078,22.97930908203125,66.84383392333984,-1,-1,-1,-1
73,6,567.6217041015625,90.84565734863281,23.11981201171875,67.79469299316406,-1,-1,-1,-1
74,6,567.4005126953125,91.55038452148438,22.55621337890625,66.95916748046875,-1,-1,-1,-1
75,6,567.2498168945312,95.7869644165039,21.99688720703125,63.071205139160156,-1,-1,-1,-1
76,6,567.3056640625,100.37662506103516,21.62359619140625,58.633689880371094,-1,-1,-1,-1
77,6,566.7898559570312,102.34353637695312,21.87969970703125,58.40093994140625,-1,-1,-1,-1
78,6,566.605224609375,103.52857208251953,21.67327880859375,57.959739685058594,-1,-1,-1,-1
79,6,566.1583251953125,103.94113159179688,21.81829833984375,58.12846374511719,-1,-1,-1,-1
80,6,565.6818237304688,104.16475677490234,21.99151611328125,58.058448791503906,-1,-1,-1,-1
81,6,565.110595703125,104.7980728149414,21.9891357421875,57.67577362060547,-1,-1,-1,-1
82,6,565.0484619140625,105.26154327392578,21.5316162109375,57.126609802246094,-1,-1,-1,-1
83,6,564.4276123046875,105.14332580566406,21.77978515625,57.17164611816406,-1,-1,-1,-1
84,6,564.1187744140625,104.05252075195312,21.8515625,57.65644836425781,-1,-1,-1,-1
85,6,563.4469604492188,99.5229721069336,22.46685791015625,62.07917022705078,-1,-1,-1,-1
86,6,562.9032592773438,100.31198120117188,22.5687255859375,61.89208984375,-1,-1,-1,-1
87,6,562.5379028320312,101.20890045166016,22.41229248046875,61.532203674316406,-1,-1,-1,-1
88,6,562.3829345703125,102.10884094238281,22.5064697265625,61.095428466796875,-1,-1,-1,-1
89,6,562.6263427734375,106.03275299072266,21.59478759765625,58.17017364501953,-1,-1,-1,-1
90,6,562.4681396484375,107.74546813964844,21.8092041015625,56.42146301269531,-1,-1,-1,-1
91,6,562.5286865234375,109.0252914428711,21.6890869140625,55.32878875732422,-1,-1,-1,-1
92,6,562.3328857421875,109.3781509399414,21.89837646484375,55.00743865966797,-1,-1,-1,-1
93,6,562.2068481445312,109.94096374511719,21.8897705078125,54.834991455078125,-1,-1,-1,-1
94,6,562.0623168945312,110.0459213256836,21.918212890625,55.04413604736328,-1,-1,-1,-1
95,6,561.5971069335938,110.10337829589844,22.0592041015625,55.16029357910156,-1,-1,-1,-1
96,6,560.620849609375,109.93741607666016,22.57940673828125,55.253684997558594,-1,-1,-1,-1
97,6,559.0020141601562,110.0112075805664,23.6849365234375,56.099220275878906,-1,-1,-1,-1
98,6,558.9274291992188,109.97480010986328,23.65399169921875,56.678245544433594,-1,-1,-1,-1
99,6,558.1746215820312,110.4568099975586,23.99755859375,57.232337951660156,-1,-1,-1,-1
100,6,557.8843383789062,111.05923461914062,24.046630859375,57.1712646484375,-1,-1,-1,-1
101,6,557.4592895507812,111.9192886352539,24.12469482421875,57.306419372558594,-1,-1,-1,-1
102,6,557.5174560546875,112.34452056884766,23.7283935546875,57.00257110595703,-1,-1,-1,-1
103,6,557.57421875,112.83787536621094,23.1893310546875,56.501251220703125,-1,-1,-1,-1
104,6,557.539794921875,112.91266632080078,22.9674072265625,56.46678924560547,-1,-1,-1,-1
105,6,557.6495361328125,113.03917694091797,22.5792236328125,56.239173889160156,-1,-1,-1,-1
106,6,557.47900390625,112.87518310546875,22.61077880859375,56.50083923339844,-1,-1,-1,-1
107,6,557.283935546875,112.59346771240234,22.7197265625,57.13574981689453,-1,-1,-1,-1
108,6,557.1046142578125,112.53802490234375,22.62725830078125,57.36808776855469,-1,-1,-1,-1
109,6,556.8651123046875,112.83163452148438,22.9642333984375,58.146270751953125,-1,-1,-1,-1
110,6,556.6381225585938,113.24725341796875,23.4002685546875,58.32310485839844,-1,-1,-1,-1
111,6,556.4674682617188,114.17717742919922,23.58123779296875,57.96900177001953,-1,-1,-1,-1
112,6,556.2089233398438,114.71659088134766,23.847412109375,57.61475372314453,-1,-1,-1,-1
113,6,556.172119140625,115.06993865966797,23.9527587890625,57.32514190673828,-1,-1,-1,-1
114,6,556.1231689453125,115.12398529052734,24.0028076171875,57.18860626220703,-1,-1,-1,-1
115,6,555.8384399414062,115.18052673339844,24.1805419921875,57.40995788574219,-1,-1,-1,-1
116,6,555.6834106445312,115.24305725097656,24.34375,57.497894287109375,-1,-1,-1,-1
117,6,555.7095336914062,115.26224517822266,24.32623291015625,57.60211944580078,-1,-1,-1,-1
118,6,555.8140258789062,115.4021987915039,24.14373779296875,57.56774139404297,-1,-1,-1,-1
119,6,555.8029174804688,115.78797149658203,24.13970947265625,57.56798553466797,-1,-1,-1,-1
120,6,555.8573608398438,116.0896987915039,23.93035888671875,57.994590759277344,-1,-1,-1,-1
121,6,556.0104370117188,117.41722869873047,23.5902099609375,56.923912048339844,-1,-1,-1,-1
122,6,555.9168090820312,117.72148895263672,23.56396484375,57.048988342285156,-1,-1,-1,-1
123,6,555.8306274414062,118.34070587158203,23.29156494140625,56.87830352783203,-1,-1,-1,-1
124,6,555.6780395507812,118.49256896972656,23.21099853515625,56.87467956542969,-1,-1,-1,-1
125,6,555.5315551757812,118.76568603515625,23.02783203125,56.811676025390625,-1,-1,-1,-1
126,6,555.26416015625,118.78912353515625,23.2132568359375,56.80145263671875,-1,-1,-1,-1
127,6,555.1571655273438,118.28821563720703,23.32489013671875,57.36199188232422,-1,-1,-1,-1
128,6,555.2073364257812,118.06787872314453,23.16790771484375,57.62102508544922,-1,-1,-1,-1
129,6,555.1962890625,118.11722564697266,23.1541748046875,57.996055603027344,-1,-1,-1,-1
130,6,555.0504150390625,118.66333770751953,23.2281494140625,57.92406463623047,-1,-1,-1,-1
131,6,555.0474243164062,119.890625,22.99810791015625,57.55964660644531,-1,-1,-1,-1
132,6,555.0125122070312,120.87749481201172,22.8555908203125,56.824989318847656,-1,-1,-1,-1
133,6,555.4027709960938,121.73789978027344,22.49810791015625,56.62626647949219,-1,-1,-1,-1
134,6,555.6782836914062,121.95316314697266,22.30023193359375,56.79534149169922,-1,-1,-1,-1
135,6,555.9803466796875,122.21285247802734,22.0465087890625,56.65044403076172,-1,-1,-1,-1
136,6,556.3438720703125,122.33878326416016,21.74066162109375,56.47216033935547,-1,-1,-1,-1
137,6,556.485595703125,122.29735565185547,21.682861328125,56.36328887939453,-1,-1,-1,-1
138,6,556.5162963867188,122.16974639892578,21.6336669921875,56.252891540527344,-1,-1,-1,-1
139,6,556.5260009765625,122.28849792480469,21.63360595703125,56.51182556152344,-1,-1,-1,-1
140,6,556.4940185546875,122.46400451660156,21.6004638671875,56.45939636230469,-1,-1,-1,-1
141,6,556.199951171875,122.8261947631836,21.63916015625,57.450828552246094,-1,-1,-1,-1
142,6,555.993408203125,123.4671401977539,21.55230712890625,57.42182159423828,-1,-1,-1,-1
143,6,555.6504516601562,124.52104949951172,21.494384765625,57.321800231933594,-1,-1,-1,-1
144,6,554.9817504882812,124.80603790283203,21.88934326171875,57.75957489013672,-1,-1,-1,-1
145,6,554.3763427734375,125.47808837890625,21.8543701171875,57.335205078125,-1,-1,-1,-1
146,6,554.078369140625,125.68970489501953,21.82977294921875,57.165382385253906,-1,-1,-1,-1
147,6,553.6110229492188,125.37946319580078,22.03350830078125,57.608726501464844,-1,-1,-1,-1
148,6,553.3815307617188,125.30945587158203,22.00872802734375,57.301841735839844,-1,-1,-1,-1
149,6,553.0795288085938,125.13862609863281,22.20947265625,57.29783630371094,-1,-1,-1,-1
150,6,552.8470458984375,125.0369644165039,22.32177734375,57.591026306152344,-1,-1,-1,-1
151,6,552.7035522460938,125.68510437011719,22.15380859375,57.51542663574219,-1,-1,-1,-1
152,6,552.557861328125,126.00446319580078,22.0977783203125,57.933387756347656,-1,-1,-1,-1
153,6,552.6860961914062,127.21051788330078,21.51318359375,57.83110809326172,-1,-1,-1,-1
154,6,552.4912109375,127.64541625976562,21.50335693359375,58.474212646484375,-1,-1,-1,-1
155,6,552.4363403320312,128.06816864013672,21.42230224609375,58.462669372558594,-1,-1,-1,-1
156,6,552.350341796875,128.30852508544922,21.41278076171875,58.279823303222656,-1,-1,-1,-1
157,6,552.2860717773438,128.44646453857422,21.37030029296875,58.232765197753906,-1,-1,-1,-1
158,6,552.2193603515625,128.58919525146484,21.1444091796875,57.94843292236328,-1,-1,-1,-1
159,6,552.0834350585938,128.3613052368164,21.063232421875,58.26256561279297,-1,-1,-1,-1
160,6,551.9879150390625,128.26604461669922,21.0408935546875,58.556480407714844,-1,-1,-1,-1
161,6,551.6033935546875,128.5832061767578,21.265380859375,59.04466247558594,-1,-1,-1,-1
162,6,551.3201293945312,129.14170837402344,21.3753662109375,58.98912048339844,-1,-1,-1,-1
163,6,550.9590454101562,129.92706298828125,21.4990234375,59.27099609375,-1,-1,-1,-1
164,6,550.7742919921875,130.7430419921875,21.33612060546875,58.84379577636719,-1,-1,-1,-1
165,6,550.3064575195312,131.4535369873047,21.31744384765625,58.35365295410156,-1,-1,-1,-1
166,6,549.9584350585938,131.75393676757812,21.34429931640625,58.257110595703125,-1,-1,-1,-1
167,6,549.435302734375,131.80441284179688,21.62042236328125,58.62860107421875,-1,-1,-1,-1
168,6,549.0560913085938,131.56564331054688,21.82000732421875,59.097869873046875,-1,-1,-1,-1
169,6,548.8558959960938,131.10791015625,21.73345947265625,59.70558166503906,-1,-1,-1,-1
170,6,548.6817626953125,130.77467346191406,21.80926513671875,60.208099365234375,-1,-1,-1,-1
171,6,548.474853515625,130.97186279296875,21.92877197265625,60.3275146484375,-1,-1,-1,-1
172,6,548.221435546875,131.39498901367188,21.99432373046875,60.242034912109375,-1,-1,-1,-1
173,6,547.9112548828125,131.94557189941406,22.17401123046875,60.451751708984375,-1,-1,-1,-1
174,6,547.5407104492188,132.62005615234375,22.5767822265625,60.49229431152344,-1,-1,-1,-1
175,6,547.2620239257812,133.51077270507812,22.81463623046875,60.208740234375,-1,-1,-1,-1
176,6,547.1284790039062,134.09381103515625,23.025390625,59.646728515625,-1,-1,-1,-1
177,6,546.993408203125,134.4709930419922,23.13775634765625,59.23982238769531,-1,-1,-1,-1
178,6,546.9473876953125,134.52200317382812,23.18408203125,59.47120666503906,-1,-1,-1,-1
179,6,546.96630859375,134.36068725585938,23.08251953125,59.508880615234375,-1,-1,-1,-1
180,6,546.9401245117188,134.10983276367188,22.9122314453125,59.59800720214844,-1,-1,-1,-1
181,6,546.8046264648438,134.2415008544922,22.74114990234375,59.621795654296875,-1,-1,-1,-1
182,6,546.6304321289062,134.376220703125,22.95037841796875,59.65254211425781,-1,-1,-1,-1
183,6,546.415771484375,135.0367431640625,22.90478515625,59.81117248535156,-1,-1,-1,-1
184,6,546.267333984375,135.5037384033203,22.8585205078125,60.045166015625,-1,-1,-1,-1
185,6,546.0846557617188,136.20945739746094,22.61859130859375,60.24798583984375,-1,-1,-1,-1
186,6,545.7719116210938,136.68582153320312,22.64935302734375,60.204010009765625,-1,-1,-1,-1
187,6,545.315673828125,137.1143341064453,22.577880859375,59.844268798828125,-1,-1,-1,-1
188,6,544.8391723632812,137.34315490722656,22.4879150390625,59.6728515625,-1,-1,-1,-1
189,6,544.3043823242188,137.13099670410156,22.63604736328125,60.070892333984375,-1,-1,-1,-1
190,6,544.0029296875,136.9506378173828,22.641357421875,60.16258239746094,-1,-1,-1,-1
191,6,543.5620727539062,136.75927734375,22.66552734375,60.43658447265625,-1,-1,-1,-1
192,6,543.301025390625,136.68338012695312,22.71337890625,60.66162109375,-1,-1,-1,-1
193,6,542.7772827148438,137.0050506591797,22.8739013671875,60.9298095703125,-1,-1,-1,-1
194,6,542.5748291015625,137.51519775390625,22.6798095703125,61.214569091796875,-1,-1,-1,-1
195,6,542.5681762695312,138.78639221191406,22.1573486328125,60.64814758300781,-1,-1,-1,-1
196,6,542.4010620117188,139.60940551757812,21.95111083984375,60.50648498535156,-1,-1,-1,-1
197,6,542.099365234375,140.02574157714844,21.93603515625,60.25370788574219,-1,-1,-1,-1
198,6,541.8778076171875,140.08045959472656,22.10577392578125,60.28193664550781,-1,-1,-1,-1
199,6,541.6624755859375,140.260009765625,22.18841552734375,60.18232727050781,-1,-1,-1,-1
200,6,541.4862670898438,140.47915649414062,22.24578857421875,60.21844482421875,-1,-1,-1,-1
87,7,340.61126708984375,150.1944580078125,26.253387451171875,65.34761047363281,-1,-1,-1,-1
88,7,340.9537353515625,149.4476776123047,26.95892333984375,65.59210205078125,-1,-1,-1,-1
89,7,342.05523681640625,149.86839294433594,25.04949951171875,65.10006713867188,-1,-1,-1,-1
90,7,342.4629211425781,149.61050415039062,25.18194580078125,65.83184814453125,-1,-1,-1,-1
91,7,342.72894287109375,149.13388061523438,25.26519775390625,66.20234680175781,-1,-1,-1,-1
92,7,343.1830749511719,148.89382934570312,24.952606201171875,66.42849731445312,-1,-1,-1,-1
93,7,343.55322265625,148.6120147705078,25.11358642578125,66.47406005859375,-1,-1,-1,-1
94,7,343.9143981933594,148.24160766601562,25.196014404296875,66.580810546875,-1,-1,-1,-1
95,7,344.50311279296875,147.92601013183594,24.75897216796875,66.50440979003906,-1,-1,-1,-1
96,7,345.0155029296875,148.3217010498047,24.511383056640625,65.76531982421875,-1,-1,-1,-1
97,7,345.4372863769531,148.15618896484375,24.443359375,65.54067993164062,-1,-1,-1,-1
98,7,345.88397216796875,148.05728149414062,24.360809326171875,65.40567016601562,-1,-1,-1,-1
99,7,346.7830505371094,147.56985473632812,24.392364501953125,65.34626770019531,-1,-1,-1,-1
100,7,347.26617431640625,146.84646606445312,24.42535400390625,65.46528625488281,-1,-1,-1,-1
101,7,347.8346862792969,145.8455810546875,24.727752685546875,65.39219665527344,-1,-1,-1,-1
102,7,348.417724609375,145.46875,24.788848876953125,65.27955627441406,-1,-1,-1,-1
103,7,348.92181396484375,144.93319702148438,24.5843505859375,65.79600524902344,-1,-1,-1,-1
104,7,350.10516357421875,145.56077575683594,23.610382080078125,64.61932373046875,-1,-1,-1,-1
105,7,350.3003845214844,145.23179626464844,23.987640380859375,64.82574462890625,-1,-1,-1,-1
106,7,350.5627136230469,145.24124145507812,23.98931884765625,65.0120849609375,-1,-1,-1,-1
107,7,351.0233154296875,145.20211791992188,23.760833740234375,64.85771179199219,-1,-1,-1,-1
108,7,351.5718078613281,144.73867797851562,23.25103759765625,65.27229309082031,-1,-1,-1,-1
109,7,351.81243896484375,143.05120849609375,23.699066162109375,66.5511474609375,-1,-1,-1,-1
110,7,352.12420654296875,143.0182647705078,23.7933349609375,66.00616455078125,-1,-1,-1,-1
111,7,352.3713073730469,142.63677978515625,23.82403564453125,65.42335510253906,-1,-1,-1,-1
112,7,352.6146545410156,142.63619995117188,23.755096435546875,65.082275390625,-1,-1,-1,-1
113,7,352.830322265625,141.98448181152344,23.93914794921875,65.65524291992188,-1,-1,-1,-1
114,7,353.24652099609375,142.00732421875,23.68280029296875,65.48007202148438,-1,-1,-1,-1
115,7,353.414794921875,141.7330322265625,23.880645751953125,65.11372375488281,-1,-1,-1,-1
116,7,353.6724853515625,141.4417724609375,24.024658203125,65.14529418945312,-1,-1,-1,-1
117,7,353.8725891113281,141.24203491210938,24.270233154296875,65.12333679199219,-1,-1,-1,-1
118,7,354.05499267578125,141.57022094726562,24.0400390625,64.77098083496094,-1,-1,-1,-1
119,7,354.31427001953125,141.3876495361328,24.449005126953125,64.26872253417969,-1,-1,-1,-1
120,7,354.3204345703125,139.59422302246094,25.31781005859375,65.42500305175781,-1,-1,-1,-1
121,7,355.2821044921875,139.53392028808594,24.62725830078125,65.03814697265625,-1,-1,-1,-1
122,7,355.2142028808594,138.39767456054688,25.283233642578125,65.60331726074219,-1,-1,-1,-1
123,7,355.47235107421875,138.52745056152344,25.538543701171875,64.54353332519531,-1,-1,-1,-1
124,7,356.1075439453125,138.4079132080078,25.675079345703125,63.66839599609375,-1,-1,-1,-1
125,7,356.02587890625,136.78184509277344,27.087554931640625,65.10179138183594,-1,-1,-1,-1
126,7,356.18218994140625,136.86228942871094,27.03839111328125,64.59490966796875,-1,-1,-1,-1
127,7,356.7652893066406,137.06776428222656,26.622894287109375,64.13223266601562,-1,-1,-1,-1
128,7,357.09930419921875,136.9738311767578,26.4820556640625,64.16677856445312,-1,-1,-1,-1
129,7,357.31597900390625,136.5911407470703,26.406524658203125,65.11050415039062,-1,-1,-1,-1
130,7,357.3354797363281,136.11460876464844,26.585906982421875,65.04440307617188,-1,-1,-1,-1
131,7,357.15411376953125,135.772705078125,26.929779052734375,64.75300598144531,-1,-1,-1,-1
132,7,357.572265625,136.20895385742188,26.274566650390625,64.3204345703125,-1,-1,-1,-1
133,7,357.32806396484375,135.48316955566406,26.401611328125,64.04132080078125,-1,-1,-1,-1
134,7,357.41009521484375,135.37448120117188,26.25,64.123046875,-1,-1,-1,-1
135,7,358.0281066894531,135.02285766601562,25.790802001953125,64.54582214355469,-1,-1,-1,-1
136,7,358.235107421875,135.28298950195312,26.21063232421875,64.04695129394531,-1,-1,-1,-1
137,7,358.394287109375,134.7500457763672,26.44842529296875,63.80384826660156,-1,-1,-1,-1
138,7,359.083984375,135.3008270263672,26.2054443359375,62.399749755859375,-1,-1,-1,-1
139,7,359.6319885253906,135.17420959472656,26.157440185546875,62.130645751953125,-1,-1,-1,-1
140,7,360.0693359375,134.62913513183594,26.804168701171875,62.644775390625,-1,-1,-1,-1
141,7,361.70953369140625,133.04791259765625,25.93560791015625,64.2647705078125,-1,-1,-1,-1
142,7,362.0421447753906,133.27474975585938,25.943939208984375,63.98583984375,-1,-1,-1,-1
143,7,362.3941345214844,132.2986297607422,26.58819580078125,64.98823547363281,-1,-1,-1,-1
144,7,363.0301818847656,132.0145263671875,26.380035400390625,65.10929870605469,-1,-1,-1,-1
145,7,363.51434326171875,131.1352996826172,26.42779541015625,65.41459655761719,-1,-1,-1,-1
146,7,363.7686767578125,129.555908203125,27.121307373046875,66.95843505859375,-1,-1,-1,-1
147,7,364.06573486328125,129.41844177246094,27.3187255859375,66.36012268066406,-1,-1,-1,-1
148,7,364.57171630859375,129.68569946289062,27.008514404296875,65.65803527832031,-1,-1,-1,-1
149,7,365.1573486328125,129.8618927001953,26.901947021484375,65.12814331054688,-1,-1,-1,-1
150,7,365.40496826171875,130.2608642578125,26.892364501953125,64.19189453125,-1,-1,-1,-1
151,7,366.12127685546875,130.89932250976562,26.450653076171875,63.19947814941406,-1,-1,-1,-1
152,7,366.78131103515625,131.16650390625,25.817108154296875,62.6209716796875,-1,-1,-1,-1
153,7,367.76177978515625,130.03936767578125,25.42340087890625,63.25762939453125,-1,-1,-1,-1
154,7,368.06451416015625,128.76548767089844,26.022674560546875,64.39634704589844,-1,-1,-1,-1
155,7,368.90789794921875,129.24078369140625,25.470306396484375,63.46803283691406,-1,-1,-1,-1
156,7,369.5943298339844,130.06617736816406,24.767822265625,62.0484619140625,-1,-1,-1,-1
157,7,370.43701171875,128.7785186767578,24.36676025390625,62.58232116699219,-1,-1,-1,-1
158,7,371.036376953125,128.3575210571289,24.851043701171875,63.225059509277344,-1,-1,-1,-1
159,7,371.5193786621094,129.00634765625,25.07391357421875,62.346343994140625,-1,-1,-1,-1
160,7,371.87603759765625,128.54356384277344,25.419403076171875,62.82933044433594,-1,-1,-1,-1
161,7,372.3143615722656,128.8128433227539,25.226104736328125,62.38237762451172,-1,-1,-1,-1
162,7,372.58099365234375,128.89244842529297,25.450531005859375,61.78112030029297,-1,-1,-1,-1
163,7,373.36724853515625,129.74465942382812,24.701904296875,60.80206298828125,-1,-1,-1,-1
164,7,373.602294921875,129.46060180664062,24.769866943359375,61.00779724121094,-1,-1,-1,-1
165,7,374.19921875,129.3606414794922,24.7557373046875,60.48429870605469,-1,-1,-1,-1
166,7,374.46771240234375,129.0400390625,24.866851806640625,60.37916564941406,-1,-1,-1,-1
167,7,375.26043701171875,127.74713134765625,24.939239501953125,60.88702392578125,-1,-1,-1,-1
168,7,375.59906005859375,127.9218978881836,24.85467529296875,60.369361877441406,-1,-1,-1,-1
169,7,376.3436279296875,126.2376708984375,24.492645263671875,60.87907409667969,-1,-1,-1,-1
170,7,376.3738708496094,126.16474151611328,24.952850341796875,60.433204650878906,-1,-1,-1,-1
171,7,377.289306640625,126.69104766845703,24.264495849609375,59.806236267089844,-1,-1,-1,-1
172,7,377.9037170410156,126.79646301269531,23.871856689453125,59.41661071777344,-1,-1,-1,-1
173,7,378.8933410644531,126.9635009765625,23.16790771484375,58.78718566894531,-1,-1,-1,-1
174,7,379.1192932128906,126.83718872070312,23.38055419921875,59.04432678222656,-1,-1,-1,-1
175,7,379.62738037109375,126.0592269897461,23.695709228515625,59.76616668701172,-1,-1,-1,-1
176,7,379.87255859375,125.77398681640625,23.695770263671875,60.209014892578125,-1,-1,-1,-1
177,7,380.8592224121094,125.8294677734375,23.1468505859375,59.78912353515625,-1,-1,-1,-1
178,7,381.00457763671875,125.13289642333984,23.941650390625,60.330894470214844,-1,-1,-1,-1
179,7,381.8210144042969,124.82623291015625,23.57611083984375,59.2574462890625,-1,-1,-1,-1
180,7,382.0827331542969,123.80239868164062,23.853851318359375,59.84625244140625,-1,-1,-1,-1
181,7,382.9599304199219,123.36280822753906,23.2498779296875,60.36962890625,-1,-1,-1,-1
182,7,383.3468933105469,123.1694564819336,23.0428466796875,60.50251007080078,-1,-1,-1,-1
183,7,383.45196533203125,122.38595581054688,23.308197021484375,61.195037841796875,-1,-1,-1,-1
184,7,383.590087890625,122.356689453125,23.504058837890625,60.83056640625,-1,-1,-1,-1
185,7,384.1641845703125,123.25125122070312,22.909942626953125,59.817596435546875,-1,-1,-1,-1
186,7,384.3678283691406,122.90384674072266,23.197723388671875,60.077598571777344,-1,-1,-1,-1
187,7,385.30059814453125,123.984130859375,22.823394775390625,58.8055419921875,-1,-1,-1,-1
188,7,385.5946044921875,123.62222290039062,22.992584228515625,58.81776428222656,-1,-1,-1,-1
189,7,385.9521789550781,121.47555541992188,23.8702392578125,60.50865173339844,-1,-1,-1,-1
190,7,386.6669616699219,120.26099395751953,23.61053466796875,61.106040954589844,-1,-1,-1,-1
194,7,389.8968811035156,116.8740005493164,22.62884521484375,62.538246154785156,-1,-1,-1,-1
195,7,390.9258728027344,113.34044647216797,25.427581787109375,65.7153549194336,-1,-1,-1,-1
196,7,390.3038024902344,110.66865539550781,27.3106689453125,67.20426940917969,-1,-1,-1,-1
198,7,391.6130676269531,112.53369903564453,26.874847412109375,66.2048110961914,-1,-1,-1,-1
199,7,392.4859924316406,113.67760467529297,25.545867919921875,64.85456085205078,-1,-1,-1,-1
200,7,392.6326904296875,111.93241119384766,25.548004150390625,66.75223541259766,-1,-1,-1,-1
