1,1,443.7760009765625,215.96043395996094,26.249786376953125,77.08589172363281,-1,-1,-1,-1
2,1,444.0946960449219,215.81163024902344,26.16009521484375,77.26014709472656,-1,-1,-1,-1
3,1,445.0608825683594,215.1019744873047,25.766693115234375,77.38410949707031,-1,-1,-1,-1
4,1,445.8281555175781,214.45506286621094,25.68695068359375,77.02967834472656,-1,-1,-1,-1
5,1,446.3016662597656,213.1844024658203,26.110076904296875,77.29557800292969,-1,-1,-1,-1
6,1,446.752197265625,212.4905548095703,26.373504638671875,77.63755798339844,-1,-1,-1,-1
7,1,447.4302673339844,211.50155639648438,26.735321044921875,77.62213134765625,-1,-1,-1,-1
8,1,447.78497314453125,211.07688903808594,26.958221435546875,77.15208435058594,-1,-1,-1,-1
9,1,448.3251647949219,210.83546447753906,27.2467041015625,76.24241638183594,-1,-1,-1,-1
10,1,448.7176513671875,210.9143524169922,27.29583740234375,75.83641052246094,-1,-1,-1,-1
11,1,449.2287902832031,210.24610900878906,27.63519287109375,76.56077575683594,-1,-1,-1,-1
12,1,449.6604919433594,209.65870666503906,27.8099365234375,76.52119445800781,-1,-1,-1,-1
13,1,450.2497863769531,209.11024475097656,27.938568115234375,75.70109558105469,-1,-1,-1,-1
14,1,450.4981689453125,208.62742614746094,28.071044921875,74.64244079589844,-1,-1,-1,-1
15,1,451.19110107421875,207.19091796875,27.84100341796875,75.04666137695312,-1,-1,-1,-1
16,1,451.7369079589844,206.35414123535156,27.52130126953125,75.33085632324219,-1,-1,-1,-1
17,1,452.7452087402344,205.58615112304688,26.908172607421875,75.82086181640625,-1,-1,-1,-1
18,1,453.35906982421875,205.40480041503906,26.553314208984375,75.79704284667969,-1,-1,-1,-1
19,1,454.1496276855469,205.2518310546875,26.2049560546875,75.40176391601562,-1,-1,-1,-1
20,1,454.89935302734375,205.33103942871094,25.66607666015625,74.39805603027344,-1,-1,-1,-1
21,1,456.13037109375,205.16567993164062,25.302490234375,73.315673828125,-1,-1,-1,-1
22,1,457.06109619140625,204.9129638671875,25.457122802734375,73.06002807617188,-1,-1,-1,-1
23,1,458.3116455078125,204.22201538085938,26.32647705078125,73.49395751953125,-1,-1,-1,-1
24,1,458.98968505859375,203.77944946289062,26.398834228515625,73.06072998046875,-1,-1,-1,-1
25,1,459.8948669433594,201.82772827148438,27.474853515625,74.29696655273438,-1,-1,-1,-1
26,1,460.4676818847656,200.78294372558594,27.551300048828125,75.21708679199219,-1,-1,-1,-1
27,1,461.3629455566406,200.17364501953125,28.03509521484375,74.86764526367188,-1,-1,-1,-1
28,1,461.9930419921875,200.13504028320312,27.926483154296875,74.18508911132812,-1,-1,-1,-1
29,1,463.3510437011719,200.312255859375,27.663299560546875,73.30859375,-1,-1,-1,-1
30,1,464.04052734375,200.30262756347656,27.503570556640625,72.96934509277344,-1,-1,-1,-1
31,1,464.8719482421875,200.1631622314453,27.519073486328125,72.40647888183594,-1,-1,-1,-1
32,1,465.385986328125,199.9346923828125,27.453826904296875,71.88421630859375,-1,-1,-1,-1
33,1,466.560546875,199.07594299316406,26.561065673828125,71.15989685058594,-1,-1,-1,-1
34,1,467.0093688964844,197.79209899902344,26.50469970703125,72.33235168457031,-1,-1,-1,-1
35,1,467.35540771484375,195.90028381347656,26.927642822265625,73.45506286621094,-1,-1,-1,-1
36,1,467.8400573730469,195.42828369140625,26.646484375,72.92584228515625,-1,-1,-1,-1
37,1,468.5331115722656,194.5287628173828,26.5550537109375,73.31510925292969,-1,-1,-1,-1
38,1,469.0881652832031,194.35789489746094,26.43707275390625,73.31880187988281,-1,-1,-1,-1
39,1,470.150146484375,194.51051330566406,26.08038330078125,72.25071716308594,-1,-1,-1,-1
40,1,470.89434814453125,194.59286499023438,25.932891845703125,71.43280029296875,-1,-1,-1,-1
41,1,472.4909362792969,194.76141357421875,25.36962890625,70.12335205078125,-1,-1,-1,-1
42,1,472.94384765625,194.39012145996094,25.306732177734375,70.43327331542969,-1,-1,-1,-1
43,1,474.0247497558594,193.2068634033203,25.17132568359375,71.08589172363281,-1,-1,-1,-1
44,1,474.7619934082031,192.52432250976562,25.190338134765625,71.39324951171875,-1,-1,-1,-1
45,1,475.49169921875,190.76934814453125,25.801177978515625,71.92706298828125,-1,-1,-1,-1
46,1,476.04290771484375,190.83399963378906,26.495697021484375,70.82472229003906,-1,-1,-1,-1
47,1,477.0556945800781,190.24917602539062,27.0242919921875,71.00799560546875,-1,-1,-1,-1
48,1,477.743896484375,189.893310546875,27.039947509765625,71.29306030273438,-1,-1,-1,-1
49,1,478.2760925292969,189.40066528320312,28.046875,71.38949584960938,-1,-1,-1,-1
50,1,478.8843688964844,189.34375,28.4892578125,71.49496459960938,-1,-1,-1,-1
51,1,479.8050231933594,189.3152313232422,28.23504638671875,70.89048767089844,-1,-1,-1,-1
52,1,480.47308349609375,188.91920471191406,27.787506103515625,71.36585998535156,-1,-1,-1,-1
53,1,481.4882507324219,188.04034423828125,26.98919677734375,71.7049560546875,-1,-1,-1,-1
54,1,482.0362548828125,187.03903198242188,26.86956787109375,72.50262451171875,-1,-1,-1,-1
55,1,482.5007629394531,185.840576171875,26.865020751953125,72.09730529785156,-1,-1,-1,-1
56,1,483.0505065917969,185.05613708496094,26.51104736328125,72.1387939453125,-1,-1,-1,-1
57,1,483.7090759277344,183.87530517578125,26.057891845703125,72.41224670410156,-1,-1,-1,-1
58,1,483.9752502441406,182.9796905517578,25.975372314453125,73.01893615722656,-1,-1,-1,-1
59,1,484.4082336425781,182.38046264648438,25.93243408203125,73.04452514648438,-1,-1,-1,-1
60,1,484.5660095214844,182.25563049316406,25.9830322265625,72.8359375,-1,-1,-1,-1
61,1,484.9607238769531,182.5011749267578,26.20257568359375,71.51043701171875,-1,-1,-1,-1
62,1,485.2728271484375,182.6725616455078,26.290679931640625,70.3359375,-1,-1,-1,-1
63,1,485.9662170410156,182.70130920410156,26.07421875,69.24604797363281,-1,-1,-1,-1
64,1,486.6020812988281,182.3235626220703,26.008697509765625,68.75035095214844,-1,-1,-1,-1
65,1,487.56787109375,181.51876831054688,26.341583251953125,69.00090026855469,-1,-1,-1,-1
66,1,487.8954772949219,180.96630859375,26.504058837890625,69.59373474121094,-1,-1,-1,-1
67,1,489.42132568359375,179.59750366210938,26.6082763671875,70.45697021484375,-1,-1,-1,-1
68,1,490.1752624511719,178.7181854248047,26.344940185546875,71.20980834960938,-1,-1,-1,-1
69,1,490.82757568359375,178.24478149414062,26.41729736328125,71.43609619140625,-1,-1,-1,-1
70,1,491.5489807128906,178.07571411132812,26.203216552734375,71.69416809082031,-1,-1,-1,-1
71,1,492.0782775878906,178.0616455078125,26.198944091796875,71.35762023925781,-1,-1,-1,-1
72,1,492.43157958984375,177.86399841308594,26.167724609375,71.60604858398438,-1,-1,-1,-1
73,1,492.48724365234375,177.20118713378906,26.37432861328125,72.35305786132812,-1,-1,-1,-1
74,1,492.634765625,176.92791748046875,26.45318603515625,72.34931945800781,-1,-1,-1,-1
75,1,493.0041198730469,176.24473571777344,26.152191162109375,71.84036254882812,-1,-1,-1,-1
76,1,493.1148986816406,176.04623413085938,25.976837158203125,70.28334045410156,-1,-1,-1,-1
77,1,493.4162292480469,174.07101440429688,25.783294677734375,70.29518127441406,-1,-1,-1,-1
78,1,493.6329040527344,173.0756072998047,25.444305419921875,70.32666015625,-1,-1,-1,-1
79,1,493.6629333496094,172.32937622070312,25.492279052734375,71.00019836425781,-1,-1,-1,-1
80,1,493.6316223144531,172.31800842285156,25.527191162109375,70.787353515625,-1,-1,-1,-1
81,1,493.65960693359375,172.8087615966797,25.32232666015625,69.27769470214844,-1,-1,-1,-1
82,1,493.8079528808594,173.0521240234375,25.148223876953125,68.85029602050781,-1,-1,-1,-1
83,1,493.8073425292969,173.08206176757812,25.084075927734375,69.44764709472656,-1,-1,-1,-1
84,1,493.88800048828125,172.8347625732422,25.1285400390625,70.13397216796875,-1,-1,-1,-1
85,1,493.6062927246094,172.05821228027344,27.045562744140625,80.52772521972656,-1,-1,-1,-1
86,1,493.95989990234375,171.89434814453125,26.7845458984375,76.98405456542969,-1,-1,-1,-1
87,1,494.6526184082031,170.30258178710938,28.397247314453125,81.97154235839844,-1,-1,-1,-1
88,1,494.2988586425781,169.56280517578125,29.366058349609375,84.92597961425781,-1,-1,-1,-1
89,1,495.06951904296875,168.98439025878906,29.50177001953125,84.43885803222656,-1,-1,-1,-1
90,1,496.5376892089844,169.1138916015625,27.901641845703125,78.02336120605469,-1,-1,-1,-1
91,1,497.7412109375,168.98333740234375,27.065673828125,77.10215759277344,-1,-1,-1,-1
92,1,498.1033630371094,168.84170532226562,27.017242431640625,77.32551574707031,-1,-1,-1,-1
93,1,498.19842529296875,168.62701416015625,27.15997314453125,79.76205444335938,-1,-1,-1,-1
94,1,498.0753479003906,168.177978515625,27.360565185546875,82.70916748046875,-1,-1,-1,-1
95,1,497.961669921875,167.33612060546875,27.76531982421875,84.79360961914062,-1,-1,-1,-1
96,1,497.41949462890625,166.2620849609375,28.64935302734375,89.32194519042969,-1,-1,-1,-1
97,1,497.4826354980469,165.7301025390625,28.707427978515625,88.85072326660156,-1,-1,-1,-1
98,1,498.8081359863281,165.11117553710938,27.402862548828125,82.13041687011719,-1,-1,-1,-1
99,1,499.4254455566406,164.2759246826172,27.001861572265625,76.74942016601562,-1,-1,-1,-1
100,1,499.7641296386719,163.32579040527344,26.783355712890625,77.08346557617188,-1,-1,-1,-1
101,1,500.1357727050781,163.33926391601562,27.268707275390625,81.23432922363281,-1,-1,-1,-1
102,1,499.887451171875,163.91317749023438,27.93170166015625,83.78498840332031,-1,-1,-1,-1
103,1,500.37469482421875,164.82614135742188,27.989013671875,80.03915405273438,-1,-1,-1,-1
104,1,500.9566955566406,164.322021484375,27.920013427734375,80.33389282226562,-1,-1,-1,-1
105,1,502.3766174316406,163.3080596923828,28.257904052734375,87.64401245117188,-1,-1,-1,-1
106,1,501.405517578125,161.77261352539062,30.0450439453125,96.22946166992188,-1,-1,-1,-1
107,1,502.0981750488281,163.59608459472656,29.957305908203125,91.995849609375,-1,-1,-1,-1
108,1,502.93304443359375,160.9391326904297,30.5208740234375,95.07746887207031,-1,-1,-1,-1
109,1,504.671630859375,162.9165802001953,28.70233154296875,87.46380615234375,-1,-1,-1,-1
110,1,505.1085205078125,160.2578582763672,28.68548583984375,89.23721313476562,-1,-1,-1,-1
111,1,506.82122802734375,162.12240600585938,27.0845947265625,78.86775207519531,-1,-1,-1,-1
112,1,507.6829833984375,160.98666381835938,26.5047607421875,73.42723083496094,-1,-1,-1,-1
113,1,508.8719177246094,161.31622314453125,25.097991943359375,66.7158203125,-1,-1,-1,-1
114,1,509.20452880859375,160.78591918945312,24.96405029296875,68.93113708496094,-1,-1,-1,-1
115,1,508.745849609375,159.80250549316406,26.17767333984375,77.50059509277344,-1,-1,-1,-1
116,1,508.9369201660156,158.87425231933594,26.297698974609375,72.92793273925781,-1,-1,-1,-1
117,1,510.0496520996094,156.03469848632812,25.404266357421875,73.84480285644531,-1,-1,-1,-1
118,1,510.52166748046875,155.5179443359375,25.122314453125,73.38775634765625,-1,-1,-1,-1
119,1,511.0032653808594,154.18507385253906,25.172271728515625,72.49232482910156,-1,-1,-1,-1
120,1,510.9438171386719,153.57632446289062,26.215362548828125,78.32878112792969,-1,-1,-1,-1
121,1,510.9410095214844,154.51382446289062,28.073333740234375,86.91217041015625,-1,-1,-1,-1
122,1,510.4925842285156,153.9176025390625,29.848724365234375,97.19769287109375,-1,-1,-1,-1
123,1,510.86517333984375,152.74562072753906,31.376708984375,103.897705078125,-1,-1,-1,-1
124,1,511.1880187988281,153.3101348876953,30.992767333984375,102.11216735839844,-1,-1,-1,-1
125,1,512.0710144042969,154.0784149169922,30.282318115234375,98.69668579101562,-1,-1,-1,-1
126,1,512.6253662109375,152.4921112060547,30.480712890625,100.19679260253906,-1,-1,-1,-1
127,1,513.5093383789062,151.4361114501953,30.3790283203125,98.34921264648438,-1,-1,-1,-1
128,1,515.0383911132812,153.38619995117188,28.13531494140625,85.30528259277344,-1,-1,-1,-1
129,1,515.4851684570312,148.91354370117188,27.75152587890625,84.4228515625,-1,-1,-1,-1
130,1,516.073974609375,150.11331176757812,27.74407958984375,80.21473693847656,-1,-1,-1,-1
131,1,516.2639770507812,150.2606964111328,28.968017578125,86.84431457519531,-1,-1,-1,-1
132,1,516.7791137695312,150.58067321777344,27.83837890625,80.55267333984375,-1,-1,-1,-1
133,1,518.0509643554688,150.19091796875,26.48822021484375,79.30387878417969,-1,-1,-1,-1
134,1,518.8551635742188,149.5319366455078,24.73162841796875,73.67343139648438,-1,-1,-1,-1
135,1,519.2677612304688,148.5078125,24.06103515625,71.84358215332031,-1,-1,-1,-1
136,1,519.5208129882812,147.67938232421875,23.9615478515625,72.45899963378906,-1,-1,-1,-1
137,1,519.759033203125,147.01971435546875,25.75323486328125,78.07675170898438,-1,-1,-1,-1
138,1,520.0009765625,145.975341796875,25.472412109375,75.03451538085938,-1,-1,-1,-1
139,1,520.1250610351562,144.6254119873047,25.324951171875,73.54389953613281,-1,-1,-1,-1
140,1,520.314697265625,143.81021118164062,25.4451904296875,73.71147155761719,-1,-1,-1,-1
141,1,520.5869750976562,143.63319396972656,26.0904541015625,74.03535461425781,-1,-1,-1,-1
142,1,520.97509765625,144.051513671875,26.1639404296875,73.0074462890625,-1,-1,-1,-1
143,1,521.4249267578125,144.29232788085938,26.3250732421875,70.44879150390625,-1,-1,-1,-1
144,1,522.0156860351562,144.46209716796875,25.82568359375,68.72592163085938,-1,-1,-1,-1
145,1,522.6456909179688,143.89846801757812,25.41729736328125,66.66462707519531,-1,-1,-1,-1
146,1,522.9338989257812,143.46624755859375,25.8060302734375,70.23968505859375,-1,-1,-1,-1
147,1,523.683837890625,142.73660278320312,25.43292236328125,66.94075012207031,-1,-1,-1,-1
148,1,524.376953125,142.174560546875,25.13763427734375,65.27870178222656,-1,-1,-1,-1
149,1,525.0723876953125,141.1310577392578,24.65283203125,64.36782836914062,-1,-1,-1,-1
150,1,525.5453491210938,140.2652587890625,24.2783203125,64.904296875,-1,-1,-1,-1
151,1,526.2367553710938,140.0633544921875,23.69732666015625,64.18490600585938,-1,-1,-1,-1
152,1,526.6713256835938,140.15675354003906,23.37890625,63.61474609375,-1,-1,-1,-1
153,1,527.137939453125,140.27081298828125,23.134033203125,63.26069641113281,-1,-1,-1,-1
154,1,527.4605712890625,140.2872314453125,22.9658203125,63.20884704589844,-1,-1,-1,-1
155,1,527.8068237304688,139.6170196533203,22.98272705078125,64.06625366210938,-1,-1,-1,-1
156,1,528.1749267578125,139.35899353027344,22.87158203125,64.09431457519531,-1,-1,-1,-1
157,1,528.3997192382812,139.00819396972656,23.24578857421875,63.816131591796875,-1,-1,-1,-1
158,1,528.6812133789062,138.5833282470703,23.36322021484375,63.12158203125,-1,-1,-1,-1
159,1,529.1946411132812,137.27528381347656,23.36883544921875,62.99272155761719,-1,-1,-1,-1
160,1,529.499267578125,136.38438415527344,23.37127685546875,63.815582275390625,-1,-1,-1,-1
161,1,530.1084594726562,136.11488342285156,23.0369873046875,64.10745239257812,-1,-1,-1,-1
162,1,530.4404296875,135.94873046875,23.26678466796875,64.23698425292969,-1,-1,-1,-1
163,1,531.1550903320312,136.17880249023438,23.23834228515625,63.30348205566406,-1,-1,-1,-1
164,1,531.7593994140625,136.6550750732422,23.89837646484375,62.29534912109375,-1,-1,-1,-1
165,1,533.1541137695312,137.13986206054688,25.71307373046875,62.330718994140625,-1,-1,-1,-1
166,1,533.8492431640625,136.96194458007812,25.73382568359375,61.814239501953125,-1,-1,-1,-1
167,1,534.9856567382812,136.72398376464844,24.87060546875,61.27162170410156,-1,-1,-1,-1
168,1,535.65380859375,135.82232666015625,25.6007080078125,62.13465881347656,-1,-1,-1,-1
1,2,410.8961486816406,245.63967895507812,30.182098388671875,78.72021484375,-1,-1,-1,-1
2,2,411.3167419433594,245.6331024169922,30.10968017578125,78.58290100097656,-1,-1,-1,-1
3,2,412.200927734375,245.34523010253906,29.871246337890625,78.62693786621094,-1,-1,-1,-1
4,2,412.84295654296875,244.69712829589844,29.78155517578125,79.31779479980469,-1,-1,-1,-1
5,2,414.28521728515625,243.45230102539062,29.609710693359375,80.03173828125,-1,-1,-1,-1
6,2,414.7834167480469,242.90469360351562,29.859619140625,79.26190185546875,-1,-1,-1,-1
7,2,415.7839050292969,241.4965057373047,30.581329345703125,79.11781311035156,-1,-1,-1,-1
8,2,416.3061828613281,240.89706420898438,30.740875244140625,79.62576293945312,-1,-1,-1,-1
9,2,417.8708801269531,240.1809539794922,29.976959228515625,79.76719665527344,-1,-1,-1,-1
10,2,418.9304504394531,239.84742736816406,29.64935302734375,79.78102111816406,-1,-1,-1,-1
11,2,420.29827880859375,239.39756774902344,30.532135009765625,80.12358093261719,-1,-1,-1,-1
12,2,421.3001708984375,239.6891326904297,29.951171875,79.94648742675781,-1,-1,-1,-1
13,2,422.36602783203125,240.12432861328125,29.474365234375,79.16439819335938,-1,-1,-1,-1
14,2,423.1508483886719,240.14060974121094,28.990966796875,78.99018859863281,-1,-1,-1,-1
15,2,424.4175109863281,238.96339416503906,28.901824951171875,79.16215515136719,-1,-1,-1,-1
16,2,425.4815979003906,238.58863830566406,28.75726318359375,78.16944885253906,-1,-1,-1,-1
17,2,427.11968994140625,236.92869567871094,29.66656494140625,78.06617736816406,-1,-1,-1,-1
18,2,427.8933410644531,236.6803436279297,29.42816162109375,77.64320373535156,-1,-1,-1,-1
19,2,429.47113037109375,235.6649932861328,29.61346435546875,77.45957946777344,-1,-1,-1,-1
20,2,430.1932373046875,234.79698181152344,29.86444091796875,77.64140319824219,-1,-1,-1,-1
21,2,431.3337097167969,234.4472198486328,29.980621337890625,77.75706481933594,-1,-1,-1,-1
22,2,431.9917297363281,234.13497924804688,30.443145751953125,77.87918090820312,-1,-1,-1,-1
23,2,433.0130310058594,234.1382598876953,30.173675537109375,77.73658752441406,-1,-1,-1,-1
24,2,433.7577819824219,234.10813903808594,29.89215087890625,77.48448181152344,-1,-1,-1,-1
25,2,434.94744873046875,234.02796936035156,29.065765380859375,76.75923156738281,-1,-1,-1,-1
26,2,435.3824768066406,233.66062927246094,29.124053955078125,77.02613830566406,-1,-1,-1,-1
27,2,436.3100280761719,232.3547821044922,29.09796142578125,78.00193786621094,-1,-1,-1,-1
28,2,437.3016662597656,231.9380340576172,28.668212890625,77.91267395019531,-1,-1,-1,-1
29,2,438.1292724609375,230.37379455566406,28.692291259765625,78.17774963378906,-1,-1,-1,-1
30,2,438.7225646972656,229.4202423095703,28.858123779296875,78.33427429199219,-1,-1,-1,-1
31,2,439.4995422363281,229.00994873046875,28.916534423828125,78.70263671875,-1,-1,-1,-1
32,2,440.30267333984375,228.9685516357422,28.660491943359375,78.17332458496094,-1,-1,-1,-1
33,2,441.1965026855469,228.6616973876953,28.84661865234375,78.18684387207031,-1,-1,-1,-1
34,2,441.8580322265625,228.6949920654297,29.121337890625,77.80628967285156,-1,-1,-1,-1
35,2,442.8262634277344,228.8605499267578,29.16925048828125,77.34748840332031,-1,-1,-1,-1
36,2,443.6052551269531,228.78114318847656,28.966796875,77.10038757324219,-1,-1,-1,-1
37,2,444.79632568359375,228.08692932128906,28.747955322265625,77.16423034667969,-1,-1,-1,-1
38,2,445.55487060546875,227.48504638671875,28.786529541015625,77.3624267578125,-1,-1,-1,-1
39,2,447.55499267578125,226.6414337158203,28.73529052734375,76.82447814941406,-1,-1,-1,-1
40,2,448.3366394042969,225.9533233642578,28.7899169921875,76.92512512207031,-1,-1,-1,-1
41,2,449.4847106933594,224.68453979492188,29.42059326171875,77.50753784179688,-1,-1,-1,-1
42,2,450.1962585449219,224.15097045898438,29.688079833984375,77.65084838867188,-1,-1,-1,-1
43,2,450.9095764160156,223.73687744140625,29.96807861328125,77.3140869140625,-1,-1,-1,-1
44,2,451.45770263671875,223.55264282226562,29.794525146484375,77.178955078125,-1,-1,-1,-1
45,2,452.5169982910156,223.47178649902344,29.090362548828125,76.57832336425781,-1,-1,-1,-1
46,2,453.13067626953125,223.49009704589844,28.60943603515625,76.11058044433594,-1,-1,-1,-1
47,2,453.88824462890625,223.23731994628906,28.244720458984375,76.24613952636719,-1,-1,-1,-1
48,2,454.4234924316406,222.80039978027344,28.146575927734375,76.50083923339844,-1,-1,-1,-1
49,2,455.1817932128906,221.5250701904297,28.34100341796875,77.31169128417969,-1,-1,-1,-1
50,2,455.94342041015625,220.25917053222656,28.390594482421875,77.64634704589844,-1,-1,-1,-1
51,2,456.668701171875,219.0957489013672,28.570770263671875,77.19902038574219,-1,-1,-1,-1
52,2,457.15557861328125,218.71731567382812,28.861907958984375,76.88653564453125,-1,-1,-1,-1
53,2,457.6797180175781,218.24160766601562,29.479400634765625,77.08206176757812,-1,-1,-1,-1
54,2,458.1554870605469,218.1995391845703,29.635345458984375,77.16807556152344,-1,-1,-1,-1
55,2,459.0098876953125,218.19363403320312,29.432342529296875,76.56228637695312,-1,-1,-1,-1
56,2,459.7292785644531,218.2745819091797,29.34368896484375,76.37022399902344,-1,-1,-1,-1
57,2,460.77081298828125,218.56105041503906,29.359466552734375,75.99897766113281,-1,-1,-1,-1
58,2,461.53375244140625,218.83322143554688,28.9971923828125,75.68295288085938,-1,-1,-1,-1
59,2,462.7504577636719,218.17005920410156,28.714752197265625,75.22993469238281,-1,-1,-1,-1
60,2,463.75225830078125,217.57717895507812,28.546661376953125,75.04766845703125,-1,-1,-1,-1
61,2,465.8314208984375,216.19705200195312,29.230010986328125,74.59283447265625,-1,-1,-1,-1
62,2,466.9343566894531,215.52862548828125,28.2413330078125,74.28128051757812,-1,-1,-1,-1
63,2,468.7737121582031,214.55715942382812,27.34930419921875,74.863037109375,-1,-1,-1,-1
64,2,469.4148254394531,213.82049560546875,27.663299560546875,75.59591674804688,-1,-1,-1,-1
65,2,470.1536560058594,213.04261779785156,28.01690673828125,76.23350524902344,-1,-1,-1,-1
66,2,470.4614562988281,212.64120483398438,28.71588134765625,76.90423583984375,-1,-1,-1,-1
67,2,471.193115234375,212.42654418945312,28.460693359375,76.86239624023438,-1,-1,-1,-1
68,2,471.9312438964844,212.39817810058594,28.131622314453125,76.94929504394531,-1,-1,-1,-1
69,2,472.80523681640625,212.36070251464844,28.0758056640625,76.89201354980469,-1,-1,-1,-1
70,2,473.4092102050781,212.20680236816406,27.8348388671875,77.16932678222656,-1,-1,-1,-1
71,2,474.2950744628906,211.47860717773438,27.63934326171875,76.61257934570312,-1,-1,-1,-1
72,2,474.6011657714844,210.89842224121094,27.9376220703125,76.03047180175781,-1,-1,-1,-1
73,2,475.1056213378906,209.33387756347656,28.341766357421875,75.15895080566406,-1,-1,-1,-1
74,2,475.55364990234375,208.64501953125,28.649749755859375,75.49652099609375,-1,-1,-1,-1
75,2,476.2586364746094,208.22305297851562,28.839447021484375,75.5792236328125,-1,-1,-1,-1
76,2,476.8487548828125,207.8799285888672,28.557159423828125,75.68913269042969,-1,-1,-1,-1
77,2,477.5756530761719,207.79302978515625,28.2369384765625,75.29681396484375,-1,-1,-1,-1
78,2,478.194580078125,207.88140869140625,28.47454833984375,74.97830200195312,-1,-1,-1,-1
79,2,479.30303955078125,207.9236602783203,27.89459228515625,74.21342468261719,-1,-1,-1,-1
80,2,479.9411315917969,207.82630920410156,27.6566162109375,74.29167175292969,-1,-1,-1,-1
81,2,480.7290344238281,207.26829528808594,27.303466796875,74.53810119628906,-1,-1,-1,-1
82,2,481.4728698730469,206.25413513183594,27.00421142578125,74.98387145996094,-1,-1,-1,-1
83,2,483.66888427734375,203.35824584960938,27.335784912109375,75.52978515625,-1,-1,-1,-1
84,2,484.21600341796875,202.53500366210938,27.1317138671875,76.00900268554688,-1,-1,-1,-1
85,2,485.6444396972656,200.11289978027344,26.7935791015625,78.09825134277344,-1,-1,-1,-1
86,2,486.4998474121094,200.85098266601562,26.114532470703125,77.06854248046875,-1,-1,-1,-1
87,2,487.52435302734375,200.6759796142578,25.6412353515625,76.31681823730469,-1,-1,-1,-1
88,2,487.8241271972656,197.8802947998047,26.611724853515625,78.57106018066406,-1,-1,-1,-1
89,2,488.6504211425781,200.6868133544922,26.645477294921875,75.35478210449219,-1,-1,-1,-1
90,2,489.0045471191406,202.26956176757812,26.414459228515625,73.7137451171875,-1,-1,-1,-1
91,2,489.4688720703125,202.07476806640625,26.53228759765625,73.5687255859375,-1,-1,-1,-1
92,2,489.6861267089844,201.8455352783203,26.923126220703125,73.35108947753906,-1,-1,-1,-1
93,2,490.4139404296875,198.8905792236328,27.26416015625,75.20079040527344,-1,-1,-1,-1
94,2,490.76580810546875,196.19210815429688,27.3995361328125,76.16143798828125,-1,-1,-1,-1
95,2,491.4291687011719,195.21295166015625,27.187286376953125,75.34909057617188,-1,-1,-1,-1
96,2,491.6171569824219,191.98788452148438,28.349945068359375,78.91217041015625,-1,-1,-1,-1
97,2,492.365966796875,190.48016357421875,28.2996826171875,80.99795532226562,-1,-1,-1,-1
98,2,493.30914306640625,195.1527862548828,27.35919189453125,76.22599792480469,-1,-1,-1,-1
99,2,493.8160400390625,195.67298889160156,27.81427001953125,75.10807800292969,-1,-1,-1,-1
100,2,494.4394836425781,195.99044799804688,28.174407958984375,74.45635986328125,-1,-1,-1,-1
101,2,495.4939270019531,194.28736877441406,28.906707763671875,76.11915588378906,-1,-1,-1,-1
102,2,495.95391845703125,189.35333251953125,29.3865966796875,80.91213989257812,-1,-1,-1,-1
103,2,497.2701110839844,193.4015655517578,28.405181884765625,76.49702453613281,-1,-1,-1,-1
104,2,497.87530517578125,192.3629608154297,28.2171630859375,77.29118347167969,-1,-1,-1,-1
105,2,500.0149841308594,192.34068298339844,26.932708740234375,75.71791076660156,-1,-1,-1,-1
1,3,508.5964050292969,111.5069351196289,22.416473388671875,62.661964416503906,-1,-1,-1,-1
2,3,508.3260803222656,111.2709732055664,22.964752197265625,62.388877868652344,-1,-1,-1,-1
3,3,508.61224365234375,110.88285827636719,23.1820068359375,61.89875793457031,-1,-1,-1,-1
4,3,508.9383850097656,110.6566390991211,23.257904052734375,61.70842742919922,-1,-1,-1,-1
5,3,509.5896301269531,110.63211822509766,23.106903076171875,61.509925842285156,-1,-1,-1,-1
6,3,509.87054443359375,110.77666473388672,23.16351318359375,61.24274444580078,-1,-1,-1,-1
7,3,510.767333984375,110.7799301147461,23.04913330078125,61.04303741455078,-1,-1,-1,-1
8,3,510.9437255859375,110.77486419677734,23.2528076171875,61.170066833496094,-1,-1,-1,-1
9,3,511.8011779785156,110.5211181640625,23.143341064453125,61.26786804199219,-1,-1,-1,-1
10,3,512.0692443847656,110.44293212890625,23.352813720703125,61.06903076171875,-1,-1,-1,-1
11,3,512.2320556640625,110.07154846191406,23.95257568359375,60.6065673828125,-1,-1,-1,-1
12,3,512.2615661621094,109.67144012451172,24.274200439453125,59.962196350097656,-1,-1,-1,-1
13,3,512.4568176269531,109.16569519042969,24.452117919921875,59.50724792480469,-1,-1,-1,-1
14,3,513.4310302734375,108.63349151611328,24.16656494140625,59.389549255371094,-1,-1,-1,-1
15,3,514.88427734375,108.30894470214844,23.1781005859375,59.2647705078125,-1,-1,-1,-1
16,3,515.3109130859375,108.0053482055664,23.16162109375,59.461647033691406,-1,-1,-1,-1
17,3,515.8726196289062,107.89408111572266,23.44720458984375,58.79041290283203,-1,-1,-1,-1
18,3,517.1021728515625,107.96006774902344,22.73443603515625,58.58992004394531,-1,-1,-1,-1
19,3,517.441650390625,107.75989532470703,22.803955078125,58.803123474121094,-1,-1,-1,-1
20,3,517.629150390625,107.118896484375,23.16998291015625,59.24095153808594,-1,-1,-1,-1
21,3,517.4793090820312,106.44056701660156,23.8787841796875,59.788055419921875,-1,-1,-1,-1
22,3,517.5489501953125,105.84979248046875,24.1865234375,60.09613037109375,-1,-1,-1,-1
23,3,517.7352905273438,105.31157684326172,24.63690185546875,60.35950469970703,-1,-1,-1,-1
24,3,518.0834350585938,105.0426025390625,24.4266357421875,60.199249267578125,-1,-1,-1,-1
25,3,519.0477294921875,104.9037094116211,23.6221923828125,59.561744689941406,-1,-1,-1,-1
26,3,519.1885986328125,104.8907699584961,23.69476318359375,59.247230529785156,-1,-1,-1,-1
27,3,519.793701171875,104.99503326416016,23.294189453125,58.589866638183594,-1,-1,-1,-1
28,3,520.1380004882812,104.93851470947266,23.03057861328125,58.451560974121094,-1,-1,-1,-1
29,3,520.4364624023438,104.62773895263672,23.38134765625,58.270301818847656,-1,-1,-1,-1
30,3,521.0763549804688,104.2763671875,23.09857177734375,58.26304626464844,-1,-1,-1,-1
31,3,521.8289794921875,103.60535430908203,22.97601318359375,58.46477508544922,-1,-1,-1,-1
32,3,522.2025146484375,103.03153228759766,23.0511474609375,59.109336853027344,-1,-1,-1,-1
33,3,522.5033569335938,102.0734634399414,23.34088134765625,59.845542907714844,-1,-1,-1,-1
34,3,522.7967529296875,101.46101379394531,23.425537109375,60.08738708496094,-1,-1,-1,-1
35,3,523.099365234375,101.08971405029297,23.51812744140625,59.611915588378906,-1,-1,-1,-1
36,3,523.4102783203125,101.03343200683594,23.52862548828125,59.32666015625,-1,-1,-1,-1
37,3,523.6756591796875,101.18103790283203,23.572265625,59.024879455566406,-1,-1,-1,-1
38,3,524.0980834960938,101.30223083496094,23.31591796875,58.72178649902344,-1,-1,-1,-1
39,3,524.46923828125,101.28093719482422,23.27825927734375,58.623680114746094,-1,-1,-1,-1
40,3,524.8328857421875,101.09404754638672,23.21087646484375,58.47553253173828,-1,-1,-1,-1
41,3,525.0997924804688,100.66938018798828,23.5809326171875,58.47241973876953,-1,-1,-1,-1
42,3,524.8782348632812,99.95510864257812,24.1192626953125,58.780609130859375,-1,-1,-1,-1
43,3,525.028076171875,98.99024963378906,24.3475341796875,59.23399353027344,-1,-1,-1,-1
44,3,524.8787841796875,98.1392593383789,24.6978759765625,59.83881378173828,-1,-1,-1,-1
45,3,525.2291870117188,97.5669937133789,24.640869140625,60.579627990722656,-1,-1,-1,-1
46,3,525.7913208007812,97.37264251708984,24.35614013671875,60.76581573486328,-1,-1,-1,-1
47,3,526.266845703125,97.39751434326172,24.122802734375,60.55597686767578,-1,-1,-1,-1
48,3,526.4956665039062,97.40300750732422,23.95843505859375,60.495445251464844,-1,-1,-1,-1
49,3,526.9678955078125,97.43941497802734,23.7659912109375,60.13074493408203,-1,-1,-1,-1
50,3,527.3617553710938,97.41779327392578,23.69744873046875,59.87641143798828,-1,-1,-1,-1
51,3,528.224853515625,97.10197448730469,23.302978515625,60.16961669921875,-1,-1,-1,-1
52,3,528.5303344726562,96.6601791381836,23.2349853515625,60.49669647216797,-1,-1,-1,-1
53,3,528.8366088867188,96.07677459716797,23.10650634765625,60.32288360595703,-1,-1,-1,-1
54,3,528.928466796875,95.77272033691406,23.3507080078125,60.08467102050781,-1,-1,-1,-1
55,3,529.38720703125,95.2215576171875,23.13763427734375,60.11492919921875,-1,-1,-1,-1
56,3,529.6951904296875,94.96670532226562,22.994140625,59.88639831542969,-1,-1,-1,-1
57,3,530.2759399414062,94.96028137207031,22.8160400390625,59.40013122558594,-1,-1,-1,-1
58,3,530.3595581054688,95.0108642578125,22.9022216796875,58.785797119140625,-1,-1,-1,-1
59,3,530.5840454101562,94.97542572021484,23.35235595703125,58.527854919433594,-1,-1,-1,-1
60,3,530.8714599609375,94.93280029296875,23.52899169921875,58.488525390625,-1,-1,-1,-1
61,3,530.9660034179688,94.47264099121094,23.9713134765625,58.670623779296875,-1,-1,-1,-1
62,3,531.2991943359375,94.3104248046875,23.63525390625,58.26727294921875,-1,-1,-1,-1
63,3,531.8026733398438,92.98782348632812,23.291015625,59.22149658203125,-1,-1,-1,-1
64,3,531.91943359375,92.1604995727539,23.2816162109375,59.76342010498047,-1,-1,-1,-1
65,3,532.1852416992188,91.28206634521484,23.1563720703125,60.121665954589844,-1,-1,-1,-1
66,3,532.5069580078125,91.13337707519531,23.06414794921875,60.13800048828125,-1,-1,-1,-1
67,3,532.9078369140625,91.05528259277344,23.13580322265625,60.17262268066406,-1,-1,-1,-1
68,3,533.0444946289062,90.93515014648438,23.297119140625,59.96319580078125,-1,-1,-1,-1
69,3,534.1395263671875,91.1673812866211,22.625244140625,59.18012237548828,-1,-1,-1,-1
70,3,534.4746704101562,91.334716796875,22.6019287109375,58.80389404296875,-1,-1,-1,-1
71,3,535.1403198242188,91.51829528808594,22.3983154296875,58.20213317871094,-1,-1,-1,-1
72,3,536.392822265625,91.28836822509766,21.93865966796875,57.663734436035156,-1,-1,-1,-1
73,3,536.879150390625,90.41302490234375,22.2122802734375,57.84197998046875,-1,-1,-1,-1
74,3,537.1216430664062,89.9254150390625,22.415283203125,57.985443115234375,-1,-1,-1,-1
75,3,537.3795776367188,89.12258911132812,22.8802490234375,58.29524230957031,-1,-1,-1,-1
76,3,537.4526977539062,88.75967407226562,23.07647705078125,58.32875061035156,-1,-1,-1,-1
77,3,537.8639526367188,88.71111297607422,22.708984375,58.060096740722656,-1,-1,-1,-1
78,3,538.0709228515625,88.61357879638672,22.6534423828125,58.031822204589844,-1,-1,-1,-1
79,3,538.4649047851562,88.64849090576172,22.32464599609375,57.438758850097656,-1,-1,-1,-1
80,3,538.9440307617188,88.65583038330078,22.2325439453125,56.99291229248047,-1,-1,-1,-1
81,3,538.8474731445312,88.04180908203125,22.7823486328125,57.32000732421875,-1,-1,-1,-1
82,3,539.0447998046875,87.792236328125,22.87744140625,57.1920166015625,-1,-1,-1,-1
83,3,539.6875610351562,86.6776123046875,22.5518798828125,56.953033447265625,-1,-1,-1,-1
84,3,539.7683715820312,85.96066284179688,22.69091796875,57.491241455078125,-1,-1,-1,-1
85,3,540.1417236328125,85.61685943603516,22.60760498046875,57.71514129638672,-1,-1,-1,-1
86,3,540.4911499023438,85.34114837646484,22.6043701171875,57.920814514160156,-1,-1,-1,-1
87,3,540.441650390625,85.03902435302734,23.04132080078125,58.395835876464844,-1,-1,-1,-1
88,3,540.408935546875,84.83212280273438,23.16839599609375,58.54542541503906,-1,-1,-1,-1
89,3,540.7118530273438,85.15170288085938,22.95147705078125,57.70927429199219,-1,-1,-1,-1
90,3,541.184326171875,85.33151245117188,22.6361083984375,57.402740478515625,-1,-1,-1,-1
91,3,541.36083984375,85.31344604492188,22.55291748046875,57.26593017578125,-1,-1,-1,-1
92,3,541.465576171875,85.14514923095703,22.52056884765625,57.203224182128906,-1,-1,-1,-1
93,3,541.6845092773438,84.64889526367188,22.36865234375,57.468017578125,-1,-1,-1,-1
94,3,541.7424926757812,84.00299072265625,22.5084228515625,57.87896728515625,-1,-1,-1,-1
95,3,542.1192626953125,82.91133880615234,22.61260986328125,58.66838836669922,-1,-1,-1,-1
96,3,542.0765380859375,82.48480224609375,22.762451171875,58.84339904785156,-1,-1,-1,-1
97,3,542.3247680664062,82.4638442993164,22.68670654296875,58.66497039794922,-1,-1,-1,-1
98,3,542.3651733398438,82.49224853515625,22.68994140625,58.21783447265625,-1,-1,-1,-1
99,3,542.6766357421875,82.56520080566406,22.71575927734375,57.874298095703125,-1,-1,-1,-1
100,3,543.05517578125,82.72774505615234,22.556396484375,57.35588836669922,-1,-1,-1,-1
101,3,543.1554565429688,82.7682876586914,22.81365966796875,56.77513885498047,-1,-1,-1,-1
102,3,542.8450317382812,82.42488098144531,23.37506103515625,56.96348571777344,-1,-1,-1,-1
103,3,543.0298461914062,82.0674057006836,23.281005859375,56.756187438964844,-1,-1,-1,-1
104,3,542.96484375,81.65621185302734,23.552001953125,56.501853942871094,-1,-1,-1,-1
105,3,542.919921875,80.90266418457031,23.67919921875,57.0738525390625,-1,-1,-1,-1
106,3,543.2640380859375,80.45390319824219,23.71484375,57.06614685058594,-1,-1,-1,-1
107,3,543.6690673828125,80.09546661376953,23.5743408203125,56.889671325683594,-1,-1,-1,-1
108,3,544.5052490234375,79.88789367675781,23.21697998046875,56.609527587890625,-1,-1,-1,-1
109,3,544.7865600585938,79.96390533447266,23.144287109375,56.667442321777344,-1,-1,-1,-1
110,3,545.095947265625,80.0083999633789,23.04730224609375,56.46550750732422,-1,-1,-1,-1
111,3,545.4072875976562,80.05866241455078,22.96893310546875,55.98798370361328,-1,-1,-1,-1
112,3,545.9464111328125,79.9880142211914,22.769775390625,55.608985900878906,-1,-1,-1,-1
113,3,546.1513671875,79.80941009521484,23.03338623046875,55.59801483154297,-1,-1,-1,-1
114,3,546.6372680664062,79.44627380371094,22.81585693359375,55.601806640625,-1,-1,-1,-1
115,3,547.3264770507812,78.89291381835938,22.5106201171875,55.671630859375,-1,-1,-1,-1
116,3,547.7345581054688,78.71045684814453,22.52032470703125,55.02875518798828,-1,-1,-1,-1
117,3,548.7039794921875,78.60598754882812,22.07623291015625,54.38755798339844,-1,-1,-1,-1
118,3,549.0546875,78.86250305175781,21.88330078125,53.354339599609375,-1,-1,-1,-1
119,3,549.7941284179688,78.89546203613281,21.19580078125,52.69482421875,-1,-1,-1,-1
120,3,550.3967895507812,78.8219985961914,21.0615234375,52.15850067138672,-1,-1,-1,-1
121,3,551.673583984375,79.06317138671875,20.06982421875,51.898040771484375,-1,-1,-1,-1
122,3,552.0865478515625,79.25020599365234,20.32745361328125,51.964317321777344,-1,-1,-1,-1
123,3,552.2166137695312,78.87654113769531,20.73046875,52.18791198730469,-1,-1,-1,-1
124,3,552.9141235351562,78.866943359375,20.2945556640625,51.431976318359375,-1,-1,-1,-1
125,3,553.3082885742188,77.98827362060547,20.7625732421875,51.38319396972656,-1,-1,-1,-1
126,3,553.3458251953125,77.85570526123047,20.8963623046875,50.483116149902344,-1,-1,-1,-1
127,3,553.9452514648438,77.61167907714844,20.34771728515625,51.05840301513672,-1,-1,-1,-1
128,3,555.1732177734375,77.8219223022461,20.00030517578125,50.96409606933594,-1,-1,-1,-1
129,3,556.394775390625,78.14054870605469,19.352783203125,50.93495178222656,-1,-1,-1,-1
130,3,556.6680908203125,77.64570617675781,19.33160400390625,51.433258056640625,-1,-1,-1,-1
131,3,557.386474609375,77.03584289550781,19.23931884765625,51.56452178955078,-1,-1,-1,-1
132,3,557.9050903320312,77.59662628173828,18.64300537109375,50.398101806640625,-1,-1,-1,-1
133,3,558.219482421875,78.12751770019531,18.46197509765625,49.5390625,-1,-1,-1,-1
134,3,559.0848999023438,78.43600463867188,18.60638427734375,49.18760681152344,-1,-1,-1,-1
135,3,560.3260498046875,79.77403259277344,18.72344970703125,47.65705108642578,-1,-1,-1,-1
136,3,560.8189086914062,81.89402770996094,17.6796875,45.122779846191406,-1,-1,-1,-1
137,3,561.4039916992188,79.90547180175781,18.73846435546875,45.99364471435547,-1,-1,-1,-1
138,3,561.5593872070312,78.75015258789062,18.20721435546875,46.91857147216797,-1,-1,-1,-1
139,3,562.2241821289062,79.15397644042969,18.2794189453125,47.164459228515625,-1,-1,-1,-1
140,3,562.6304931640625,77.24159240722656,19.746337890625,48.75750732421875,-1,-1,-1,-1
141,3,563.0609130859375,76.65072631835938,21.3065185546875,48.706092834472656,-1,-1,-1,-1
146,3,566.119384765625,83.17253112792969,16.99072265625,40.211944580078125,-1,-1,-1,-1
151,3,565.6204833984375,78.45081329345703,20.9840087890625,45.478424072265625,-1,-1,-1,-1
155,3,566.5702514648438,77.41061401367188,20.4912109375,43.32158660888672,-1,-1,-1,-1
156,3,566.239013671875,77.54983520507812,21.04071044921875,42.839599609375,-1,-1,-1,-1
1,4,573.984619140625,177.0601806640625,28.97064208984375,66.9534912109375,-1,-1,-1,-1
2,4,574.2581176757812,176.6015167236328,28.84490966796875,67.55477905273438,-1,-1,-1,-1
3,4,574.9713745117188,175.9475555419922,28.44927978515625,68.32850646972656,-1,-1,-1,-1
4,4,575.4163208007812,175.5881805419922,28.1630859375,68.93801879882812,-1,-1,-1,-1
5,4,575.963134765625,175.50076293945312,27.99481201171875,69.14486694335938,-1,-1,-1,-1
6,4,576.6102905273438,175.45111083984375,27.5118408203125,69.08099365234375,-1,-1,-1,-1
7,4,577.6773071289062,175.51422119140625,27.0618896484375,68.86518859863281,-1,-1,-1,-1
8,4,578.1786499023438,175.48208618164062,27.12744140625,68.58555603027344,-1,-1,-1,-1
9,4,579.2420654296875,175.54534912109375,27.060302734375,67.86982727050781,-1,-1,-1,-1
10,4,579.6368408203125,174.9937286376953,27.2254638671875,68.04508972167969,-1,-1,-1,-1
11,4,580.5783081054688,173.3183135986328,27.57958984375,69.60533142089844,-1,-1,-1,-1
12,4,581.3175659179688,172.52011108398438,27.69720458984375,69.89582824707031,-1,-1,-1,-1
13,4,581.8974609375,171.37539672851562,28.90423583984375,70.17094421386719,-1,-1,-1,-1
14,4,582.3294067382812,171.33006286621094,29.1400146484375,70.04013061523438,-1,-1,-1,-1
15,4,582.3643798828125,171.16802978515625,30.59478759765625,69.7535400390625,-1,-1,-1,-1
16,4,582.3483276367188,171.15692138671875,31.49969482421875,69.57940673828125,-1,-1,-1,-1
17,4,582.365966796875,172.0812530517578,32.28753662109375,68.40203857421875,-1,-1,-1,-1
18,4,582.5245971679688,172.3938446044922,32.479248046875,68.26080322265625,-1,-1,-1,-1
19,4,583.188232421875,172.12364196777344,32.2994384765625,68.09123229980469,-1,-1,-1,-1
20,4,584.0994873046875,171.59254455566406,31.691650390625,68.09214782714844,-1,-1,-1,-1
21,4,585.1791381835938,171.02072143554688,31.09649658203125,68.6343994140625,-1,-1,-1,-1
22,4,586.1809692382812,170.32217407226562,30.48822021484375,68.14741516113281,-1,-1,-1,-1
23,4,587.531494140625,168.6191864013672,29.6519775390625,68.64315795898438,-1,-1,-1,-1
24,4,588.5469970703125,167.6870880126953,28.53302001953125,68.50625610351562,-1,-1,-1,-1
25,4,589.047119140625,167.1261444091797,28.5198974609375,69.12405395507812,-1,-1,-1,-1
26,4,589.5857543945312,166.99667358398438,28.4288330078125,68.95109558105469,-1,-1,-1,-1
27,4,590.8281860351562,167.4437255859375,27.60894775390625,68.23724365234375,-1,-1,-1,-1
28,4,591.4576416015625,167.52688598632812,27.638916015625,68.1912841796875,-1,-1,-1,-1
29,4,592.2665405273438,167.70314025878906,27.66314697265625,67.645751953125,-1,-1,-1,-1
30,4,593.0238647460938,167.51670837402344,27.39361572265625,67.31295776367188,-1,-1,-1,-1
31,4,593.729248046875,166.72727966308594,28.13623046875,67.98185729980469,-1,-1,-1,-1
32,4,594.4385375976562,166.5878143310547,28.26483154296875,68.03146362304688,-1,-1,-1,-1
33,4,595.2920532226562,165.93951416015625,28.56439208984375,68.24232482910156,-1,-1,-1,-1
34,4,595.84375,165.5320587158203,28.53662109375,68.17715454101562,-1,-1,-1,-1
35,4,596.8569946289062,164.53543090820312,28.34588623046875,68.12918090820312,-1,-1,-1,-1
36,4,597.2981567382812,164.2843017578125,28.63616943359375,67.768798828125,-1,-1,-1,-1
37,4,597.8932495117188,164.10775756835938,28.95697021484375,67.43791198730469,-1,-1,-1,-1
38,4,598.212646484375,164.3728790283203,29.1298828125,66.86878967285156,-1,-1,-1,-1
39,4,598.68896484375,164.3826141357422,29.5223388671875,66.79060363769531,-1,-1,-1,-1
40,4,599.0277099609375,164.46214294433594,29.9571533203125,66.50814819335938,-1,-1,-1,-1
41,4,599.762451171875,163.872802734375,29.92822265625,66.29902648925781,-1,-1,-1,-1
42,4,600.3150024414062,163.6085968017578,29.50775146484375,66.735595703125,-1,-1,-1,-1
43,4,601.4600830078125,162.96173095703125,28.4759521484375,66.52166748046875,-1,-1,-1,-1
44,4,602.1377563476562,162.51547241210938,27.9910888671875,66.04151916503906,-1,-1,-1,-1
45,4,602.7903442382812,161.43087768554688,28.076904296875,66.43901062011719,-1,-1,-1,-1
46,4,603.5960693359375,160.76663208007812,27.513427734375,66.6513671875,-1,-1,-1,-1
47,4,604.3380126953125,160.31263732910156,27.2901611328125,66.63558959960938,-1,-1,-1,-1
48,4,604.8693237304688,160.0598602294922,27.44012451171875,66.35643005371094,-1,-1,-1,-1
49,4,605.811767578125,160.37892150878906,27.63616943359375,66.04928588867188,-1,-1,-1,-1
50,4,606.5684204101562,160.73995971679688,27.18328857421875,65.43678283691406,-1,-1,-1,-1
51,4,607.4702758789062,160.73101806640625,27.20703125,64.81675720214844,-1,-1,-1,-1
52,4,608.11328125,160.70693969726562,27.04547119140625,64.75541687011719,-1,-1,-1,-1
53,4,609.1806640625,159.42398071289062,27.3934326171875,65.48805236816406,-1,-1,-1,-1
54,4,609.8944702148438,159.1773681640625,27.3411865234375,65.74394226074219,-1,-1,-1,-1
55,4,610.7673950195312,157.88943481445312,27.925048828125,66.732421875,-1,-1,-1,-1
56,4,611.3981323242188,157.91795349121094,27.6868896484375,66.30815124511719,-1,-1,-1,-1
57,4,611.7368774414062,157.29306030273438,28.1082763671875,65.95802307128906,-1,-1,-1,-1
58,4,612.08203125,157.26966857910156,28.32208251953125,65.17616271972656,-1,-1,-1,-1
59,4,612.6277465820312,157.75054931640625,28.4879150390625,64.265625,-1,-1,-1,-1
60,4,613.20849609375,158.12184143066406,28.2080078125,63.63514709472656,-1,-1,-1,-1
61,4,614.104736328125,157.64727783203125,27.82098388671875,64.13426208496094,-1,-1,-1,-1
62,4,614.3513793945312,157.17874145507812,27.9986572265625,64.21235656738281,-1,-1,-1,-1
63,4,614.7804565429688,156.23670959472656,28.4306640625,65.14453125,-1,-1,-1,-1
64,4,615.2900390625,155.72984313964844,28.354736328125,65.95182800292969,-1,-1,-1,-1
65,4,616.1953735351562,154.61544799804688,27.39093017578125,65.72846984863281,-1,-1,-1,-1
66,4,616.5257568359375,153.65452575683594,27.35693359375,66.3133544921875,-1,-1,-1,-1
67,4,617.189208984375,153.43862915039062,27.077392578125,66.37106323242188,-1,-1,-1,-1
68,4,617.8621215820312,153.27732849121094,26.58349609375,66.405029296875,-1,-1,-1,-1
69,4,618.4852905273438,153.00074768066406,26.89990234375,66.54875183105469,-1,-1,-1,-1
70,4,618.9397583007812,152.98614501953125,27.23199462890625,66.2413330078125,-1,-1,-1,-1
71,4,620.160400390625,155.0284423828125,26.32830810546875,63.698974609375,-1,-1,-1,-1
72,4,620.8507080078125,154.5373992919922,26.2159423828125,63.910400390625,-1,-1,-1,-1
73,4,622.4762573242188,153.37582397460938,26.30926513671875,64.90237426757812,-1,-1,-1,-1
74,4,622.860107421875,153.86819458007812,26.396728515625,63.89874267578125,-1,-1,-1,-1
75,4,623.1476440429688,153.1753692626953,28.5177001953125,65.17265319824219,-1,-1,-1,-1
76,4,623.6929931640625,152.63259887695312,28.51153564453125,65.13473510742188,-1,-1,-1,-1
77,4,624.276611328125,152.14761352539062,27.947265625,64.6614990234375,-1,-1,-1,-1
78,4,624.8141479492188,151.78318786621094,27.72503662109375,64.51254272460938,-1,-1,-1,-1
79,4,625.0735473632812,150.9879913330078,27.9617919921875,64.81661987304688,-1,-1,-1,-1
80,4,625.2341918945312,150.99258422851562,27.7679443359375,64.43605041503906,-1,-1,-1,-1
81,4,625.39306640625,151.12890625,28.3173828125,64.33485412597656,-1,-1,-1,-1
82,4,625.4052124023438,151.60134887695312,28.4036865234375,63.79627990722656,-1,-1,-1,-1
83,4,625.8380737304688,151.74510192871094,28.2242431640625,63.109222412109375,-1,-1,-1,-1
84,4,626.3937377929688,151.31259155273438,28.047607421875,63.22047424316406,-1,-1,-1,-1
85,4,626.718505859375,150.13345336914062,27.7178955078125,65.13510131835938,-1,-1,-1,-1
86,4,627.0751342773438,149.5675048828125,26.9775390625,65.15118408203125,-1,-1,-1,-1
87,4,627.6267700195312,148.75718688964844,26.53515625,64.37289428710938,-1,-1,-1,-1
88,4,627.826416015625,148.18218994140625,26.63348388671875,63.69305419921875,-1,-1,-1,-1
89,4,628.1508178710938,147.70742797851562,26.7423095703125,63.59552001953125,-1,-1,-1,-1
90,4,628.2205810546875,147.38294982910156,27.1944580078125,63.57958984375,-1,-1,-1,-1
91,4,628.8966674804688,147.53929138183594,27.06158447265625,62.94099426269531,-1,-1,-1,-1
92,4,629.552978515625,147.5692901611328,26.59857177734375,62.80287170410156,-1,-1,-1,-1
93,4,630.11962890625,147.56680297851562,26.7276611328125,62.70960998535156,-1,-1,-1,-1
94,4,630.4607543945312,147.76019287109375,26.69757080078125,62.287200927734375,-1,-1,-1,-1
95,4,630.6871337890625,146.7732696533203,27.13677978515625,62.898773193359375,-1,-1,-1,-1
96,4,631.06689453125,146.37379455566406,27.0718994140625,62.91792297363281,-1,-1,-1,-1
97,4,631.8275146484375,144.98910522460938,27.3065185546875,64.55650329589844,-1,-1,-1,-1
98,4,632.2606201171875,144.5858917236328,27.5205078125,64.36112976074219,-1,-1,-1,-1
99,4,633.2811279296875,144.1068572998047,26.9320068359375,63.638336181640625,-1,-1,-1,-1
100,4,633.9874267578125,143.4206085205078,26.7557373046875,63.34600830078125,-1,-1,-1,-1
101,4,634.31298828125,143.50221252441406,27.2449951171875,63.250946044921875,-1,-1,-1,-1
102,4,634.4725341796875,143.55029296875,27.1689453125,62.29759216308594,-1,-1,-1,-1
103,4,634.5773315429688,143.93943786621094,27.1790771484375,61.359954833984375,-1,-1,-1,-1
104,4,634.6131591796875,143.88328552246094,27.1328125,61.59281921386719,-1,-1,-1,-1
105,4,635.1072998046875,143.2950439453125,26.2041015625,61.528106689453125,-1,-1,-1,-1
106,4,635.3695678710938,142.576171875,26.0860595703125,62.35749816894531,-1,-1,-1,-1
107,4,636.3316040039062,141.43515014648438,25.29168701171875,62.94337463378906,-1,-1,-1,-1
108,4,636.7174682617188,140.44277954101562,25.24578857421875,63.67181396484375,-1,-1,-1,-1
109,4,636.767822265625,139.76165771484375,25.7110595703125,63.69737243652344,-1,-1,-1,-1
110,4,636.8668212890625,138.8206024169922,25.977783203125,64.49185180664062,-1,-1,-1,-1
115,4,639.957275390625,137.20021057128906,25.149658203125,67.47270202636719,-1,-1,-1,-1
1,5,202.26785278320312,247.17030334472656,25.951278686523438,69.54231262207031,-1,-1,-1,-1
2,5,201.4796600341797,247.086669921875,26.399948120117188,70.30569458007812,-1,-1,-1,-1
3,5,199.5649871826172,247.44268798828125,26.504898071289062,70.80050659179688,-1,-1,-1,-1
4,5,198.26156616210938,247.12924194335938,26.278945922851562,71.41183471679688,-1,-1,-1,-1
5,5,197.78529357910156,246.59864807128906,26.432907104492188,72.02067565917969,-1,-1,-1,-1
6,5,196.55093383789062,246.38427734375,26.79974365234375,72.20333862304688,-1,-1,-1,-1
7,5,195.92845153808594,247.0712890625,26.210037231445312,71.84176635742188,-1,-1,-1,-1
8,5,193.7952423095703,246.95913696289062,27.187957763671875,72.882080078125,-1,-1,-1,-1
9,5,192.07518005371094,248.2283477783203,28.09686279296875,72.14662170410156,-1,-1,-1,-1
10,5,190.96730041503906,248.37710571289062,28.805816650390625,72.85214233398438,-1,-1,-1,-1
11,5,190.2549285888672,249.6505126953125,28.179367065429688,72.10647583007812,-1,-1,-1,-1
12,5,189.84329223632812,249.41065979003906,28.154937744140625,73.13114929199219,-1,-1,-1,-1
13,5,188.6381378173828,249.73667907714844,28.348892211914062,73.66871643066406,-1,-1,-1,-1
14,5,186.14151000976562,248.61495971679688,29.118972778320312,74.57546997070312,-1,-1,-1,-1
15,5,183.193603515625,249.4844512939453,30.006515502929688,74.40956115722656,-1,-1,-1,-1
16,5,182.48080444335938,247.70565795898438,31.014358520507812,76.68789672851562,-1,-1,-1,-1
17,5,182.40274047851562,249.19923400878906,30.2064208984375,76.69728088378906,-1,-1,-1,-1
18,5,182.01040649414062,250.4340362548828,29.26361083984375,76.85954284667969,-1,-1,-1,-1
19,5,181.1437225341797,251.61767578125,29.386917114257812,77.78717041015625,-1,-1,-1,-1
20,5,180.5536346435547,253.36688232421875,28.9613037109375,75.80740356445312,-1,-1,-1,-1
21,5,180.02706909179688,254.0189666748047,27.727508544921875,75.15312194824219,-1,-1,-1,-1
22,5,177.83258056640625,252.58816528320312,29.213882446289062,77.83963012695312,-1,-1,-1,-1
23,5,176.329345703125,254.31520080566406,28.276351928710938,77.70118713378906,-1,-1,-1,-1
24,5,175.79534912109375,254.86509704589844,28.631454467773438,77.10813903808594,-1,-1,-1,-1
25,5,174.99803161621094,257.1498107910156,28.586273193359375,75.061279296875,-1,-1,-1,-1
26,5,173.79351806640625,258.34588623046875,28.750701904296875,73.67645263671875,-1,-1,-1,-1
27,5,172.432861328125,259.1164245605469,28.113174438476562,73.6307373046875,-1,-1,-1,-1
28,5,170.9581298828125,258.4586486816406,28.562179565429688,75.17547607421875,-1,-1,-1,-1
29,5,170.1856689453125,260.28912353515625,28.048202514648438,74.51083374023438,-1,-1,-1,-1
30,5,169.17958068847656,260.33502197265625,28.405548095703125,75.2381591796875,-1,-1,-1,-1
31,5,167.42991638183594,261.6970520019531,28.9078369140625,74.75759887695312,-1,-1,-1,-1
32,5,165.97265625,261.6071472167969,28.657379150390625,75.70156860351562,-1,-1,-1,-1
33,5,162.66708374023438,262.4748840332031,29.404495239257812,75.20001220703125,-1,-1,-1,-1
34,5,162.63418579101562,263.4479064941406,29.20745849609375,73.96170043945312,-1,-1,-1,-1
35,5,162.643310546875,263.9410095214844,28.819183349609375,74.13616943359375,-1,-1,-1,-1
36,5,162.08963012695312,264.3851318359375,29.019454956054688,74.15234375,-1,-1,-1,-1
37,5,160.67709350585938,265.4515380859375,29.383697509765625,74.9609375,-1,-1,-1,-1
38,5,159.91357421875,265.9457092285156,30.002883911132812,75.75860595703125,-1,-1,-1,-1
39,5,159.57106018066406,268.1652526855469,28.890228271484375,74.73110961914062,-1,-1,-1,-1
40,5,159.3323974609375,268.5827941894531,28.135986328125,74.40042114257812,-1,-1,-1,-1
41,5,155.26588439941406,267.9556579589844,30.047271728515625,77.82144165039062,-1,-1,-1,-1
42,5,154.73373413085938,267.7732849121094,30.855194091796875,78.96240234375,-1,-1,-1,-1
43,5,153.76358032226562,268.1510925292969,31.57733154296875,79.50491333007812,-1,-1,-1,-1
44,5,153.45584106445312,268.3226318359375,31.643173217773438,79.5408935546875,-1,-1,-1,-1
45,5,153.3342742919922,268.8833923339844,30.950637817382812,78.75692749023438,-1,-1,-1,-1
46,5,153.0662078857422,269.287841796875,30.161849975585938,78.21331787109375,-1,-1,-1,-1
47,5,152.27059936523438,270.2572326660156,29.704177856445312,77.92568969726562,-1,-1,-1,-1
48,5,151.1640167236328,271.3887939453125,28.8309326171875,77.4962158203125,-1,-1,-1,-1
49,5,147.6646728515625,271.4443054199219,31.744827270507812,77.86648559570312,-1,-1,-1,-1
50,5,147.77084350585938,273.5438232421875,30.266204833984375,76.15960693359375,-1,-1,-1,-1
51,5,145.08944702148438,276.4491882324219,30.205093383789062,73.82949829101562,-1,-1,-1,-1
52,5,142.83360290527344,276.137451171875,31.748550415039062,74.6136474609375,-1,-1,-1,-1
53,5,143.35299682617188,276.010498046875,29.516403198242188,75.119140625,-1,-1,-1,-1
54,5,143.18310546875,275.86077880859375,29.939483642578125,75.54779052734375,-1,-1,-1,-1
55,5,143.0272674560547,276.51751708984375,29.555252075195312,75.55404663085938,-1,-1,-1,-1
56,5,142.76486206054688,277.7916259765625,28.757064819335938,74.61004638671875,-1,-1,-1,-1
57,5,139.9921875,278.93701171875,28.828643798828125,76.88916015625,-1,-1,-1,-1
58,5,140.224365234375,280.5210266113281,27.392044067382812,75.53799438476562,-1,-1,-1,-1
59,5,139.76707458496094,281.6200256347656,27.3067626953125,74.65286254882812,-1,-1,-1,-1
60,5,137.43902587890625,283.2548522949219,27.965835571289062,74.174072265625,-1,-1,-1,-1
61,5,136.1428985595703,283.9341735839844,29.068496704101562,75.52993774414062,-1,-1,-1,-1
62,5,135.9595184326172,284.4012756347656,29.180908203125,75.01132202148438,-1,-1,-1,-1
63,5,133.77513122558594,284.79541015625,30.538665771484375,76.434326171875,-1,-1,-1,-1
64,5,132.7377471923828,285.06927490234375,30.777297973632812,76.82208251953125,-1,-1,-1,-1
65,5,130.48104858398438,284.449462890625,30.256744384765625,77.64407348632812,-1,-1,-1,-1
66,5,129.66848754882812,285.0694580078125,30.437103271484375,77.92034912109375,-1,-1,-1,-1
67,5,126.34465026855469,285.6911926269531,31.773086547851562,79.94943237304688,-1,-1,-1,-1
68,5,126.0883560180664,286.48291015625,30.95343780517578,79.32598876953125,-1,-1,-1,-1
69,5,124.08950805664062,286.73236083984375,31.003585815429688,79.43527221679688,-1,-1,-1,-1
70,5,123.05349731445312,287.1494140625,30.960205078125,79.22930908203125,-1,-1,-1,-1
71,5,122.75739288330078,287.344970703125,30.437049865722656,79.51318359375,-1,-1,-1,-1
72,5,122.04042053222656,287.0403747558594,30.621597290039062,80.04580688476562,-1,-1,-1,-1
73,5,120.29537200927734,286.9706115722656,30.681617736816406,80.52249145507812,-1,-1,-1,-1
74,5,118.03018188476562,287.2745361328125,31.616348266601562,81.1441650390625,-1,-1,-1,-1
75,5,116.41647338867188,288.5809020996094,31.186294555664062,80.09939575195312,-1,-1,-1,-1
76,5,115.40943145751953,289.0475158691406,30.826942443847656,80.5289306640625,-1,-1,-1,-1
77,5,115.18565368652344,290.63079833984375,30.255172729492188,80.1624755859375,-1,-1,-1,-1
78,5,114.6436538696289,289.42938232421875,30.940818786621094,81.657958984375,-1,-1,-1,-1
79,5,112.7536392211914,293.3603210449219,29.59032440185547,79.38742065429688,-1,-1,-1,-1
80,5,112.47698211669922,295.0326843261719,29.560630798339844,78.20950317382812,-1,-1,-1,-1
81,5,108.85025787353516,296.688232421875,29.97856903076172,76.3565673828125,-1,-1,-1,-1
82,5,108.4955825805664,297.9075012207031,30.010215759277344,74.87713623046875,-1,-1,-1,-1
83,5,104.58356475830078,297.2405700683594,32.48682403564453,78.48678588867188,-1,-1,-1,-1
84,5,104.18744659423828,297.165771484375,32.031394958496094,78.64273071289062,-1,-1,-1,-1
85,5,103.19782257080078,298.5196533203125,29.568260192871094,79.22662353515625,-1,-1,-1,-1
86,5,101.81241607666016,296.813720703125,30.780677795410156,81.607177734375,-1,-1,-1,-1
87,5,98.52644348144531,298.1676940917969,32.59501647949219,81.43807983398438,-1,-1,-1,-1
88,5,98.0415267944336,300.04925537109375,31.796417236328125,79.85589599609375,-1,-1,-1,-1
89,5,96.42581939697266,301.0278015136719,31.342666625976562,79.55941772460938,-1,-1,-1,-1
90,5,95.83515930175781,300.8554992675781,31.384193420410156,80.00848388671875,-1,-1,-1,-1
91,5,95.0675277709961,300.8280334472656,30.19336700439453,79.85385131835938,-1,-1,-1,-1
92,5,93.89986419677734,298.7904052734375,30.257308959960938,82.71646118164062,-1,-1,-1,-1
93,5,88.46400451660156,288.2026672363281,32.731605529785156,95.74114990234375,-1,-1,-1,-1
94,5,87.6809310913086,288.01690673828125,33.04280090332031,96.47586059570312,-1,-1,-1,-1
95,5,87.50299835205078,300.9792175292969,31.268142700195312,85.42868041992188,-1,-1,-1,-1
96,5,86.85211181640625,303.71002197265625,31.42162322998047,82.92037963867188,-1,-1,-1,-1
97,5,82.82771301269531,305.2568054199219,32.034385681152344,81.63534545898438,-1,-1,-1,-1
98,5,82.77100372314453,306.179443359375,30.672332763671875,80.84878540039062,-1,-1,-1,-1
99,5,79.7183837890625,306.6687316894531,31.48474884033203,82.18353271484375,-1,-1,-1,-1
100,5,79.47097778320312,307.3365478515625,29.84868621826172,81.6190185546875,-1,-1,-1,-1
101,5,77.89179992675781,307.3736877441406,30.19512939453125,82.30206298828125,-1,-1,-1,-1
102,5,77.03582763671875,307.7983093261719,30.30030059814453,82.24984741210938,-1,-1,-1,-1
103,5,74.89424133300781,309.4581298828125,29.618324279785156,80.67813110351562,-1,-1,-1,-1
104,5,74.45918273925781,309.93255615234375,29.295448303222656,81.0870361328125,-1,-1,-1,-1
105,5,68.93141174316406,312.5242614746094,31.520347595214844,79.76171875,-1,-1,-1,-1
106,5,67.61937713623047,311.9960021972656,32.620452880859375,80.6607666015625,-1,-1,-1,-1
107,5,64.21420669555664,314.7148742675781,33.51528549194336,79.15109252929688,-1,-1,-1,-1
108,5,63.59742736816406,315.29461669921875,33.185401916503906,78.93606567382812,-1,-1,-1,-1
109,5,60.9952278137207,316.0401611328125,34.32746505737305,78.57666015625,-1,-1,-1,-1
110,5,60.506656646728516,315.3995056152344,33.64102554321289,79.41909790039062,-1,-1,-1,-1
111,5,58.5924186706543,316.0240478515625,31.843074798583984,80.64208984375,-1,-1,-1,-1
112,5,58.51798629760742,316.24169921875,30.953807830810547,80.39834594726562,-1,-1,-1,-1
113,5,56.38010025024414,316.692138671875,31.49350357055664,81.52615356445312,-1,-1,-1,-1
114,5,55.43028259277344,316.70849609375,30.94585418701172,82.65896606445312,-1,-1,-1,-1
115,5,51.02475357055664,315.7089538574219,31.115604400634766,86.966552734375,-1,-1,-1,-1
116,5,49.47663879394531,316.3847961425781,32.304962158203125,86.31375122070312,-1,-1,-1,-1
117,5,46.280574798583984,318.0371398925781,32.175289154052734,87.23550415039062,-1,-1,-1,-1
118,5,45.99991989135742,318.93853759765625,31.348575592041016,86.64413452148438,-1,-1,-1,-1
119,5,44.67778778076172,320.642333984375,30.699974060058594,85.38677978515625,-1,-1,-1,-1
120,5,41.24726486206055,313.9599914550781,33.000179290771484,92.36056518554688,-1,-1,-1,-1
121,5,41.705772399902344,317.98016357421875,29.73088836669922,87.2781982421875,-1,-1,-1,-1
122,5,39.59605407714844,320.10662841796875,30.627487182617188,85.47152709960938,-1,-1,-1,-1
123,5,36.01030349731445,321.1462707519531,31.896717071533203,85.78311157226562,-1,-1,-1,-1
124,5,34.56123352050781,320.3197937011719,33.24542236328125,86.80126953125,-1,-1,-1,-1
125,5,29.52509117126465,321.006103515625,36.81694984436035,87.43496704101562,-1,-1,-1,-1
126,5,24.226734161376953,299.31146240234375,43.470890045166016,109.9814453125,-1,-1,-1,-1
127,5,23.287487030029297,314.21240234375,40.991920471191406,96.73565673828125,-1,-1,-1,-1
128,5,24.949857711791992,318.43890380859375,37.741010665893555,91.89935302734375,-1,-1,-1,-1
129,5,25.011911392211914,323.20831298828125,34.66222953796387,86.49575805664062,-1,-1,-1,-1
130,5,24.49013900756836,320.07476806640625,34.937721252441406,89.0806884765625,-1,-1,-1,-1
131,5,17.034786224365234,303.0037841796875,44.1025505065918,108.09487915039062,-1,-1,-1,-1
132,5,14.446137428283691,309.58648681640625,43.29801845550537,102.18695068359375,-1,-1,-1,-1
133,5,17.679473876953125,331.1128845214844,33.32415771484375,82.7774658203125,-1,-1,-1,-1
134,5,17.861209869384766,332.68548583984375,32.23935317993164,83.83004760742188,-1,-1,-1,-1
135,5,16.627074241638184,334.007568359375,31.35641574859619,83.87521362304688,-1,-1,-1,-1
136,5,16.27871608734131,334.4427490234375,31.07363986968994,84.05615234375,-1,-1,-1,-1
137,5,11.220134735107422,333.8522033691406,33.64457321166992,88.47915649414062,-1,-1,-1,-1
138,5,11.133101463317871,335.229248046875,33.804619789123535,87.51315307617188,-1,-1,-1,-1
139,5,10.604033470153809,335.78369140625,33.11606311798096,87.504150390625,-1,-1,-1,-1
140,5,9.774396896362305,336.2913513183594,32.925405502319336,87.47882080078125,-1,-1,-1,-1
141,5,7.888214111328125,336.6451110839844,33.63631057739258,87.71597290039062,-1,-1,-1,-1
142,5,5.770681381225586,336.7257080078125,33.80981636047363,88.0013427734375,-1,-1,-1,-1
143,5,1.0,340.8773193359375,35.21275329589844,85.21670532226562,-1,-1,-1,-1
144,5,1.0,343.13568115234375,35.19745635986328,81.36654663085938,-1,-1,-1,-1
145,5,1.0,344.3418884277344,33.56025695800781,81.4554443359375,-1,-1,-1,-1
146,5,1.0,344.60321044921875,32.80641746520996,82.41207885742188,-1,-1,-1,-1
147,5,1.0,345.39239501953125,31.05085563659668,81.67453002929688,-1,-1,-1,-1
148,5,1.0,345.46807861328125,28.72766876220703,82.17849731445312,-1,-1,-1,-1
1,6,470.98455810546875,109.4771957397461,18.00909423828125,45.40129852294922,-1,-1,-1,-1
2,6,470.5512390136719,108.65931701660156,18.51837158203125,47.137542724609375,-1,-1,-1,-1
3,6,468.1129150390625,108.48165130615234,19.754241943359375,49.166908264160156,-1,-1,-1,-1
4,6,468.526611328125,108.63345336914062,18.943450927734375,47.75382995605469,-1,-1,-1,-1
5,6,467.0408630371094,108.99188232421875,20.0792236328125,47.50965881347656,-1,-1,-1,-1
6,6,466.9058532714844,109.9491958618164,20.26495361328125,46.911277770996094,-1,-1,-1,-1
7,6,466.4105529785156,110.01445770263672,20.49639892578125,47.642433166503906,-1,-1,-1,-1
8,6,465.5703125,109.98577117919922,19.939178466796875,47.202186584472656,-1,-1,-1,-1
9,6,464.22283935546875,111.42576599121094,19.361236572265625,46.33454895019531,-1,-1,-1,-1
10,6,463.60284423828125,111.5870590209961,19.166839599609375,47.18114471435547,-1,-1,-1,-1
11,6,462.9700012207031,112.21854400634766,18.78436279296875,46.541893005371094,-1,-1,-1,-1
12,6,461.8998718261719,111.34318542480469,19.4859619140625,47.57942199707031,-1,-1,-1,-1
13,6,459.5592346191406,111.77790069580078,19.469573974609375,47.919715881347656,-1,-1,-1,-1
14,6,458.0586853027344,112.12786865234375,20.18756103515625,47.8646240234375,-1,-1,-1,-1
15,6,457.49395751953125,112.55884552001953,20.500152587890625,47.98192596435547,-1,-1,-1,-1
16,6,457.3061828613281,113.3385238647461,20.1925048828125,47.42658233642578,-1,-1,-1,-1
17,6,457.0045471191406,113.47073364257812,19.86199951171875,47.3919677734375,-1,-1,-1,-1
18,6,455.1082763671875,113.21830749511719,20.04180908203125,48.10041809082031,-1,-1,-1,-1
19,6,455.0332336425781,112.89533233642578,19.376983642578125,48.459129333496094,-1,-1,-1,-1
20,6,454.11505126953125,113.03195190429688,19.37762451171875,48.61993408203125,-1,-1,-1,-1
21,6,451.8227844238281,113.69261932373047,20.36956787109375,49.47113800048828,-1,-1,-1,-1
22,6,451.7066650390625,113.71328735351562,20.54833984375,48.436248779296875,-1,-1,-1,-1
23,6,451.30401611328125,113.93144989013672,21.4056396484375,49.40882110595703,-1,-1,-1,-1
24,6,451.16748046875,114.23001098632812,21.225250244140625,48.101318359375,-1,-1,-1,-1
25,6,450.3091125488281,113.81845092773438,20.460601806640625,49.517333984375,-1,-1,-1,-1
26,6,449.99627685546875,113.96644592285156,20.449676513671875,49.22038269042969,-1,-1,-1,-1
27,6,448.7655944824219,113.73665618896484,19.9818115234375,49.575599670410156,-1,-1,-1,-1
28,6,448.5263671875,113.53841400146484,20.057037353515625,50.19709014892578,-1,-1,-1,-1
29,6,447.6054992675781,113.76223754882812,20.707275390625,50.55584716796875,-1,-1,-1,-1
30,6,446.9523620605469,114.0286865234375,20.98895263671875,50.834136962890625,-1,-1,-1,-1
31,6,444.4715881347656,113.5630874633789,22.083404541015625,51.76844024658203,-1,-1,-1,-1
32,6,443.8810119628906,113.86382293701172,22.47381591796875,51.43488311767578,-1,-1,-1,-1
33,6,443.4773254394531,114.65692901611328,21.530426025390625,51.08155059814453,-1,-1,-1,-1
34,6,443.3294677734375,114.3945083618164,21.417144775390625,50.32599639892578,-1,-1,-1,-1
35,6,443.45391845703125,115.27275085449219,20.92889404296875,49.08110046386719,-1,-1,-1,-1
36,6,442.94110107421875,114.6852035522461,21.078765869140625,50.636268615722656,-1,-1,-1,-1
37,6,442.4622497558594,115.41071319580078,21.14739990234375,50.981773376464844,-1,-1,-1,-1
38,6,442.2477722167969,115.93213653564453,21.078369140625,50.57721710205078,-1,-1,-1,-1
39,6,441.2365417480469,115.9011001586914,22.116607666015625,52.160804748535156,-1,-1,-1,-1
40,6,440.7408447265625,116.44153594970703,22.459869384765625,50.203208923339844,-1,-1,-1,-1
41,6,440.1150207519531,115.79332733154297,23.45208740234375,50.994422912597656,-1,-1,-1,-1
42,6,440.0428161621094,115.44237518310547,23.6798095703125,52.21501922607422,-1,-1,-1,-1
43,6,439.9201354980469,116.52571105957031,23.25836181640625,52.00184631347656,-1,-1,-1,-1
44,6,439.10394287109375,116.23479461669922,23.349945068359375,52.411659240722656,-1,-1,-1,-1
45,6,438.38031005859375,115.6672134399414,22.8126220703125,53.09661102294922,-1,-1,-1,-1
46,6,437.1783752441406,115.7005386352539,22.97479248046875,54.719947814941406,-1,-1,-1,-1
47,6,436.46917724609375,116.1617660522461,22.42340087890625,54.706138610839844,-1,-1,-1,-1
48,6,435.26727294921875,115.44498443603516,22.944000244140625,55.341590881347656,-1,-1,-1,-1
49,6,433.8802795410156,119.5093765258789,22.01507568359375,52.87757110595703,-1,-1,-1,-1
50,6,434.03662109375,120.20612335205078,21.631134033203125,51.63422393798828,-1,-1,-1,-1
51,6,433.8925476074219,120.63948822021484,20.91558837890625,50.53337860107422,-1,-1,-1,-1
52,6,433.5140075683594,121.12500762939453,21.1029052734375,50.08686065673828,-1,-1,-1,-1
53,6,431.9227294921875,120.8387680053711,21.600616455078125,51.09496307373047,-1,-1,-1,-1
54,6,431.5336608886719,120.24629974365234,21.672393798828125,52.177513122558594,-1,-1,-1,-1
55,6,430.9400329589844,120.01976776123047,21.781097412109375,53.525794982910156,-1,-1,-1,-1
56,6,430.6008605957031,119.92633056640625,21.86419677734375,54.217437744140625,-1,-1,-1,-1
57,6,430.7333068847656,120.65116119384766,21.94024658203125,54.40607452392578,-1,-1,-1,-1
58,6,430.30914306640625,121.53839111328125,22.2332763671875,53.91050720214844,-1,-1,-1,-1
59,6,429.2882385253906,122.39083862304688,22.5592041015625,52.440826416015625,-1,-1,-1,-1
60,6,429.55462646484375,122.79998016357422,22.475555419921875,50.980125427246094,-1,-1,-1,-1
61,6,429.3588562011719,122.99596405029297,22.64422607421875,50.97667694091797,-1,-1,-1,-1
62,6,429.28558349609375,123.4798812866211,22.579345703125,50.680946350097656,-1,-1,-1,-1
63,6,428.8546142578125,123.61417388916016,22.906005859375,51.461082458496094,-1,-1,-1,-1
64,6,428.3041687011719,123.87792205810547,23.04364013671875,53.07299041748047,-1,-1,-1,-1
65,6,427.1628723144531,123.93177795410156,22.0201416015625,52.33183288574219,-1,-1,-1,-1
66,6,427.0411071777344,124.26744842529297,21.9813232421875,52.61547088623047,-1,-1,-1,-1
67,6,425.76849365234375,124.27517700195312,22.51019287109375,52.69830322265625,-1,-1,-1,-1
68,6,425.2306823730469,124.88748931884766,22.2808837890625,52.504966735839844,-1,-1,-1,-1
69,6,424.2626037597656,125.42741394042969,22.6483154296875,53.39447021484375,-1,-1,-1,-1
70,6,424.19927978515625,126.10242462158203,22.268798828125,52.878013610839844,-1,-1,-1,-1
71,6,422.6023254394531,126.40167236328125,23.27734375,54.22718811035156,-1,-1,-1,-1
72,6,422.4489440917969,125.99249267578125,23.1177978515625,55.027557373046875,-1,-1,-1,-1
73,6,423.0533752441406,126.59402465820312,22.193115234375,55.00831604003906,-1,-1,-1,-1
74,6,423.2218933105469,126.60283660888672,21.91973876953125,55.155357360839844,-1,-1,-1,-1
75,6,423.0918273925781,126.97814178466797,22.259033203125,55.295738220214844,-1,-1,-1,-1
76,6,422.7825927734375,126.58049011230469,22.81378173828125,56.057220458984375,-1,-1,-1,-1
77,6,421.56427001953125,125.99337005615234,24.590362548828125,55.27637481689453,-1,-1,-1,-1
78,6,420.8717346191406,126.67064666748047,25.228668212890625,54.42749786376953,-1,-1,-1,-1
79,6,421.442626953125,128.89603424072266,23.983184814453125,54.611976623535156,-1,-1,-1,-1
80,6,421.3014221191406,130.52932739257812,23.525909423828125,52.866607666015625,-1,-1,-1,-1
81,6,421.3211364746094,131.6739044189453,22.819366455078125,52.14002990722656,-1,-1,-1,-1
82,6,420.87847900390625,130.96038818359375,22.36224365234375,52.80409240722656,-1,-1,-1,-1
83,6,420.1632385253906,131.84828186035156,21.81036376953125,52.96784973144531,-1,-1,-1,-1
84,6,419.7272644042969,131.33836364746094,21.3968505859375,54.0225830078125,-1,-1,-1,-1
85,6,418.5549621582031,130.5516357421875,22.307861328125,55.2720947265625,-1,-1,-1,-1
86,6,418.2777099609375,131.49745178222656,22.127960205078125,54.19740295410156,-1,-1,-1,-1
87,6,415.8495788574219,131.52610778808594,23.110595703125,54.56282043457031,-1,-1,-1,-1
88,6,414.77325439453125,132.20301818847656,23.804840087890625,53.82720947265625,-1,-1,-1,-1
89,6,412.8819885253906,132.75416564941406,23.654052734375,53.31040954589844,-1,-1,-1,-1
90,6,412.3846435546875,132.93865966796875,23.72003173828125,53.21406555175781,-1,-1,-1,-1
91,6,412.1976013183594,132.47305297851562,23.464385986328125,54.15507507324219,-1,-1,-1,-1
92,6,411.8734436035156,132.97714233398438,23.49591064453125,54.160430908203125,-1,-1,-1,-1
93,6,411.6252746582031,133.04617309570312,23.85595703125,54.86199951171875,-1,-1,-1,-1
94,6,411.6135559082031,133.41305541992188,24.3594970703125,55.505340576171875,-1,-1,-1,-1
95,6,411.5455627441406,134.1253662109375,24.786346435546875,55.558807373046875,-1,-1,-1,-1
96,6,411.5152587890625,134.4923858642578,24.647186279296875,55.52507019042969,-1,-1,-1,-1
97,6,411.60162353515625,136.13710021972656,23.833831787109375,53.44700622558594,-1,-1,-1,-1
98,6,411.3332824707031,136.05189514160156,23.465301513671875,52.55085754394531,-1,-1,-1,-1
99,6,410.1920471191406,136.1289825439453,23.2626953125,52.49595642089844,-1,-1,-1,-1
100,6,409.6878356933594,135.61415100097656,22.974639892578125,53.83197021484375,-1,-1,-1,-1
101,6,409.2973937988281,135.25949096679688,22.871124267578125,54.945220947265625,-1,-1,-1,-1
102,6,408.8599548339844,135.6311492919922,22.7303466796875,54.54356384277344,-1,-1,-1,-1
103,6,408.2323913574219,136.53244018554688,23.066558837890625,53.928985595703125,-1,-1,-1,-1
104,6,407.61456298828125,137.6210174560547,23.292083740234375,53.15950012207031,-1,-1,-1,-1
105,6,407.474609375,138.3221893310547,22.287750244140625,52.75556945800781,-1,-1,-1,-1
106,6,406.75848388671875,139.55914306640625,21.74041748046875,51.1141357421875,-1,-1,-1,-1
107,6,404.205810546875,138.89956665039062,23.24041748046875,51.628997802734375,-1,-1,-1,-1
108,6,403.6281433105469,139.1772003173828,23.49200439453125,52.29908752441406,-1,-1,-1,-1
109,6,402.4986267089844,139.53782653808594,24.078704833984375,53.089141845703125,-1,-1,-1,-1
110,6,401.6092834472656,139.58819580078125,24.718841552734375,53.66058349609375,-1,-1,-1,-1
111,6,399.69708251953125,140.8381805419922,26.380615234375,54.97587585449219,-1,-1,-1,-1
112,6,399.58331298828125,141.17660522460938,26.2791748046875,54.9283447265625,-1,-1,-1,-1
113,6,399.1485290527344,142.2208251953125,26.292877197265625,53.57527160644531,-1,-1,-1,-1
114,6,398.7406311035156,142.06661987304688,26.556396484375,53.49418640136719,-1,-1,-1,-1
115,6,398.75933837890625,141.6774444580078,26.082061767578125,53.536102294921875,-1,-1,-1,-1
116,6,399.1246643066406,141.579345703125,25.271514892578125,52.90608215332031,-1,-1,-1,-1
117,6,399.56341552734375,142.35736083984375,24.455657958984375,53.16609191894531,-1,-1,-1,-1
118,6,399.7290344238281,141.83908081054688,24.127685546875,53.384857177734375,-1,-1,-1,-1
119,6,399.3959045410156,142.72576904296875,24.202911376953125,53.829071044921875,-1,-1,-1,-1
120,6,398.8099670410156,143.06973266601562,24.202178955078125,54.04304504394531,-1,-1,-1,-1
121,6,398.7150573730469,144.6104736328125,23.2762451171875,53.93901062011719,-1,-1,-1,-1
122,6,398.5248107910156,145.9991912841797,23.047515869140625,53.907745361328125,-1,-1,-1,-1
123,6,397.75579833984375,146.59242248535156,22.020721435546875,53.4385986328125,-1,-1,-1,-1
124,6,397.23175048828125,146.85498046875,22.1640625,53.25892639160156,-1,-1,-1,-1
125,6,396.03179931640625,145.78269958496094,22.881622314453125,54.548919677734375,-1,-1,-1,-1
126,6,395.2456359863281,145.50347900390625,23.5247802734375,55.16596984863281,-1,-1,-1,-1
127,6,395.3058166503906,146.8373565673828,22.73065185546875,54.16392517089844,-1,-1,-1,-1
128,6,394.7928161621094,147.13319396972656,22.574462890625,53.9840087890625,-1,-1,-1,-1
129,6,393.57012939453125,146.94895935058594,22.450286865234375,55.77850341796875,-1,-1,-1,-1
130,6,393.4266662597656,147.5411376953125,22.1787109375,54.43995666503906,-1,-1,-1,-1
131,6,393.4388427734375,148.75439453125,21.27935791015625,52.88557434082031,-1,-1,-1,-1
132,6,393.0780334472656,148.865478515625,21.16015625,53.19505310058594,-1,-1,-1,-1
133,6,392.6043395996094,148.26907348632812,20.93829345703125,53.70318603515625,-1,-1,-1,-1
134,6,392.1204833984375,148.7879180908203,21.23974609375,54.427581787109375,-1,-1,-1,-1
135,6,391.47283935546875,148.99119567871094,21.413909912109375,55.79974365234375,-1,-1,-1,-1
136,6,390.88653564453125,148.94554138183594,21.606109619140625,56.87408447265625,-1,-1,-1,-1
137,6,389.7404479980469,149.53314208984375,22.27947998046875,56.82673645019531,-1,-1,-1,-1
138,6,389.3558349609375,149.8809051513672,22.439544677734375,56.730133056640625,-1,-1,-1,-1
139,6,388.40087890625,151.11209106445312,22.684295654296875,56.12785339355469,-1,-1,-1,-1
140,6,387.1318054199219,151.21363830566406,23.072052001953125,56.24574279785156,-1,-1,-1,-1
141,6,385.7337341308594,151.74127197265625,22.297576904296875,56.07109069824219,-1,-1,-1,-1
142,6,385.6986389160156,152.10690307617188,22.055816650390625,55.48811340332031,-1,-1,-1,-1
143,6,385.5849304199219,152.28700256347656,21.476318359375,55.27935791015625,-1,-1,-1,-1
144,6,385.3025207519531,152.16293334960938,21.279571533203125,55.778472900390625,-1,-1,-1,-1
145,6,384.0616455078125,152.37767028808594,21.921844482421875,55.79856872558594,-1,-1,-1,-1
146,6,383.3985290527344,153.19203186035156,22.128265380859375,55.710418701171875,-1,-1,-1,-1
147,6,382.8027038574219,154.43235778808594,21.4307861328125,56.3988037109375,-1,-1,-1,-1
148,6,382.2839660644531,154.990478515625,21.973358154296875,55.20878601074219,-1,-1,-1,-1
149,6,382.2420654296875,155.77047729492188,21.533477783203125,53.968597412109375,-1,-1,-1,-1
150,6,381.7559814453125,155.8937225341797,21.76092529296875,54.54563903808594,-1,-1,-1,-1
151,6,380.6427917480469,156.23191833496094,22.39068603515625,55.725982666015625,-1,-1,-1,-1
152,6,379.64581298828125,156.41184997558594,22.9168701171875,55.20549011230469,-1,-1,-1,-1
153,6,378.0745849609375,157.2589874267578,23.346343994140625,54.67616271972656,-1,-1,-1,-1
154,6,377.0923767089844,157.12330627441406,24.093505859375,55.28668212890625,-1,-1,-1,-1
155,6,376.55224609375,157.87158203125,24.190399169921875,55.66343688964844,-1,-1,-1,-1
156,6,376.276611328125,158.18238830566406,24.193695068359375,56.09724426269531,-1,-1,-1,-1
157,6,376.0849304199219,159.13925170898438,22.835052490234375,56.23211669921875,-1,-1,-1,-1
158,6,375.90655517578125,159.52587890625,22.11639404296875,55.58641052246094,-1,-1,-1,-1
159,6,375.078125,160.47494506835938,21.191680908203125,53.98271179199219,-1,-1,-1,-1
160,6,374.68609619140625,160.62362670898438,20.944854736328125,54.750213623046875,-1,-1,-1,-1
161,6,373.9791259765625,161.0060272216797,20.910064697265625,54.29585266113281,-1,-1,-1,-1
162,6,373.42254638671875,161.00367736816406,21.26678466796875,54.77354431152344,-1,-1,-1,-1
163,6,373.3725891113281,161.25697326660156,22.173004150390625,56.935760498046875,-1,-1,-1,-1
164,6,372.340087890625,161.6795654296875,21.73150634765625,55.67909240722656,-1,-1,-1,-1
165,6,371.70941162109375,162.37940979003906,21.982269287109375,56.82666015625,-1,-1,-1,-1
166,6,371.4342346191406,162.17189025878906,21.7677001953125,56.21919250488281,-1,-1,-1,-1
167,6,370.9104919433594,162.24801635742188,21.63922119140625,55.01051330566406,-1,-1,-1,-1
168,6,370.27911376953125,162.38311767578125,21.939361572265625,55.90754699707031,-1,-1,-1,-1
169,6,369.7222900390625,162.35757446289062,21.883392333984375,58.14399719238281,-1,-1,-1,-1
170,6,369.14508056640625,162.7904052734375,21.92742919921875,57.50917053222656,-1,-1,-1,-1
171,6,367.17059326171875,163.69935607910156,23.146331787109375,57.55128479003906,-1,-1,-1,-1
172,6,366.6663818359375,165.6043701171875,23.303863525390625,55.38951110839844,-1,-1,-1,-1
173,6,365.1146240234375,165.7543182373047,24.710693359375,56.74107360839844,-1,-1,-1,-1
174,6,365.11767578125,166.08663940429688,24.013458251953125,56.49244689941406,-1,-1,-1,-1
175,6,364.41973876953125,166.65884399414062,23.123687744140625,55.512542724609375,-1,-1,-1,-1
176,6,363.47467041015625,166.50991821289062,23.32672119140625,55.58538818359375,-1,-1,-1,-1
177,6,362.8914489746094,165.97047424316406,22.965789794921875,56.51509094238281,-1,-1,-1,-1
178,6,362.20269775390625,165.67437744140625,23.188201904296875,57.42094421386719,-1,-1,-1,-1
179,6,361.7608947753906,165.41368103027344,23.302764892578125,57.94708251953125,-1,-1,-1,-1
180,6,361.6120910644531,166.0197296142578,23.13409423828125,57.38941955566406,-1,-1,-1,-1
181,6,360.2323913574219,166.12689208984375,23.641082763671875,61.15348815917969,-1,-1,-1,-1
182,6,359.4325256347656,166.4380645751953,23.45281982421875,61.07368469238281,-1,-1,-1,-1
183,6,359.1765441894531,169.37632751464844,23.45611572265625,57.51377868652344,-1,-1,-1,-1
184,6,359.4309387207031,169.8170166015625,22.754486083984375,56.96296691894531,-1,-1,-1,-1
185,6,358.1288146972656,169.7101593017578,23.657379150390625,57.06298828125,-1,-1,-1,-1
186,6,357.2114562988281,169.47557067871094,24.57232666015625,57.8125,-1,-1,-1,-1
187,6,356.39190673828125,169.9107666015625,24.939788818359375,58.5179443359375,-1,-1,-1,-1
188,6,356.0560302734375,169.73870849609375,24.471405029296875,59.46751403808594,-1,-1,-1,-1
189,6,355.53912353515625,169.85691833496094,24.70013427734375,59.638763427734375,-1,-1,-1,-1
190,6,355.3370361328125,169.76856994628906,24.496978759765625,59.904296875,-1,-1,-1,-1
191,6,354.3023376464844,170.809814453125,24.394439697265625,59.61610412597656,-1,-1,-1,-1
192,6,353.65643310546875,171.13079833984375,24.57196044921875,59.76338195800781,-1,-1,-1,-1
193,6,351.7540283203125,169.35391235351562,24.29278564453125,62.09153747558594,-1,-1,-1,-1
194,6,351.99835205078125,169.91189575195312,23.6427001953125,61.77406311035156,-1,-1,-1,-1
195,6,351.6661376953125,168.96580505371094,23.9171142578125,62.86647033691406,-1,-1,-1,-1
196,6,350.49627685546875,167.66867065429688,24.71221923828125,64.63362121582031,-1,-1,-1,-1
197,6,350.06207275390625,169.0652618408203,24.594879150390625,63.540374755859375,-1,-1,-1,-1
198,6,349.73388671875,168.9520721435547,24.72161865234375,64.87411499023438,-1,-1,-1,-1
199,6,349.21978759765625,167.6481170654297,25.3548583984375,67.83375549316406,-1,-1,-1,-1
36,7,606.8375244140625,82.95374298095703,17.26458740234375,49.342735290527344,-1,-1,-1,-1
37,7,607.4683227539062,82.1340103149414,16.9022216796875,49.308753967285156,-1,-1,-1,-1
75,8,612.6262817382812,114.23515319824219,24.0750732421875,60.72352600097656,-1,-1,-1,-1
76,8,612.1075439453125,114.563720703125,24.670166015625,61.40760803222656,-1,-1,-1,-1
77,8,610.767578125,116.86566925048828,24.8843994140625,58.930397033691406,-1,-1,-1,-1
78,8,610.2660522460938,117.06867218017578,24.72540283203125,59.104713439941406,-1,-1,-1,-1
79,8,609.9917602539062,117.50619506835938,24.71905517578125,59.27735900878906,-1,-1,-1,-1
80,8,609.7229614257812,117.75519561767578,25.02783203125,59.14073944091797,-1,-1,-1,-1
81,8,607.7283325195312,118.00614929199219,24.44586181640625,58.94856262207031,-1,-1,-1,-1
82,8,607.1407470703125,118.03434753417969,23.668212890625,59.14051818847656,-1,-1,-1,-1
83,8,605.3805541992188,117.55974578857422,22.57855224609375,59.94605255126953,-1,-1,-1,-1
84,8,605.3146362304688,117.40802764892578,22.079833984375,59.78850555419922,-1,-1,-1,-1
85,8,604.5833740234375,117.25519561767578,21.303466796875,60.44609832763672,-1,-1,-1,-1
86,8,603.5652465820312,117.04974365234375,21.12091064453125,60.611236572265625,-1,-1,-1,-1
87,8,602.4768676757812,118.8462905883789,20.289306640625,59.349693298339844,-1,-1,-1,-1
88,8,602.1980590820312,119.4126968383789,19.8826904296875,59.305763244628906,-1,-1,-1,-1
89,8,600.2550048828125,120.68738555908203,20.2225341796875,58.92577362060547,-1,-1,-1,-1
90,8,599.8762817382812,120.54920959472656,20.11175537109375,59.0948486328125,-1,-1,-1,-1
91,8,599.0762329101562,121.55652618408203,20.21380615234375,58.040122985839844,-1,-1,-1,-1
92,8,598.6075439453125,121.45240020751953,19.99053955078125,58.50751495361328,-1,-1,-1,-1
93,8,596.6787719726562,122.18916320800781,20.67315673828125,57.874359130859375,-1,-1,-1,-1
94,8,596.14453125,121.95613861083984,20.9371337890625,58.59912872314453,-1,-1,-1,-1
95,8,594.3814086914062,120.59325408935547,21.77410888671875,60.181129455566406,-1,-1,-1,-1
96,8,593.3807983398438,121.33413696289062,21.61651611328125,60.63783264160156,-1,-1,-1,-1
97,8,591.1853637695312,122.14108276367188,23.02703857421875,60.562042236328125,-1,-1,-1,-1
98,8,590.5686645507812,122.84750366210938,23.07763671875,60.19902038574219,-1,-1,-1,-1
99,8,590.4125366210938,123.55445098876953,22.5860595703125,59.893821716308594,-1,-1,-1,-1
100,8,590.1066284179688,124.28032684326172,21.92755126953125,59.279258728027344,-1,-1,-1,-1
101,8,588.2572631835938,124.75895690917969,22.33892822265625,59.91239929199219,-1,-1,-1,-1
102,8,587.8870849609375,124.71570587158203,22.201416015625,60.36595916748047,-1,-1,-1,-1
103,8,586.443115234375,124.55763244628906,21.7874755859375,60.550750732421875,-1,-1,-1,-1
104,8,586.134033203125,124.58904266357422,21.566650390625,60.492469787597656,-1,-1,-1,-1
105,8,585.75146484375,124.29158020019531,21.3419189453125,60.64668273925781,-1,-1,-1,-1
106,8,585.3135375976562,124.5680923461914,21.15814208984375,60.433631896972656,-1,-1,-1,-1
107,8,584.8260498046875,124.88565826416016,21.20062255859375,60.14087677001953,-1,-1,-1,-1
108,8,584.3275756835938,125.32530212402344,21.23577880859375,59.61444091796875,-1,-1,-1,-1
109,8,583.7307739257812,125.97793579101562,21.10003662109375,59.14570617675781,-1,-1,-1,-1
110,8,583.2788696289062,126.2403793334961,21.0516357421875,59.318321228027344,-1,-1,-1,-1
111,8,582.3658447265625,126.66588592529297,21.261474609375,59.37183380126953,-1,-1,-1,-1
112,8,581.7698974609375,126.95556640625,21.523681640625,59.55145263671875,-1,-1,-1,-1
113,8,580.9080200195312,127.09710693359375,21.7655029296875,59.37870788574219,-1,-1,-1,-1
114,8,580.240478515625,127.11094665527344,22.04864501953125,59.74870300292969,-1,-1,-1,-1
115,8,579.821044921875,126.98067474365234,21.80859375,59.85356903076172,-1,-1,-1,-1
116,8,579.2801513671875,127.07727813720703,21.91064453125,60.67121124267578,-1,-1,-1,-1
117,8,577.4996948242188,127.89004516601562,22.53570556640625,60.498321533203125,-1,-1,-1,-1
118,8,577.1229248046875,128.70043182373047,22.2852783203125,60.01024627685547,-1,-1,-1,-1
119,8,576.7548217773438,129.72645568847656,21.88153076171875,59.481719970703125,-1,-1,-1,-1
120,8,576.484130859375,129.74842834472656,21.736083984375,59.920196533203125,-1,-1,-1,-1
121,8,575.9741821289062,130.14089965820312,21.51629638671875,59.62266540527344,-1,-1,-1,-1
122,8,575.5134887695312,130.28041076660156,21.41229248046875,59.94499206542969,-1,-1,-1,-1
123,8,574.316162109375,129.64234924316406,21.66650390625,60.86235046386719,-1,-1,-1,-1
124,8,574.0259399414062,129.32070922851562,21.74383544921875,61.383819580078125,-1,-1,-1,-1
125,8,573.7036743164062,129.15354919433594,21.8065185546875,61.84455871582031,-1,-1,-1,-1
126,8,573.3489990234375,129.54727172851562,21.71234130859375,61.75205993652344,-1,-1,-1,-1
127,8,572.8699951171875,130.41905212402344,21.47918701171875,61.15101623535156,-1,-1,-1,-1
128,8,572.480712890625,130.97457885742188,21.532958984375,60.87420654296875,-1,-1,-1,-1
129,8,571.8190307617188,131.9150848388672,21.57763671875,60.20832824707031,-1,-1,-1,-1
130,8,571.4119873046875,132.51995849609375,21.73724365234375,59.78849792480469,-1,-1,-1,-1
131,8,570.7307739257812,133.03466796875,22.01629638671875,59.44935607910156,-1,-1,-1,-1
132,8,570.1632080078125,133.21719360351562,22.275390625,59.49200439453125,-1,-1,-1,-1
133,8,569.8385620117188,133.09442138671875,22.1705322265625,59.98583984375,-1,-1,-1,-1
134,8,569.4398803710938,133.05337524414062,22.024658203125,60.37335205078125,-1,-1,-1,-1
135,8,568.5502319335938,132.8587646484375,22.27392578125,61.296844482421875,-1,-1,-1,-1
136,8,567.9888305664062,133.02134704589844,22.40960693359375,61.72578430175781,-1,-1,-1,-1
137,8,566.3372192382812,133.60086059570312,23.07391357421875,61.6263427734375,-1,-1,-1,-1
138,8,565.3737182617188,134.11839294433594,23.40020751953125,61.48797607421875,-1,-1,-1,-1
139,8,564.7735595703125,134.9361572265625,23.34423828125,60.816650390625,-1,-1,-1,-1
140,8,564.2072143554688,135.38253784179688,23.37542724609375,60.63291931152344,-1,-1,-1,-1
141,8,563.6170043945312,135.68492126464844,23.26129150390625,60.521331787109375,-1,-1,-1,-1
142,8,563.1224365234375,135.95655822753906,23.24530029296875,60.513458251953125,-1,-1,-1,-1
143,8,562.4301147460938,135.74452209472656,23.076416015625,60.8529052734375,-1,-1,-1,-1
144,8,561.9984130859375,135.81134033203125,22.66986083984375,61.05738830566406,-1,-1,-1,-1
145,8,561.4678955078125,135.67739868164062,22.43096923828125,61.28465270996094,-1,-1,-1,-1
146,8,561.1790161132812,135.99163818359375,22.4375,61.50816345214844,-1,-1,-1,-1
147,8,560.5916137695312,136.63973999023438,22.15521240234375,61.7379150390625,-1,-1,-1,-1
148,8,560.2268676757812,137.3054962158203,21.8294677734375,61.53045654296875,-1,-1,-1,-1
149,8,559.8528442382812,138.19720458984375,21.4873046875,60.99238586425781,-1,-1,-1,-1
150,8,559.5933227539062,138.77737426757812,21.321533203125,60.84574890136719,-1,-1,-1,-1
151,8,559.3756713867188,139.4636688232422,21.1259765625,60.55531311035156,-1,-1,-1,-1
152,8,559.1788330078125,139.7953643798828,21.07708740234375,60.4078369140625,-1,-1,-1,-1
153,8,558.7959594726562,139.6141357421875,21.24774169921875,61.051239013671875,-1,-1,-1,-1
154,8,558.580322265625,139.636474609375,21.24951171875,61.39076232910156,-1,-1,-1,-1
155,8,557.6138305664062,139.5613555908203,21.6534423828125,61.79339599609375,-1,-1,-1,-1
156,8,557.06689453125,139.43275451660156,21.70550537109375,62.223297119140625,-1,-1,-1,-1
157,8,556.4736938476562,140.32310485839844,21.39044189453125,60.975982666015625,-1,-1,-1,-1
158,8,556.1287231445312,140.7262725830078,21.0013427734375,60.65190124511719,-1,-1,-1,-1
159,8,555.1358642578125,141.145751953125,21.10626220703125,61.18937683105469,-1,-1,-1,-1
160,8,554.032470703125,141.1919403076172,21.43536376953125,62.305023193359375,-1,-1,-1,-1
161,8,550.2374267578125,141.69268798828125,23.00518798828125,69.30213928222656,-1,-1,-1,-1
162,8,549.6121215820312,141.9810028076172,22.7027587890625,68.954833984375,-1,-1,-1,-1
163,8,547.352783203125,142.23184204101562,23.3450927734375,68.26661682128906,-1,-1,-1,-1
164,8,546.8568115234375,142.90811157226562,22.91107177734375,66.76385498046875,-1,-1,-1,-1
165,8,546.0787963867188,141.57432556152344,23.19696044921875,64.21994018554688,-1,-1,-1,-1
166,8,545.3857421875,141.15211486816406,23.27386474609375,62.1876220703125,-1,-1,-1,-1
167,8,543.1119384765625,140.976806640625,24.91973876953125,63.42347717285156,-1,-1,-1,-1
168,8,542.044921875,139.62217712402344,25.72930908203125,64.66683959960938,-1,-1,-1,-1
169,8,540.109375,137.94287109375,27.9801025390625,71.91831970214844,-1,-1,-1,-1
170,8,538.5985717773438,134.41909790039062,29.17608642578125,73.15000915527344,-1,-1,-1,-1
171,8,538.1386108398438,132.63401794433594,27.52996826171875,69.60859680175781,-1,-1,-1,-1
172,8,538.3858032226562,132.8734130859375,27.0567626953125,68.56280517578125,-1,-1,-1,-1
173,8,538.5806274414062,132.9683837890625,27.466064453125,73.36782836914062,-1,-1,-1,-1
174,8,538.7178955078125,132.96620178222656,26.63250732421875,73.74078369140625,-1,-1,-1,-1
175,8,538.7144165039062,132.7270050048828,26.67230224609375,74.78236389160156,-1,-1,-1,-1
176,8,538.8142700195312,132.6204833984375,26.6292724609375,75.57571411132812,-1,-1,-1,-1
177,8,538.461669921875,131.98265075683594,26.5018310546875,77.2711181640625,-1,-1,-1,-1
178,8,537.7825927734375,131.5858154296875,26.9224853515625,78.35107421875,-1,-1,-1,-1
179,8,536.5785522460938,130.4274139404297,28.06280517578125,79.70974731445312,-1,-1,-1,-1
180,8,536.4785766601562,129.8231964111328,27.9036865234375,80.39717102050781,-1,-1,-1,-1
181,8,536.9241333007812,129.05636596679688,28.20184326171875,80.47872924804688,-1,-1,-1,-1
182,8,537.0831298828125,128.64824676513672,28.35711669921875,80.05794525146484,-1,-1,-1,-1
183,8,537.1033325195312,128.3888931274414,29.27911376953125,79.07518768310547,-1,-1,-1,-1
184,8,538.0122680664062,128.3648910522461,29.361328125,76.7868423461914,-1,-1,-1,-1
185,8,541.8578491210938,128.8652801513672,27.21661376953125,69.72648620605469,-1,-1,-1,-1
186,8,542.9446411132812,128.62205505371094,25.9072265625,68.12457275390625,-1,-1,-1,-1
187,8,545.0343627929688,128.4579849243164,24.51495361328125,66.84107208251953,-1,-1,-1,-1
188,8,546.1679077148438,128.25183868408203,23.780517578125,65.93253326416016,-1,-1,-1,-1
189,8,547.3541870117188,127.21871185302734,23.82159423828125,64.1080093383789,-1,-1,-1,-1
190,8,548.0913696289062,126.08853149414062,23.5560302734375,64.3187255859375,-1,-1,-1,-1
191,8,549.2959594726562,125.05657958984375,24.1307373046875,64.20240783691406,-1,-1,-1,-1
192,8,549.6994018554688,125.11359405517578,23.9779052734375,62.96044158935547,-1,-1,-1,-1
193,8,550.4361572265625,125.21121215820312,23.63763427734375,61.952484130859375,-1,-1,-1,-1
194,8,550.9232177734375,125.22161102294922,23.43017578125,61.83094024658203,-1,-1,-1,-1
195,8,551.5955810546875,125.51219940185547,22.99908447265625,60.12468719482422,-1,-1,-1,-1
196,8,552.00634765625,125.21794891357422,22.85003662109375,60.39417266845703,-1,-1,-1,-1
197,8,552.4351196289062,124.49933624267578,22.821533203125,60.651527404785156,-1,-1,-1,-1
198,8,552.6348876953125,123.95635223388672,22.92156982421875,60.88176727294922,-1,-1,-1,-1
199,8,553.0492553710938,123.10457611083984,22.91094970703125,59.506980895996094,-1,-1,-1,-1
200,8,553.4317016601562,121.82899475097656,23.07171630859375,59.902740478515625,-1,-1,-1,-1
135,9,525.0078125,182.8248291015625,24.60931396484375,72.32156372070312,-1,-1,-1,-1
136,9,524.7676391601562,183.02517700195312,25.35137939453125,71.67581176757812,-1,-1,-1,-1
137,9,524.6990966796875,178.8994903564453,26.1988525390625,75.4254150390625,-1,-1,-1,-1
138,9,525.3798828125,181.63833618164062,25.82403564453125,72.18704223632812,-1,-1,-1,-1
139,9,526.2332153320312,182.12742614746094,25.7314453125,70.38078308105469,-1,-1,-1,-1
140,9,526.91845703125,181.89158630371094,25.69598388671875,68.62045288085938,-1,-1,-1,-1
141,9,527.543212890625,182.27658081054688,25.47991943359375,68.0792236328125,-1,-1,-1,-1
142,9,528.0444946289062,182.3634033203125,25.45318603515625,68.09794616699219,-1,-1,-1,-1
143,9,529.0339965820312,182.16949462890625,25.353271484375,67.81842041015625,-1,-1,-1,-1
144,9,529.3217163085938,182.01565551757812,25.85247802734375,67.82627868652344,-1,-1,-1,-1
145,9,529.955322265625,181.48106384277344,27.9534912109375,68.80084228515625,-1,-1,-1,-1
146,9,530.3300170898438,181.3004150390625,28.38189697265625,68.82009887695312,-1,-1,-1,-1
147,9,531.38037109375,181.39974975585938,28.1497802734375,68.06632995605469,-1,-1,-1,-1
148,9,532.2329711914062,180.6627960205078,27.9935302734375,68.62715148925781,-1,-1,-1,-1
149,9,533.800048828125,180.11892700195312,28.02362060546875,68.92927551269531,-1,-1,-1,-1
150,9,534.90185546875,179.72879028320312,27.4708251953125,68.91265869140625,-1,-1,-1,-1
151,9,537.4219970703125,178.96469116210938,25.744140625,68.98893737792969,-1,-1,-1,-1
152,9,538.0292358398438,178.3194122314453,25.72637939453125,69.4759521484375,-1,-1,-1,-1
153,9,538.7393798828125,177.081298828125,26.01861572265625,69.96662902832031,-1,-1,-1,-1
154,9,539.3038940429688,176.88406372070312,25.8896484375,69.57795715332031,-1,-1,-1,-1
155,9,540.4783935546875,177.01992797851562,25.1341552734375,69.04658508300781,-1,-1,-1,-1
156,9,540.8947143554688,176.59095764160156,25.54168701171875,69.57160949707031,-1,-1,-1,-1
157,9,542.1814575195312,177.28836059570312,24.87591552734375,69.21939086914062,-1,-1,-1,-1
158,9,542.7161254882812,177.06210327148438,24.805419921875,69.40483093261719,-1,-1,-1,-1
159,9,543.9240112304688,176.20083618164062,24.35101318359375,69.86793518066406,-1,-1,-1,-1
160,9,544.1708374023438,174.61300659179688,24.91058349609375,70.88143920898438,-1,-1,-1,-1
161,9,544.1119384765625,171.75234985351562,25.896240234375,71.64601135253906,-1,-1,-1,-1
162,9,544.3778076171875,172.53025817871094,26.22210693359375,69.32904052734375,-1,-1,-1,-1
163,9,544.13232421875,169.45208740234375,27.2205810546875,71.95179748535156,-1,-1,-1,-1
164,9,544.1660766601562,169.4061279296875,27.65545654296875,71.82872009277344,-1,-1,-1,-1
165,9,545.257568359375,171.34585571289062,27.308349609375,69.82785034179688,-1,-1,-1,-1
166,9,546.1530151367188,173.0917510986328,27.21087646484375,67.76556396484375,-1,-1,-1,-1
167,9,547.02099609375,172.77127075195312,27.354736328125,68.20362854003906,-1,-1,-1,-1
168,9,547.57861328125,172.8752899169922,27.3697509765625,68.02743530273438,-1,-1,-1,-1
169,9,548.39013671875,170.74853515625,27.75140380859375,70.01004028320312,-1,-1,-1,-1
170,9,548.937744140625,170.03323364257812,27.91217041015625,70.50900268554688,-1,-1,-1,-1
171,9,549.9921875,170.14462280273438,27.7015380859375,69.86947631835938,-1,-1,-1,-1
172,9,550.8096313476562,169.42201232910156,27.51922607421875,70.42066955566406,-1,-1,-1,-1
173,9,552.2807006835938,168.38992309570312,27.03253173828125,70.85066223144531,-1,-1,-1,-1
174,9,553.1481323242188,168.08863830566406,26.5799560546875,70.83375549316406,-1,-1,-1,-1
175,9,555.0648803710938,167.78504943847656,25.3369140625,69.96630859375,-1,-1,-1,-1
176,9,555.7930297851562,167.79266357421875,25.187255859375,69.54110717773438,-1,-1,-1,-1
177,9,557.471923828125,168.43080139160156,24.18341064453125,68.93034362792969,-1,-1,-1,-1
178,9,557.8436279296875,168.65386962890625,24.15740966796875,68.74447631835938,-1,-1,-1,-1
179,9,558.3612060546875,168.6422576904297,24.22247314453125,68.850830078125,-1,-1,-1,-1
180,9,558.9656372070312,168.37725830078125,24.1826171875,69.18959045410156,-1,-1,-1,-1
181,9,559.5159301757812,167.67279052734375,24.40643310546875,68.94831848144531,-1,-1,-1,-1
182,9,559.546875,167.38729858398438,24.7733154296875,68.04071044921875,-1,-1,-1,-1
183,9,559.8050537109375,166.91262817382812,25.080810546875,68.3018798828125,-1,-1,-1,-1
184,9,560.406982421875,166.77474975585938,24.8419189453125,68.37596130371094,-1,-1,-1,-1
185,9,560.6983032226562,166.45004272460938,25.04248046875,68.5791015625,-1,-1,-1,-1
186,9,561.1537475585938,166.42337036132812,24.949951171875,68.30557250976562,-1,-1,-1,-1
187,9,561.5198974609375,166.40432739257812,25.19708251953125,67.94105529785156,-1,-1,-1,-1
188,9,561.8215942382812,166.3400115966797,25.483154296875,67.64080810546875,-1,-1,-1,-1
189,9,562.435546875,166.4588623046875,25.446044921875,66.82756042480469,-1,-1,-1,-1
190,9,562.9955444335938,166.55419921875,25.494384765625,66.27723693847656,-1,-1,-1,-1
191,9,563.7280883789062,166.1334228515625,25.74224853515625,65.97955322265625,-1,-1,-1,-1
192,9,564.3704833984375,165.45114135742188,25.63385009765625,65.87347412109375,-1,-1,-1,-1
193,9,565.2998046875,163.91983032226562,25.334228515625,65.84242248535156,-1,-1,-1,-1
194,9,565.5824584960938,162.9656982421875,25.39569091796875,66.82241821289062,-1,-1,-1,-1
195,9,565.8042602539062,162.30206298828125,25.6793212890625,67.43377685546875,-1,-1,-1,-1
196,9,566.025146484375,162.28367614746094,25.76318359375,67.52778625488281,-1,-1,-1,-1
197,9,566.7129516601562,162.23451232910156,25.50390625,66.9630126953125,-1,-1,-1,-1
198,9,567.0732421875,162.08680725097656,25.44622802734375,66.66355895996094,-1,-1,-1,-1
199,9,567.6889038085938,162.1786651611328,24.94757080078125,66.30743408203125,-1,-1,-1,-1
200,9,567.81298828125,162.02842712402344,24.87896728515625,66.52389526367188,-1,-1,-1,-1
185,10,532.7388916015625,145.11769104003906,22.2237548828125,66.38165283203125,-1,-1,-1,-1
186,10,532.4996337890625,144.9734344482422,22.24169921875,66.22406005859375,-1,-1,-1,-1
187,10,531.1285400390625,145.65184020996094,22.3780517578125,66.5048828125,-1,-1,-1,-1
188,10,530.226318359375,146.3194122314453,22.49365234375,65.9097900390625,-1,-1,-1,-1
189,10,528.8399658203125,148.49459838867188,22.12115478515625,63.975555419921875,-1,-1,-1,-1
190,10,528.6412963867188,148.881591796875,21.7677001953125,64.25956726074219,-1,-1,-1,-1
191,10,528.2022094726562,149.712158203125,21.5194091796875,63.410247802734375,-1,-1,-1,-1
192,10,527.7078857421875,149.9785919189453,21.660888671875,63.405609130859375,-1,-1,-1,-1
193,10,526.9691162109375,150.46588134765625,22.02099609375,63.66065979003906,-1,-1,-1,-1
194,10,526.3013916015625,150.39344787597656,22.40631103515625,64.36944580078125,-1,-1,-1,-1
195,10,525.3609008789062,150.12501525878906,22.67889404296875,65.32087707519531,-1,-1,-1,-1
196,10,524.4249267578125,150.09925842285156,23.12384033203125,65.95205688476562,-1,-1,-1,-1
197,10,522.9293212890625,150.73158264160156,23.5076904296875,65.76945495605469,-1,-1,-1,-1
198,10,522.2886962890625,151.10134887695312,23.5235595703125,65.67520141601562,-1,-1,-1,-1
199,10,521.3281860351562,152.19879150390625,23.7930908203125,64.79719543457031,-1,-1,-1,-1
200,10,520.7210693359375,153.28546142578125,24.0020751953125,63.9208984375,-1,-1,-1,-1
186,11,601.65380859375,94.16893005371094,10.3912353515625,26.545082092285156,-1,-1,-1,-1
