1,1,5.864276885986328,379.402099609375,33.48880386352539,95.18557739257812,-1,-1,-1,-1
2,1,5.461003303527832,380.62628173828125,33.701300621032715,95.14404296875,-1,-1,-1,-1
3,1,4.063300848007202,381.6540832519531,34.54726433753967,94.11602783203125,-1,-1,-1,-1
4,1,2.286041259765625,383.4880065917969,33.884403228759766,91.61691284179688,-1,-1,-1,-1
5,1,1.0,384.13763427734375,32.73538398742676,93.92236328125,-1,-1,-1,-1
6,1,1.0,382.9978942871094,31.947471618652344,99.00210571289062,-1,-1,-1,-1
7,1,1.0,382.7236022949219,30.583385467529297,99.27639770507812,-1,-1,-1,-1
8,1,1.0,383.01995849609375,30.069917678833008,98.98004150390625,-1,-1,-1,-1
9,1,1.0,382.7270202636719,29.47968101501465,99.27297973632812,-1,-1,-1,-1
10,1,1.0,382.5213928222656,29.120487213134766,99.47860717773438,-1,-1,-1,-1
1,2,55.644195556640625,344.47705078125,36.813819885253906,95.0916748046875,-1,-1,-1,-1
2,2,55.10066604614258,345.6737060546875,36.6923713684082,94.29129028320312,-1,-1,-1,-1
3,2,50.9884033203125,346.5750732421875,39.32280731201172,95.34613037109375,-1,-1,-1,-1
4,2,50.11638641357422,347.0765686035156,39.45732879638672,95.3055419921875,-1,-1,-1,-1
5,2,47.52125549316406,349.22747802734375,39.181617736816406,94.99322509765625,-1,-1,-1,-1
6,2,46.67780303955078,350.42828369140625,38.71147155761719,93.65194702148438,-1,-1,-1,-1
7,2,43.90876388549805,351.81451416015625,39.12160873413086,93.25411987304688,-1,-1,-1,-1
8,2,42.902835845947266,352.2884521484375,38.26961135864258,93.57620239257812,-1,-1,-1,-1
9,2,40.16023635864258,352.89453125,37.6873893737793,93.64279174804688,-1,-1,-1,-1
10,2,38.012088775634766,352.7070617675781,37.046573638916016,94.36614990234375,-1,-1,-1,-1
11,2,31.58020782470703,352.2257385253906,39.13311004638672,95.69131469726562,-1,-1,-1,-1
12,2,30.597000122070312,351.39678955078125,39.137351989746094,96.72689819335938,-1,-1,-1,-1
13,2,24.28486442565918,352.7515869140625,41.80364418029785,97.05999755859375,-1,-1,-1,-1
14,2,22.182491302490234,354.2676696777344,43.17662811279297,95.60934448242188,-1,-1,-1,-1
15,2,17.46596336364746,356.1160888671875,45.58874320983887,95.9801025390625,-1,-1,-1,-1
16,2,17.82903289794922,357.86566162109375,44.36611557006836,94.01171875,-1,-1,-1,-1
17,2,15.05141830444336,357.4700927734375,44.747737884521484,94.27789306640625,-1,-1,-1,-1
18,2,13.283248901367188,357.59613037109375,43.73527908325195,95.871337890625,-1,-1,-1,-1
19,2,9.220696449279785,358.0773620605469,43.2190580368042,96.48260498046875,-1,-1,-1,-1
20,2,8.524312019348145,358.4287414550781,41.81681728363037,96.322509765625,-1,-1,-1,-1
21,2,6.369760513305664,358.59906005859375,40.40057945251465,97.09860229492188,-1,-1,-1,-1
22,2,5.31944465637207,358.6624450683594,40.44073677062988,97.9591064453125,-1,-1,-1,-1
23,2,2.6392014026641846,360.0952453613281,39.59659266471863,100.2867431640625,-1,-1,-1,-1
24,2,1.0,361.59124755859375,39.74583435058594,100.26376342773438,-1,-1,-1,-1
25,2,1.0,364.2726135253906,36.70909118652344,100.44253540039062,-1,-1,-1,-1
26,2,1.0,366.2555847167969,34.7425422668457,97.40701293945312,-1,-1,-1,-1
27,2,1.0,367.266845703125,33.22211456298828,97.84652709960938,-1,-1,-1,-1
28,2,1.0,366.91424560546875,31.699033737182617,98.42880249023438,-1,-1,-1,-1
29,2,1.0,366.08746337890625,28.281526565551758,99.8165283203125,-1,-1,-1,-1
30,2,1.0,366.07550048828125,25.91122817993164,99.58831787109375,-1,-1,-1,-1
31,2,1.0,366.9774475097656,25.345352172851562,98.81430053710938,-1,-1,-1,-1
32,2,1.0,369.050537109375,23.70328712463379,97.09310913085938,-1,-1,-1,-1
1,3,297.8614501953125,217.2196044921875,28.471771240234375,74.03070068359375,-1,-1,-1,-1
2,3,297.38385009765625,217.67271423339844,28.8818359375,73.82289123535156,-1,-1,-1,-1
3,3,296.6613464355469,217.72100830078125,29.141632080078125,74.2547607421875,-1,-1,-1,-1
4,3,296.1827697753906,217.89285278320312,29.237640380859375,74.2762451171875,-1,-1,-1,-1
5,3,295.625,218.1712646484375,28.664154052734375,74.17938232421875,-1,-1,-1,-1
6,3,294.9273681640625,218.73397827148438,28.5716552734375,73.47036743164062,-1,-1,-1,-1
7,3,293.5068359375,219.36643981933594,28.504150390625,72.24583435058594,-1,-1,-1,-1
8,3,292.8431701660156,219.69427490234375,28.210662841796875,71.77163696289062,-1,-1,-1,-1
9,3,292.05096435546875,219.7793731689453,27.39764404296875,71.62132263183594,-1,-1,-1,-1
10,3,291.25592041015625,219.89649963378906,27.458587646484375,71.85673522949219,-1,-1,-1,-1
11,3,290.4562683105469,219.8527374267578,27.520111083984375,72.39237976074219,-1,-1,-1,-1
12,3,289.5175476074219,219.8552703857422,27.879791259765625,73.16331481933594,-1,-1,-1,-1
13,3,288.8853759765625,219.7672119140625,28.101593017578125,74.98214721679688,-1,-1,-1,-1
14,3,288.5205383300781,220.11903381347656,27.964141845703125,75.22471618652344,-1,-1,-1,-1
15,3,287.9299011230469,220.7748260498047,28.01959228515625,75.41459655761719,-1,-1,-1,-1
16,3,287.47076416015625,221.21630859375,28.001953125,75.79257202148438,-1,-1,-1,-1
17,3,286.8133239746094,221.97134399414062,27.882904052734375,75.61541748046875,-1,-1,-1,-1
18,3,286.4564208984375,222.47023010253906,27.554931640625,75.57911682128906,-1,-1,-1,-1
19,3,286.1483154296875,222.9818115234375,27.243194580078125,75.36569213867188,-1,-1,-1,-1
20,3,285.66107177734375,223.38180541992188,27.15948486328125,75.0040283203125,-1,-1,-1,-1
21,3,285.2962341308594,223.3671417236328,26.872283935546875,74.98747253417969,-1,-1,-1,-1
22,3,284.5665283203125,223.38035583496094,27.170379638671875,75.16700744628906,-1,-1,-1,-1
23,3,283.8320007324219,223.155517578125,27.41937255859375,75.51956176757812,-1,-1,-1,-1
24,3,283.2767639160156,223.1540069580078,27.5440673828125,75.66609191894531,-1,-1,-1,-1
25,3,282.10577392578125,223.7126922607422,28.078460693359375,76.22801208496094,-1,-1,-1,-1
26,3,281.28466796875,224.07223510742188,28.543731689453125,76.47207641601562,-1,-1,-1,-1
27,3,280.866455078125,224.68614196777344,28.694854736328125,76.48127746582031,-1,-1,-1,-1
28,3,280.6106262207031,225.177978515625,28.764068603515625,76.55340576171875,-1,-1,-1,-1
29,3,279.98809814453125,225.7135467529297,28.77886962890625,76.73912048339844,-1,-1,-1,-1
30,3,279.45050048828125,226.35731506347656,28.85693359375,76.47636413574219,-1,-1,-1,-1
31,3,278.8337707519531,227.32505798339844,28.565093994140625,75.79856872558594,-1,-1,-1,-1
32,3,278.5109558105469,227.90342712402344,28.558746337890625,75.50965881347656,-1,-1,-1,-1
33,3,277.7544250488281,228.07867431640625,28.6607666015625,75.53924560546875,-1,-1,-1,-1
34,3,277.3181457519531,228.1278076171875,28.76690673828125,75.49465942382812,-1,-1,-1,-1
35,3,277.06683349609375,228.1946563720703,28.651458740234375,75.31837463378906,-1,-1,-1,-1
36,3,276.86822509765625,227.91468811035156,28.60540771484375,75.56581115722656,-1,-1,-1,-1
37,3,276.73114013671875,227.7628936767578,28.81024169921875,75.92994689941406,-1,-1,-1,-1
38,3,276.48846435546875,227.7388153076172,29.043548583984375,76.70692443847656,-1,-1,-1,-1
39,3,276.0453796386719,228.13795471191406,29.185882568359375,78.39527893066406,-1,-1,-1,-1
40,3,275.51904296875,228.26451110839844,29.306976318359375,79.72038269042969,-1,-1,-1,-1
41,3,275.0340881347656,229.19989013671875,28.96038818359375,79.86566162109375,-1,-1,-1,-1
42,3,274.86395263671875,230.05677795410156,28.312286376953125,78.92884826660156,-1,-1,-1,-1
43,3,274.54888916015625,230.94671630859375,27.701904296875,78.23611450195312,-1,-1,-1,-1
44,3,273.9571228027344,231.58140563964844,27.898956298828125,77.92939758300781,-1,-1,-1,-1
45,3,273.49420166015625,232.1079559326172,27.513336181640625,77.73716735839844,-1,-1,-1,-1
46,3,273.1106872558594,232.52796936035156,27.277252197265625,77.48207092285156,-1,-1,-1,-1
47,3,272.1915283203125,232.6625518798828,27.9752197265625,77.97285461425781,-1,-1,-1,-1
48,3,271.5828857421875,232.55624389648438,28.2998046875,78.63983154296875,-1,-1,-1,-1
49,3,270.907470703125,232.74298095703125,28.42510986328125,78.88037109375,-1,-1,-1,-1
50,3,270.6631774902344,232.96632385253906,28.313262939453125,78.84904479980469,-1,-1,-1,-1
51,3,270.05535888671875,232.98715209960938,28.292022705078125,79.39749145507812,-1,-1,-1,-1
52,3,269.631103515625,233.10374450683594,28.538970947265625,79.91682434082031,-1,-1,-1,-1
53,3,269.54913330078125,234.02197265625,28.593536376953125,79.71893310546875,-1,-1,-1,-1
54,3,269.4438171386719,234.97479248046875,28.528594970703125,79.21627807617188,-1,-1,-1,-1
55,3,269.3316955566406,235.94541931152344,28.41802978515625,78.93727111816406,-1,-1,-1,-1
56,3,269.1699523925781,236.98289489746094,28.21978759765625,78.37333679199219,-1,-1,-1,-1
57,3,268.9533996582031,237.8019561767578,28.11383056640625,78.19691467285156,-1,-1,-1,-1
58,3,268.64459228515625,238.0506134033203,28.3753662109375,78.69145202636719,-1,-1,-1,-1
59,3,268.37188720703125,238.29115295410156,28.310302734375,78.82307434082031,-1,-1,-1,-1
60,3,268.1077575683594,238.544677734375,28.308135986328125,78.87728881835938,-1,-1,-1,-1
61,3,268.0137939453125,238.69822692871094,28.301849365234375,79.01924133300781,-1,-1,-1,-1
62,3,268.04345703125,238.67276000976562,28.07305908203125,79.02011108398438,-1,-1,-1,-1
63,3,267.95098876953125,238.00634765625,28.003753662109375,79.52627563476562,-1,-1,-1,-1
64,3,267.852783203125,237.62612915039062,28.458709716796875,80.34939575195312,-1,-1,-1,-1
65,3,267.5501708984375,237.6084442138672,29.238067626953125,81.06764221191406,-1,-1,-1,-1
66,3,267.0296325683594,237.93833923339844,29.7998046875,81.44355773925781,-1,-1,-1,-1
67,3,266.72100830078125,238.22328186035156,30.11004638671875,81.83778381347656,-1,-1,-1,-1
68,3,266.2341613769531,239.27621459960938,30.12750244140625,81.1650390625,-1,-1,-1,-1
69,3,266.15789794921875,240.4156951904297,29.851959228515625,80.37776184082031,-1,-1,-1,-1
70,3,265.8403625488281,241.60630798339844,30.0848388671875,79.72074890136719,-1,-1,-1,-1
71,3,265.63739013671875,242.4415283203125,30.929595947265625,79.8306884765625,-1,-1,-1,-1
72,3,265.6241760253906,242.36227416992188,30.742523193359375,79.98016357421875,-1,-1,-1,-1
73,3,264.950927734375,242.22650146484375,29.91107177734375,80.61126708984375,-1,-1,-1,-1
74,3,264.6880187988281,242.03799438476562,29.80780029296875,81.13473510742188,-1,-1,-1,-1
75,3,264.1515808105469,239.89996337890625,31.002471923828125,83.54092407226562,-1,-1,-1,-1
76,3,263.1341247558594,240.43069458007812,30.1348876953125,83.34408569335938,-1,-1,-1,-1
77,3,262.1509704589844,240.5425262451172,29.673095703125,83.71366882324219,-1,-1,-1,-1
78,3,261.26605224609375,237.01705932617188,30.73944091796875,87.59771728515625,-1,-1,-1,-1
79,3,259.72930908203125,234.69241333007812,31.80731201171875,91.23220825195312,-1,-1,-1,-1
80,3,258.4618225097656,233.98219299316406,32.706451416015625,92.73915100097656,-1,-1,-1,-1
81,3,257.3531188964844,234.53990173339844,32.841033935546875,92.82887268066406,-1,-1,-1,-1
82,3,256.76177978515625,234.1674346923828,32.800872802734375,93.90931701660156,-1,-1,-1,-1
83,3,256.3946075439453,234.4405059814453,31.929519653320312,94.11973571777344,-1,-1,-1,-1
84,3,255.98133850097656,235.57225036621094,30.896255493164062,93.26066589355469,-1,-1,-1,-1
85,3,255.16856384277344,236.55734252929688,30.064651489257812,92.31411743164062,-1,-1,-1,-1
86,3,254.46885681152344,235.2982635498047,29.921401977539062,94.11744689941406,-1,-1,-1,-1
87,3,253.0381317138672,234.89761352539062,29.371932983398438,94.62017822265625,-1,-1,-1,-1
88,3,252.34304809570312,235.09449768066406,29.616851806640625,94.82112121582031,-1,-1,-1,-1
89,3,250.6982879638672,236.36451721191406,30.181442260742188,94.00047302246094,-1,-1,-1,-1
90,3,249.57476806640625,236.96629333496094,30.305633544921875,92.96305847167969,-1,-1,-1,-1
91,3,243.2611083984375,236.51663208007812,35.231964111328125,93.89675903320312,-1,-1,-1,-1
92,3,243.33639526367188,240.22360229492188,34.518585205078125,89.34640502929688,-1,-1,-1,-1
93,3,243.6568145751953,243.90164184570312,32.73265075683594,86.605224609375,-1,-1,-1,-1
94,3,246.8758087158203,247.1748504638672,29.609024047851562,84.07704162597656,-1,-1,-1,-1
95,3,247.78802490234375,247.1234588623047,28.39031982421875,85.72294616699219,-1,-1,-1,-1
96,3,247.73582458496094,247.39608764648438,27.825485229492188,86.5306396484375,-1,-1,-1,-1
97,3,246.2640838623047,247.2789764404297,28.553512573242188,87.45405578613281,-1,-1,-1,-1
98,3,246.02471923828125,248.3850555419922,27.931854248046875,86.92298889160156,-1,-1,-1,-1
99,3,245.3925323486328,248.785400390625,28.153610229492188,86.65420532226562,-1,-1,-1,-1
100,3,244.84925842285156,249.41526794433594,28.258163452148438,86.13966369628906,-1,-1,-1,-1
101,3,245.12734985351562,250.75332641601562,27.1617431640625,84.86038208007812,-1,-1,-1,-1
102,3,244.6557159423828,251.41712951660156,26.904373168945312,84.29158020019531,-1,-1,-1,-1
103,3,243.67926025390625,252.0979461669922,26.93060302734375,83.65022277832031,-1,-1,-1,-1
104,3,242.48667907714844,252.79351806640625,27.750991821289062,83.3687744140625,-1,-1,-1,-1
105,3,240.71351623535156,253.47630310058594,28.981155395507812,84.00245666503906,-1,-1,-1,-1
106,3,239.69091796875,253.9309844970703,29.834930419921875,83.68431091308594,-1,-1,-1,-1
107,3,238.7913360595703,254.06980895996094,30.144271850585938,83.60765075683594,-1,-1,-1,-1
108,3,238.1085968017578,254.826171875,30.478439331054688,83.156982421875,-1,-1,-1,-1
109,3,237.43325805664062,255.50119018554688,30.437652587890625,82.3048095703125,-1,-1,-1,-1
110,3,237.1724853515625,256.1392364501953,30.24603271484375,81.64936828613281,-1,-1,-1,-1
111,3,236.74208068847656,257.9599609375,29.655044555664062,80.38311767578125,-1,-1,-1,-1
112,3,236.51211547851562,258.8409423828125,28.925384521484375,79.68234252929688,-1,-1,-1,-1
113,3,235.17137145996094,259.7248840332031,28.370529174804688,79.42111206054688,-1,-1,-1,-1
114,3,234.41098022460938,259.91595458984375,28.27764892578125,79.71337890625,-1,-1,-1,-1
115,3,233.4287872314453,261.2805480957031,28.000534057617188,78.21658325195312,-1,-1,-1,-1
116,3,232.7563018798828,261.21832275390625,28.129013061523438,78.65328979492188,-1,-1,-1,-1
117,3,231.89923095703125,261.5383605957031,28.121734619140625,78.64691162109375,-1,-1,-1,-1
118,3,231.30384826660156,261.5829162597656,28.609817504882812,79.03756713867188,-1,-1,-1,-1
119,3,230.3509979248047,262.3337097167969,28.679885864257812,79.21499633789062,-1,-1,-1,-1
120,3,229.42446899414062,262.5412292480469,28.97174072265625,80.01101684570312,-1,-1,-1,-1
121,3,228.6571044921875,264.2652587890625,28.927505493164062,79.40908813476562,-1,-1,-1,-1
122,3,227.99095153808594,264.98382568359375,29.2008056640625,79.41546630859375,-1,-1,-1,-1
123,3,227.14389038085938,266.32904052734375,29.475936889648438,78.57894897460938,-1,-1,-1,-1
124,3,226.15313720703125,266.295654296875,29.608734130859375,78.87411499023438,-1,-1,-1,-1
125,3,225.6224822998047,267.14776611328125,29.079330444335938,78.53292846679688,-1,-1,-1,-1
126,3,224.65586853027344,267.4495849609375,28.943359375,79.06231689453125,-1,-1,-1,-1
127,3,224.13229370117188,267.5126953125,28.881698608398438,79.56134033203125,-1,-1,-1,-1
128,3,223.12538146972656,267.61456298828125,29.496261596679688,79.9599609375,-1,-1,-1,-1
129,3,222.05752563476562,267.1794738769531,29.587631225585938,80.825927734375,-1,-1,-1,-1
130,3,221.74562072753906,267.1919250488281,29.554244995117188,80.73709106445312,-1,-1,-1,-1
131,3,221.4946746826172,267.1544189453125,29.310531616210938,81.0499267578125,-1,-1,-1,-1
132,3,221.02784729003906,267.24102783203125,29.5509033203125,81.44903564453125,-1,-1,-1,-1
133,3,220.64149475097656,268.9052734375,29.4525146484375,80.54385375976562,-1,-1,-1,-1
134,3,220.4395294189453,269.4146423339844,29.244094848632812,80.734130859375,-1,-1,-1,-1
135,3,220.13153076171875,269.2704162597656,29.205307006835938,81.85888671875,-1,-1,-1,-1
136,3,220.0531768798828,270.1733703613281,28.735107421875,81.70474243164062,-1,-1,-1,-1
137,3,219.70974731445312,270.78326416015625,28.692474365234375,82.0999755859375,-1,-1,-1,-1
138,3,219.57870483398438,271.16522216796875,28.760025024414062,82.697265625,-1,-1,-1,-1
139,3,219.4968719482422,272.11541748046875,28.632339477539062,82.19854736328125,-1,-1,-1,-1
140,3,219.47193908691406,272.6573791503906,28.559524536132812,81.91232299804688,-1,-1,-1,-1
141,3,219.31631469726562,272.93438720703125,28.490829467773438,81.8145751953125,-1,-1,-1,-1
142,3,219.2812042236328,273.1188659667969,28.528594970703125,81.77511596679688,-1,-1,-1,-1
143,3,219.31100463867188,273.1474304199219,28.447402954101562,81.70263671875,-1,-1,-1,-1
144,3,219.2384796142578,272.9313049316406,28.705169677734375,81.93624877929688,-1,-1,-1,-1
145,3,218.83468627929688,273.0895080566406,29.054656982421875,82.4488525390625,-1,-1,-1,-1
146,3,218.3460235595703,273.1615905761719,29.817825317382812,83.8818359375,-1,-1,-1,-1
147,3,217.85838317871094,273.5771789550781,29.794952392578125,84.86105346679688,-1,-1,-1,-1
148,3,217.79188537597656,274.0084533691406,29.407455444335938,85.01156616210938,-1,-1,-1,-1
149,3,217.92381286621094,274.96319580078125,28.5009765625,84.49703979492188,-1,-1,-1,-1
150,3,217.95619201660156,275.6530456542969,27.8751220703125,84.11129760742188,-1,-1,-1,-1
151,3,217.76124572753906,276.08172607421875,27.907867431640625,84.34149169921875,-1,-1,-1,-1
152,3,217.63845825195312,276.2461853027344,27.931045532226562,84.83596801757812,-1,-1,-1,-1
153,3,217.61135864257812,276.3843994140625,27.642730712890625,84.9505615234375,-1,-1,-1,-1
154,3,217.30892944335938,276.21832275390625,27.446029663085938,85.12322998046875,-1,-1,-1,-1
155,3,216.86309814453125,276.3916320800781,26.983688354492188,85.08529663085938,-1,-1,-1,-1
156,3,216.2386016845703,277.02069091796875,27.07586669921875,84.7193603515625,-1,-1,-1,-1
157,3,214.9837188720703,276.7596740722656,27.5220947265625,85.1395263671875,-1,-1,-1,-1
158,3,213.5746612548828,276.6902160644531,28.431686401367188,85.53945922851562,-1,-1,-1,-1
159,3,211.69482421875,277.2261657714844,29.493072509765625,86.2001953125,-1,-1,-1,-1
160,3,210.28839111328125,277.96075439453125,30.72113037109375,86.4644775390625,-1,-1,-1,-1
161,3,209.18809509277344,279.0008850097656,32.250823974609375,86.19955444335938,-1,-1,-1,-1
162,3,208.3470001220703,280.42205810546875,32.49072265625,85.10964965820312,-1,-1,-1,-1
163,3,206.2215576171875,282.52520751953125,33.74150085449219,84.1859130859375,-1,-1,-1,-1
164,3,206.14804077148438,283.1365051269531,33.40293884277344,83.83480834960938,-1,-1,-1,-1
165,3,205.15501403808594,283.3369140625,33.350738525390625,84.24136352539062,-1,-1,-1,-1
166,3,204.4178466796875,283.49432373046875,34.025665283203125,84.24560546875,-1,-1,-1,-1
167,3,202.417236328125,284.61273193359375,32.44349670410156,82.76641845703125,-1,-1,-1,-1
168,3,201.7972412109375,284.6695251464844,32.31971740722656,83.01742553710938,-1,-1,-1,-1
169,3,201.0904541015625,284.3322448730469,31.913360595703125,82.96075439453125,-1,-1,-1,-1
170,3,200.75669860839844,284.3714599609375,31.110824584960938,82.84881591796875,-1,-1,-1,-1
171,3,200.54869079589844,284.3643798828125,29.7308349609375,82.97109985351562,-1,-1,-1,-1
172,3,200.29852294921875,284.62359619140625,29.639556884765625,83.3951416015625,-1,-1,-1,-1
173,3,199.36624145507812,284.8009338378906,29.703826904296875,84.51675415039062,-1,-1,-1,-1
174,3,199.1040802001953,285.0757751464844,29.910308837890625,85.68466186523438,-1,-1,-1,-1
175,3,198.7694854736328,286.11932373046875,29.646255493164062,86.01690673828125,-1,-1,-1,-1
176,3,198.109130859375,286.8472900390625,29.615753173828125,86.7689208984375,-1,-1,-1,-1
177,3,197.56773376464844,287.38531494140625,30.44281005859375,87.92367553710938,-1,-1,-1,-1
178,3,197.1948699951172,287.8893127441406,30.515869140625,88.14349365234375,-1,-1,-1,-1
179,3,196.58306884765625,288.2904052734375,30.344772338867188,87.84457397460938,-1,-1,-1,-1
180,3,196.24008178710938,288.337158203125,30.425003051757812,87.88735961914062,-1,-1,-1,-1
181,3,194.21253967285156,289.06085205078125,31.498626708984375,87.00543212890625,-1,-1,-1,-1
182,3,193.0799560546875,289.4493713378906,32.41035461425781,86.65310668945312,-1,-1,-1,-1
183,3,192.10006713867188,290.1050109863281,32.84690856933594,86.3114013671875,-1,-1,-1,-1
184,3,191.1786346435547,290.59613037109375,33.23876953125,86.537353515625,-1,-1,-1,-1
185,3,189.28089904785156,291.3039245605469,34.5537109375,87.4810791015625,-1,-1,-1,-1
186,3,187.83566284179688,291.65679931640625,35.78532409667969,88.09359741210938,-1,-1,-1,-1
187,3,186.72879028320312,292.1735534667969,35.983917236328125,88.2645263671875,-1,-1,-1,-1
188,3,186.08543395996094,292.6979675292969,35.496337890625,87.79473876953125,-1,-1,-1,-1
189,3,184.7134552001953,293.4571533203125,34.4368896484375,87.904296875,-1,-1,-1,-1
190,3,184.42649841308594,294.0203857421875,33.454193115234375,87.42117309570312,-1,-1,-1,-1
191,3,183.2746124267578,294.99847412109375,33.09678649902344,86.2572021484375,-1,-1,-1,-1
192,3,182.28054809570312,295.9103698730469,32.59892272949219,85.10317993164062,-1,-1,-1,-1
193,3,180.29344177246094,296.36785888671875,31.69708251953125,85.52102661132812,-1,-1,-1,-1
194,3,180.10157775878906,296.55279541015625,31.30572509765625,85.72427368164062,-1,-1,-1,-1
195,3,180.0276641845703,296.6048278808594,30.561065673828125,85.51394653320312,-1,-1,-1,-1
196,3,179.89239501953125,296.7771301269531,30.191055297851562,85.49673461914062,-1,-1,-1,-1
197,3,179.07730102539062,297.0180969238281,29.227401733398438,85.60916137695312,-1,-1,-1,-1
198,3,178.36305236816406,296.8777160644531,29.60675048828125,87.180419921875,-1,-1,-1,-1
199,3,177.19833374023438,299.0585021972656,28.805740356445312,85.72085571289062,-1,-1,-1,-1
200,3,176.35769653320312,299.6433410644531,28.922378540039062,86.30746459960938,-1,-1,-1,-1
1,4,331.2178955078125,210.78509521484375,25.828521728515625,79.49856567382812,-1,-1,-1,-1
2,4,331.2578125,211.27430725097656,25.6363525390625,78.93272399902344,-1,-1,-1,-1
3,4,330.8563537597656,212.8226776123047,25.756378173828125,77.89411926269531,-1,-1,-1,-1
4,4,330.38641357421875,213.10768127441406,26.65045166015625,77.96022033691406,-1,-1,-1,-1
5,4,329.7956848144531,214.81423950195312,26.548065185546875,77.83175659179688,-1,-1,-1,-1
6,4,329.5506591796875,215.27548217773438,26.10479736328125,77.87887573242188,-1,-1,-1,-1
7,4,329.0926513671875,216.1771697998047,25.7159423828125,77.88685607910156,-1,-1,-1,-1
8,4,328.73870849609375,216.55274963378906,25.566162109375,77.93534851074219,-1,-1,-1,-1
9,4,328.1886901855469,217.1447296142578,25.4013671875,78.12953186035156,-1,-1,-1,-1
10,4,327.79815673828125,217.28695678710938,25.39886474609375,77.80795288085938,-1,-1,-1,-1
11,4,326.95233154296875,217.45779418945312,26.3399658203125,78.164306640625,-1,-1,-1,-1
12,4,326.1789855957031,217.41668701171875,26.764190673828125,78.50650024414062,-1,-1,-1,-1
13,4,325.65753173828125,216.51437377929688,27.022674560546875,79.25991821289062,-1,-1,-1,-1
14,4,325.2337341308594,215.82955932617188,27.0811767578125,79.67633056640625,-1,-1,-1,-1
15,4,324.33343505859375,215.5884552001953,27.69635009765625,80.16294860839844,-1,-1,-1,-1
16,4,323.5836486816406,214.5589141845703,28.491180419921875,81.46287536621094,-1,-1,-1,-1
17,4,322.9600830078125,215.1080322265625,29.053436279296875,81.12753295898438,-1,-1,-1,-1
18,4,322.135009765625,212.02609252929688,30.07568359375,84.93954467773438,-1,-1,-1,-1
19,4,321.3763427734375,210.6736297607422,30.871978759765625,86.73002624511719,-1,-1,-1,-1
20,4,321.05316162109375,207.32412719726562,31.3133544921875,90.62484741210938,-1,-1,-1,-1
21,4,321.0169982910156,206.16488647460938,31.11688232421875,91.65554809570312,-1,-1,-1,-1
22,4,321.664794921875,208.10826110839844,29.967498779296875,87.11201477050781,-1,-1,-1,-1
23,4,321.35076904296875,209.03147888183594,29.8739013671875,85.09196472167969,-1,-1,-1,-1
24,4,321.1353454589844,209.43438720703125,29.674102783203125,84.492431640625,-1,-1,-1,-1
25,4,320.5208740234375,209.3495330810547,29.594268798828125,86.97611999511719,-1,-1,-1,-1
26,4,319.54498291015625,209.5309600830078,29.734954833984375,89.85722351074219,-1,-1,-1,-1
27,4,318.82269287109375,207.35093688964844,29.935272216796875,94.06651306152344,-1,-1,-1,-1
28,4,318.69757080078125,207.25634765625,29.792510986328125,94.847900390625,-1,-1,-1,-1
29,4,318.073486328125,205.72763061523438,30.248687744140625,96.7821044921875,-1,-1,-1,-1
30,4,317.74407958984375,205.70225524902344,30.341552734375,97.14210510253906,-1,-1,-1,-1
31,4,317.23468017578125,207.13348388671875,29.92840576171875,94.62115478515625,-1,-1,-1,-1
32,4,316.54132080078125,209.63946533203125,29.499847412109375,92.88467407226562,-1,-1,-1,-1
33,4,315.7413330078125,212.67955017089844,28.884521484375,90.44581604003906,-1,-1,-1,-1
34,4,315.39227294921875,213.1323699951172,28.438232421875,91.77311706542969,-1,-1,-1,-1
35,4,315.19097900390625,212.04458618164062,28.029296875,94.33029174804688,-1,-1,-1,-1
36,4,315.0637512207031,212.15029907226562,27.84613037109375,95.18524169921875,-1,-1,-1,-1
37,4,314.3644714355469,211.35389709472656,28.824920654296875,96.35249328613281,-1,-1,-1,-1
38,4,314.12286376953125,211.2266387939453,29.095458984375,96.39091491699219,-1,-1,-1,-1
39,4,313.6620788574219,211.93359375,29.321136474609375,96.16470336914062,-1,-1,-1,-1
40,4,313.56884765625,210.9925994873047,29.66375732421875,96.77677917480469,-1,-1,-1,-1
41,4,313.1580810546875,210.6419677734375,30.02783203125,97.06082153320312,-1,-1,-1,-1
42,4,313.3021240234375,210.7154083251953,29.652862548828125,93.53932189941406,-1,-1,-1,-1
43,4,313.3930358886719,210.28656005859375,29.131866455078125,88.1405029296875,-1,-1,-1,-1
44,4,313.45501708984375,209.6743927001953,28.983001708984375,86.64961242675781,-1,-1,-1,-1
45,4,313.4566345214844,211.21888732910156,28.083709716796875,82.90864562988281,-1,-1,-1,-1
46,4,312.936279296875,212.0075225830078,27.884521484375,81.11387634277344,-1,-1,-1,-1
47,4,310.5463562011719,215.8845977783203,28.798065185546875,80.61149597167969,-1,-1,-1,-1
48,4,308.7076416015625,216.19631958007812,30.015411376953125,83.80868530273438,-1,-1,-1,-1
49,4,306.3673400878906,216.5026092529297,30.295867919921875,89.88243103027344,-1,-1,-1,-1
50,4,306.1047058105469,217.97560119628906,29.790679931640625,91.69422912597656,-1,-1,-1,-1
51,4,305.0563049316406,218.3166046142578,29.953826904296875,93.55125427246094,-1,-1,-1,-1
52,4,304.54791259765625,219.14849853515625,29.68316650390625,93.05026245117188,-1,-1,-1,-1
53,4,303.36883544921875,220.90235900878906,29.62713623046875,94.24256896972656,-1,-1,-1,-1
54,4,302.23431396484375,221.5909423828125,29.630096435546875,94.59140014648438,-1,-1,-1,-1
55,4,301.5053405761719,223.77285766601562,29.33990478515625,92.82757568359375,-1,-1,-1,-1
56,4,300.8445129394531,224.74388122558594,29.38970947265625,92.62403869628906,-1,-1,-1,-1
57,4,299.66949462890625,222.091552734375,30.103729248046875,96.08056640625,-1,-1,-1,-1
58,4,299.70562744140625,223.15267944335938,29.65740966796875,95.18270874023438,-1,-1,-1,-1
59,4,299.5758972167969,224.3336944580078,29.099273681640625,94.29045104980469,-1,-1,-1,-1
60,4,299.380859375,224.77935791015625,28.298919677734375,94.1676025390625,-1,-1,-1,-1
61,4,299.24737548828125,229.65234375,27.605133056640625,89.99313354492188,-1,-1,-1,-1
62,4,299.1663513183594,233.9982147216797,27.26959228515625,85.43888854980469,-1,-1,-1,-1
63,4,298.1474609375,234.39920043945312,27.89630126953125,84.88229370117188,-1,-1,-1,-1
64,4,297.1634826660156,234.8201141357422,28.190582275390625,85.08879089355469,-1,-1,-1,-1
65,4,295.2090759277344,235.5186004638672,29.516082763671875,84.73274230957031,-1,-1,-1,-1
66,4,294.576171875,236.27024841308594,29.60888671875,83.96339416503906,-1,-1,-1,-1
67,4,294.25335693359375,237.0266571044922,29.3829345703125,83.03224182128906,-1,-1,-1,-1
68,4,294.7679138183594,238.30380249023438,28.260955810546875,81.34530639648438,-1,-1,-1,-1
69,4,293.9681396484375,238.41754150390625,28.3365478515625,81.68524169921875,-1,-1,-1,-1
70,4,293.6659240722656,239.0508270263672,27.747344970703125,81.07310485839844,-1,-1,-1,-1
71,4,292.5932312011719,239.24830627441406,27.7125244140625,81.18791198730469,-1,-1,-1,-1
72,4,292.25921630859375,239.70774841308594,27.462738037109375,80.82890319824219,-1,-1,-1,-1
73,4,291.643798828125,240.02366638183594,27.182220458984375,81.28038024902344,-1,-1,-1,-1
74,4,291.4176940917969,240.42950439453125,26.799468994140625,81.66830444335938,-1,-1,-1,-1
75,4,291.3316650390625,240.43023681640625,25.92657470703125,82.47576904296875,-1,-1,-1,-1
76,4,290.92974853515625,240.12705993652344,25.9849853515625,83.74140930175781,-1,-1,-1,-1
77,4,291.2137451171875,241.3695831298828,25.066802978515625,82.96430969238281,-1,-1,-1,-1
78,4,291.04241943359375,241.71876525878906,25.181671142578125,82.82780456542969,-1,-1,-1,-1
79,4,290.85687255859375,242.49685668945312,25.57257080078125,82.989501953125,-1,-1,-1,-1
80,4,290.2512512207031,242.9482879638672,26.171966552734375,83.47221374511719,-1,-1,-1,-1
81,4,289.8929748535156,243.21041870117188,26.32965087890625,83.5675048828125,-1,-1,-1,-1
82,4,289.6883850097656,243.46804809570312,26.331939697265625,83.52084350585938,-1,-1,-1,-1
83,4,289.3731994628906,243.5817413330078,26.21136474609375,83.27665710449219,-1,-1,-1,-1
84,4,289.1185302734375,243.52670288085938,26.287445068359375,83.45486450195312,-1,-1,-1,-1
85,4,288.1979675292969,243.646484375,26.930816650390625,83.72543334960938,-1,-1,-1,-1
86,4,287.8380126953125,243.7102813720703,27.3331298828125,83.87208557128906,-1,-1,-1,-1
87,4,287.445068359375,244.30299377441406,27.4071044921875,83.58403015136719,-1,-1,-1,-1
88,4,286.8968811035156,244.613525390625,27.50146484375,83.52752685546875,-1,-1,-1,-1
89,4,285.890625,245.17478942871094,27.880218505859375,83.32212829589844,-1,-1,-1,-1
90,4,284.96160888671875,245.79212951660156,28.586090087890625,83.03025817871094,-1,-1,-1,-1
91,4,283.958740234375,247.1532440185547,28.9581298828125,82.54652404785156,-1,-1,-1,-1
92,4,283.50531005859375,248.2401123046875,28.76934814453125,82.12026977539062,-1,-1,-1,-1
93,4,282.41436767578125,248.7615966796875,29.4443359375,82.49053955078125,-1,-1,-1,-1
94,4,281.8154602050781,249.48452758789062,29.186309814453125,82.355224609375,-1,-1,-1,-1
95,4,280.7136535644531,250.00624084472656,28.948577880859375,82.05287170410156,-1,-1,-1,-1
96,4,280.46759033203125,250.2075653076172,28.145782470703125,82.05021667480469,-1,-1,-1,-1
97,4,279.5316162109375,249.93698120117188,27.971893310546875,82.84515380859375,-1,-1,-1,-1
98,4,279.3411560058594,250.0638427734375,27.283599853515625,83.028564453125,-1,-1,-1,-1
99,4,278.7438049316406,250.30128479003906,26.792999267578125,83.31837463378906,-1,-1,-1,-1
100,4,278.2074279785156,250.7456817626953,27.13555908203125,83.31602478027344,-1,-1,-1,-1
101,4,277.259521484375,252.0462188720703,26.911773681640625,83.79560852050781,-1,-1,-1,-1
102,4,276.5529479980469,252.77394104003906,27.346527099609375,83.95008850097656,-1,-1,-1,-1
103,4,276.2835998535156,253.5132293701172,27.540802001953125,83.76448059082031,-1,-1,-1,-1
104,4,276.0564880371094,254.15170288085938,27.5755615234375,84.04037475585938,-1,-1,-1,-1
105,4,275.8277587890625,254.92747497558594,27.520050048828125,83.48017883300781,-1,-1,-1,-1
106,4,275.3860168457031,255.27035522460938,27.467132568359375,83.30328369140625,-1,-1,-1,-1
107,4,274.9588623046875,255.53211975097656,27.286956787109375,83.06730651855469,-1,-1,-1,-1
108,4,274.33441162109375,255.7076416015625,27.87530517578125,83.14022827148438,-1,-1,-1,-1
109,4,273.93524169921875,255.55116271972656,28.629425048828125,83.41938781738281,-1,-1,-1,-1
110,4,273.6985778808594,255.50364685058594,28.7122802734375,83.77561950683594,-1,-1,-1,-1
111,4,273.5443420410156,255.62950134277344,28.707855224609375,83.75596618652344,-1,-1,-1,-1
112,4,273.2738952636719,255.7600555419922,28.34295654296875,83.93559265136719,-1,-1,-1,-1
113,4,272.30670166015625,256.43896484375,28.086456298828125,83.8115234375,-1,-1,-1,-1
114,4,271.5212097167969,257.1017150878906,28.259002685546875,83.70159912109375,-1,-1,-1,-1
115,4,270.8780517578125,257.5186767578125,27.681793212890625,84.06442260742188,-1,-1,-1,-1
116,4,270.4422302246094,258.084228515625,27.49603271484375,83.92279052734375,-1,-1,-1,-1
117,4,269.7901306152344,258.6826477050781,27.48272705078125,83.82571411132812,-1,-1,-1,-1
118,4,269.1781921386719,258.44671630859375,27.40673828125,84.44577026367188,-1,-1,-1,-1
119,4,267.7955017089844,258.5657958984375,27.84515380859375,85.25924682617188,-1,-1,-1,-1
120,4,267.4715576171875,258.64715576171875,27.505706787109375,85.6954345703125,-1,-1,-1,-1
121,4,266.83441162109375,258.7734069824219,27.059417724609375,85.86724853515625,-1,-1,-1,-1
122,4,266.2621154785156,258.88671875,26.603546142578125,85.75543212890625,-1,-1,-1,-1
123,4,265.15093994140625,259.212158203125,26.339080810546875,85.84564208984375,-1,-1,-1,-1
124,4,264.32708740234375,259.5681457519531,26.851165771484375,85.94497680664062,-1,-1,-1,-1
125,4,263.80816650390625,260.06536865234375,26.550506591796875,87.06259155273438,-1,-1,-1,-1
126,4,263.3160400390625,261.0263366699219,26.48968505859375,86.24111938476562,-1,-1,-1,-1
127,4,262.3055725097656,261.8743896484375,26.659576416015625,85.981689453125,-1,-1,-1,-1
128,4,261.64990234375,262.4867858886719,26.5947265625,85.66537475585938,-1,-1,-1,-1
129,4,260.2080078125,263.4103088378906,27.26373291015625,85.21420288085938,-1,-1,-1,-1
130,4,259.33746337890625,264.2667541503906,27.174652099609375,84.46524047851562,-1,-1,-1,-1
131,4,255.76219177246094,264.6957702636719,29.410781860351562,85.19873046875,-1,-1,-1,-1
132,4,255.39202880859375,265.4508056640625,29.505340576171875,84.36050415039062,-1,-1,-1,-1
133,4,255.04676818847656,265.2722473144531,29.024734497070312,84.69607543945312,-1,-1,-1,-1
134,4,254.57192993164062,264.1759033203125,28.6600341796875,85.8839111328125,-1,-1,-1,-1
135,4,254.11056518554688,264.844970703125,28.451934814453125,85.8192138671875,-1,-1,-1,-1
136,4,253.6699676513672,265.7879333496094,28.327224731445312,85.31521606445312,-1,-1,-1,-1
137,4,252.14520263671875,267.3819580078125,28.736297607421875,84.9556884765625,-1,-1,-1,-1
138,4,251.52410888671875,267.7955017089844,28.70184326171875,85.12179565429688,-1,-1,-1,-1
139,4,249.8478240966797,268.922119140625,29.493820190429688,85.28359985351562,-1,-1,-1,-1
140,4,249.0891571044922,269.720458984375,29.494094848632812,84.87139892578125,-1,-1,-1,-1
141,4,246.60850524902344,269.6618957519531,30.113327026367188,85.47393798828125,-1,-1,-1,-1
142,4,245.99403381347656,269.7946472167969,29.720260620117188,85.197998046875,-1,-1,-1,-1
143,4,243.73516845703125,270.31463623046875,29.482208251953125,85.41262817382812,-1,-1,-1,-1
144,4,243.7902069091797,269.8390197753906,28.333175659179688,85.43045043945312,-1,-1,-1,-1
145,4,243.02870178222656,269.834716796875,27.539932250976562,86.34356689453125,-1,-1,-1,-1
146,4,242.7440643310547,270.08697509765625,26.805099487304688,86.85552978515625,-1,-1,-1,-1
147,4,241.43319702148438,270.9759216308594,27.257720947265625,88.01956176757812,-1,-1,-1,-1
148,4,240.92381286621094,271.3375244140625,27.223464965820312,88.2933349609375,-1,-1,-1,-1
149,4,239.91146850585938,272.0445556640625,26.9078369140625,88.3804931640625,-1,-1,-1,-1
150,4,239.48300170898438,272.3771057128906,26.68316650390625,88.18341064453125,-1,-1,-1,-1
151,4,237.93832397460938,272.60223388671875,27.483062744140625,88.71981811523438,-1,-1,-1,-1
152,4,236.91415405273438,272.7413024902344,27.87799072265625,88.84176635742188,-1,-1,-1,-1
153,4,237.1768341064453,273.7187194824219,26.526748657226562,87.4180908203125,-1,-1,-1,-1
154,4,235.8463897705078,273.6904602050781,27.621231079101562,88.05572509765625,-1,-1,-1,-1
155,4,235.66127014160156,274.4854736328125,27.581710815429688,87.5782470703125,-1,-1,-1,-1
156,4,235.45362854003906,274.6356506347656,27.543899536132812,87.50430297851562,-1,-1,-1,-1
157,4,234.44174194335938,274.56744384765625,28.097991943359375,88.17959594726562,-1,-1,-1,-1
158,4,233.863525390625,274.9635925292969,28.25872802734375,88.131103515625,-1,-1,-1,-1
159,4,233.17042541503906,274.9053649902344,28.440719604492188,88.81533813476562,-1,-1,-1,-1
160,4,232.83656311035156,275.4725646972656,28.294845581054688,88.18179321289062,-1,-1,-1,-1
161,4,232.49607849121094,276.5786437988281,28.089981079101562,87.66903686523438,-1,-1,-1,-1
162,4,232.0117645263672,276.9036865234375,28.005203247070312,88.23190307617188,-1,-1,-1,-1
163,4,230.7533721923828,277.6371154785156,28.621902465820312,88.35140991210938,-1,-1,-1,-1
164,4,229.89138793945312,278.6152038574219,28.88983154296875,88.09555053710938,-1,-1,-1,-1
165,4,229.03677368164062,279.06341552734375,28.824264526367188,88.0919189453125,-1,-1,-1,-1
166,4,228.560791015625,279.63800048828125,28.470474243164062,87.71673583984375,-1,-1,-1,-1
167,4,226.91868591308594,279.6260070800781,28.848617553710938,88.68374633789062,-1,-1,-1,-1
168,4,226.35995483398438,279.3169250488281,28.579452514648438,89.33023071289062,-1,-1,-1,-1
169,4,225.742431640625,278.783935546875,28.690536499023438,90.13040161132812,-1,-1,-1,-1
170,4,225.44677734375,278.51251220703125,27.889907836914062,90.80178833007812,-1,-1,-1,-1
171,4,224.41017150878906,278.4876403808594,27.581863403320312,91.395751953125,-1,-1,-1,-1
172,4,223.69798278808594,278.896484375,27.929290771484375,92.27081298828125,-1,-1,-1,-1
173,4,221.98939514160156,280.45355224609375,27.699554443359375,92.28021240234375,-1,-1,-1,-1
174,4,221.35340881347656,282.08660888671875,27.5753173828125,90.45062255859375,-1,-1,-1,-1
175,4,220.13548278808594,282.1922607421875,27.993453979492188,90.78335571289062,-1,-1,-1,-1
176,4,220.21603393554688,283.2837829589844,27.304794311523438,89.99505615234375,-1,-1,-1,-1
177,4,219.38253784179688,284.6923522949219,27.101577758789062,89.85470581054688,-1,-1,-1,-1
178,4,217.75454711914062,283.6708068847656,28.21368408203125,91.66217041015625,-1,-1,-1,-1
179,4,216.84982299804688,283.92755126953125,28.736312866210938,92.19757080078125,-1,-1,-1,-1
180,4,216.61386108398438,284.1773376464844,28.917861938476562,92.08493041992188,-1,-1,-1,-1
181,4,216.10641479492188,285.150634765625,28.955001831054688,90.94967651367188,-1,-1,-1,-1
182,4,215.16900634765625,285.8330383300781,29.391647338867188,90.25408935546875,-1,-1,-1,-1
183,4,214.02210998535156,286.93756103515625,30.0555419921875,89.11651611328125,-1,-1,-1,-1
184,4,213.17559814453125,286.6180725097656,30.742660522460938,90.25906372070312,-1,-1,-1,-1
185,4,211.55638122558594,288.4417724609375,31.831695556640625,89.00515747070312,-1,-1,-1,-1
186,4,211.4388885498047,289.9981994628906,31.317291259765625,87.296875,-1,-1,-1,-1
187,4,210.80477905273438,290.41339111328125,31.0615234375,87.43966674804688,-1,-1,-1,-1
188,4,210.3135528564453,290.0736389160156,30.7110595703125,88.39425659179688,-1,-1,-1,-1
189,4,208.4673309326172,289.7800598144531,31.601211547851562,89.85946655273438,-1,-1,-1,-1
190,4,207.7904052734375,289.5415344238281,31.421035766601562,90.51626586914062,-1,-1,-1,-1
191,4,206.8118438720703,289.36328125,30.73089599609375,91.3526611328125,-1,-1,-1,-1
192,4,206.05245971679688,289.3758850097656,30.208358764648438,91.88784790039062,-1,-1,-1,-1
193,4,205.4949188232422,289.5291748046875,30.25732421875,92.90869140625,-1,-1,-1,-1
194,4,204.9718780517578,289.6768493652344,29.944656372070312,93.339599609375,-1,-1,-1,-1
195,4,203.36676025390625,290.9003601074219,29.696029663085938,93.04959106445312,-1,-1,-1,-1
196,4,202.17152404785156,291.0335388183594,29.887969970703125,93.59738159179688,-1,-1,-1,-1
197,4,201.8692169189453,291.5390625,28.671966552734375,93.78436279296875,-1,-1,-1,-1
198,4,202.0052947998047,291.39111328125,27.70501708984375,93.75045776367188,-1,-1,-1,-1
199,4,200.54388427734375,291.55029296875,27.692489624023438,94.3466796875,-1,-1,-1,-1
200,4,200.00669860839844,293.5052795410156,27.43927001953125,92.5567626953125,-1,-1,-1,-1
1,5,550.534912109375,100.47554779052734,22.3118896484375,54.711082458496094,-1,-1,-1,-1
2,5,550.4965209960938,99.19010925292969,22.60394287109375,56.093109130859375,-1,-1,-1,-1
3,5,550.6489868164062,98.75341033935547,22.54296875,56.09308624267578,-1,-1,-1,-1
4,5,550.6046142578125,97.47535705566406,23.0611572265625,56.982177734375,-1,-1,-1,-1
5,5,550.41943359375,95.24205017089844,23.788330078125,58.71565246582031,-1,-1,-1,-1
6,5,550.5901489257812,94.99345397949219,23.87158203125,58.59576416015625,-1,-1,-1,-1
7,5,550.7024536132812,96.59779357910156,23.7655029296875,56.81336975097656,-1,-1,-1,-1
8,5,550.4378051757812,95.40393829345703,24.34698486328125,57.832191467285156,-1,-1,-1,-1
9,5,551.0159912109375,97.0202407836914,23.3270263671875,55.945228576660156,-1,-1,-1,-1
10,5,551.0731811523438,97.26986694335938,23.29974365234375,55.35514831542969,-1,-1,-1,-1
11,5,551.1547241210938,97.2575454711914,23.05401611328125,55.00249481201172,-1,-1,-1,-1
12,5,551.51611328125,97.44889068603516,22.58697509765625,54.21845245361328,-1,-1,-1,-1
13,5,551.6823120117188,96.38371276855469,22.52813720703125,54.933074951171875,-1,-1,-1,-1
14,5,552.0635375976562,95.757568359375,22.26165771484375,55.09629821777344,-1,-1,-1,-1
15,5,553.2213745117188,96.40142822265625,21.57684326171875,53.415557861328125,-1,-1,-1,-1
16,5,553.5755004882812,96.22254943847656,21.640869140625,53.43634033203125,-1,-1,-1,-1
17,5,554.101806640625,95.91543579101562,21.69561767578125,53.392913818359375,-1,-1,-1,-1
18,5,554.2981567382812,95.79592895507812,21.8282470703125,53.56040954589844,-1,-1,-1,-1
19,5,554.6751708984375,94.36334991455078,21.9725341796875,54.67308807373047,-1,-1,-1,-1
20,5,555.6661376953125,94.19470977783203,21.53839111328125,54.355308532714844,-1,-1,-1,-1
21,5,556.643310546875,94.08536529541016,21.1676025390625,54.16313934326172,-1,-1,-1,-1
22,5,557.1822509765625,93.57904052734375,21.340576171875,54.572174072265625,-1,-1,-1,-1
23,5,557.817626953125,94.20877838134766,21.24365234375,53.230323791503906,-1,-1,-1,-1
24,5,557.85791015625,93.49666595458984,21.547607421875,53.81188201904297,-1,-1,-1,-1
25,5,558.3992309570312,95.34437561035156,20.9368896484375,51.82220458984375,-1,-1,-1,-1
26,5,558.2955322265625,95.71926879882812,21.3353271484375,51.72016906738281,-1,-1,-1,-1
27,5,558.55126953125,94.78578186035156,21.0771484375,52.564788818359375,-1,-1,-1,-1
28,5,558.7857055664062,94.40252685546875,20.92913818359375,52.966644287109375,-1,-1,-1,-1
29,5,559.0505981445312,95.15411376953125,20.62896728515625,50.6072998046875,-1,-1,-1,-1
30,5,559.0380859375,93.98139190673828,20.94403076171875,51.52806854248047,-1,-1,-1,-1
31,5,559.2749633789062,90.69780731201172,21.053955078125,53.840538024902344,-1,-1,-1,-1
32,5,559.7173461914062,87.0649642944336,21.35797119140625,56.954124450683594,-1,-1,-1,-1
33,5,560.707275390625,80.79945373535156,21.69818115234375,62.81141662597656,-1,-1,-1,-1
34,5,561.8328247070312,83.0029525756836,21.18798828125,60.98723602294922,-1,-1,-1,-1
35,5,562.8273315429688,81.28276824951172,21.2021484375,62.460853576660156,-1,-1,-1,-1
36,5,563.1746826171875,80.05493927001953,21.219482421875,63.54540252685547,-1,-1,-1,-1
37,5,564.1771240234375,85.46656799316406,19.83685302734375,57.960174560546875,-1,-1,-1,-1
38,5,564.1597290039062,84.50225067138672,20.10693359375,59.03154754638672,-1,-1,-1,-1
39,5,564.5982055664062,84.70240783691406,19.8914794921875,58.52372741699219,-1,-1,-1,-1
40,5,564.3259887695312,78.92106628417969,21.35833740234375,63.90185546875,-1,-1,-1,-1
41,5,565.2719116210938,78.23738098144531,21.38153076171875,63.707855224609375,-1,-1,-1,-1
42,5,565.5234375,77.59942626953125,21.5260009765625,64.27949523925781,-1,-1,-1,-1
43,5,565.4525146484375,66.23487091064453,24.19097900390625,73.41016387939453,-1,-1,-1,-1
45,5,565.9119262695312,68.41706085205078,22.81048583984375,71.07747650146484,-1,-1,-1,-1
46,5,565.822509765625,70.38554382324219,23.1019287109375,69.60127258300781,-1,-1,-1,-1
47,5,566.5914306640625,77.99217224121094,21.4285888671875,61.07325744628906,-1,-1,-1,-1
48,5,565.8096313476562,72.00347900390625,23.166748046875,67.41122436523438,-1,-1,-1,-1
49,5,566.1087036132812,67.06250762939453,24.5657958984375,70.1684799194336,-1,-1,-1,-1
50,5,566.806640625,67.52632904052734,24.9757080078125,67.8173599243164,-1,-1,-1,-1
51,5,566.5675048828125,65.98957061767578,24.65850830078125,70.93094635009766,-1,-1,-1,-1
52,5,566.7962036132812,65.21588897705078,25.513427734375,71.47809600830078,-1,-1,-1,-1
53,5,567.270263671875,65.63133239746094,25.0516357421875,70.86264038085938,-1,-1,-1,-1
54,5,567.4854736328125,64.15018081665039,25.2784423828125,72.40682601928711,-1,-1,-1,-1
55,5,568.1909790039062,65.07479858398438,24.841796875,71.29179382324219,-1,-1,-1,-1
56,5,568.9439086914062,67.00405883789062,24.36871337890625,69.31680297851562,-1,-1,-1,-1
57,5,569.1025390625,64.9168815612793,25.72174072265625,71.59125137329102,-1,-1,-1,-1
58,5,569.7108764648438,65.40023803710938,25.397705078125,70.54368591308594,-1,-1,-1,-1
59,5,570.9603881835938,65.97218322753906,24.60321044921875,69.10333251953125,-1,-1,-1,-1
60,5,572.0031127929688,69.66046905517578,23.01922607421875,64.38297271728516,-1,-1,-1,-1
61,5,572.9747924804688,70.94678497314453,22.4110107421875,63.12531280517578,-1,-1,-1,-1
62,5,573.45068359375,70.8678207397461,22.38909912109375,64.03629302978516,-1,-1,-1,-1
1,6,533.56201171875,78.12918853759766,18.79150390625,49.3515625,-1,-1,-1,-1
2,6,533.5001220703125,78.33068084716797,18.81915283203125,49.17955017089844,-1,-1,-1,-1
3,6,533.6458740234375,78.39124298095703,18.92950439453125,49.48719024658203,-1,-1,-1,-1
4,6,534.0146484375,78.72074890136719,19.0599365234375,48.345252990722656,-1,-1,-1,-1
5,6,534.7214965820312,78.5143814086914,19.36981201171875,48.85847473144531,-1,-1,-1,-1
6,6,534.983154296875,78.15306091308594,19.7259521484375,48.62821960449219,-1,-1,-1,-1
7,6,535.719482421875,78.32266235351562,19.45562744140625,47.89812469482422,-1,-1,-1,-1
8,6,535.9075317382812,77.84368896484375,19.21710205078125,47.49799346923828,-1,-1,-1,-1
9,6,536.152587890625,77.59942626953125,18.80706787109375,47.010215759277344,-1,-1,-1,-1
10,6,536.4611206054688,76.88468933105469,19.31402587890625,47.71570587158203,-1,-1,-1,-1
11,6,536.92626953125,76.58348846435547,19.46270751953125,48.04926300048828,-1,-1,-1,-1
12,6,537.2957763671875,76.34876251220703,19.53662109375,47.898643493652344,-1,-1,-1,-1
13,6,538.132568359375,76.7740249633789,19.7042236328125,47.63665771484375,-1,-1,-1,-1
14,6,538.4496459960938,77.15324401855469,19.4007568359375,47.2020263671875,-1,-1,-1,-1
15,6,538.6642456054688,76.9792709350586,19.4375,47.05811309814453,-1,-1,-1,-1
16,6,539.0052490234375,76.82893371582031,19.35809326171875,46.901519775390625,-1,-1,-1,-1
17,6,540.5713500976562,77.31633758544922,19.23553466796875,45.87420654296875,-1,-1,-1,-1
18,6,540.6272583007812,76.8919448852539,19.13726806640625,46.285369873046875,-1,-1,-1,-1
19,6,542.1000366210938,76.82936096191406,18.92138671875,46.02556610107422,-1,-1,-1,-1
20,6,542.8079223632812,76.09147644042969,18.76177978515625,46.48711395263672,-1,-1,-1,-1
21,6,543.1497802734375,75.84042358398438,18.50927734375,45.65009307861328,-1,-1,-1,-1
22,6,543.5548706054688,75.84453582763672,18.135498046875,44.876861572265625,-1,-1,-1,-1
23,6,544.21142578125,76.01105499267578,18.44891357421875,44.36891174316406,-1,-1,-1,-1
24,6,544.5447998046875,76.12791442871094,18.7626953125,43.68244934082031,-1,-1,-1,-1
25,6,544.7942504882812,76.05880737304688,18.96820068359375,44.09429168701172,-1,-1,-1,-1
26,6,545.1455688476562,76.19397735595703,18.72650146484375,44.24540710449219,-1,-1,-1,-1
27,6,545.7105102539062,76.2137680053711,18.2135009765625,44.131378173828125,-1,-1,-1,-1
28,6,546.2589721679688,76.21428680419922,17.8787841796875,43.69719696044922,-1,-1,-1,-1
29,6,546.8963012695312,75.78141784667969,18.22589111328125,44.377830505371094,-1,-1,-1,-1
30,6,547.3087158203125,75.63066864013672,17.7142333984375,44.26972198486328,-1,-1,-1,-1
31,6,548.0625610351562,75.22962951660156,17.45635986328125,44.43836975097656,-1,-1,-1,-1
32,6,548.5392456054688,75.16015625,17.6348876953125,44.87706756591797,-1,-1,-1,-1
33,6,548.8240356445312,74.13715362548828,17.605712890625,46.521583557128906,-1,-1,-1,-1
34,6,549.2070922851562,75.65682983398438,16.94140625,44.880470275878906,-1,-1,-1,-1
35,6,549.3679809570312,76.62873077392578,16.69110107421875,43.87184143066406,-1,-1,-1,-1
36,6,549.6527709960938,76.79871368408203,16.2498779296875,43.08726501464844,-1,-1,-1,-1
37,6,549.7891235351562,76.75592803955078,16.1937255859375,42.84144592285156,-1,-1,-1,-1
38,6,550.2281494140625,77.31977081298828,15.921630859375,41.69178771972656,-1,-1,-1,-1
39,6,550.8331298828125,77.73255157470703,15.2225341796875,41.14991760253906,-1,-1,-1,-1
40,6,551.7632446289062,75.81266784667969,14.90362548828125,43.680328369140625,-1,-1,-1,-1
41,6,552.1740112304688,76.32271575927734,15.13134765625,41.960365295410156,-1,-1,-1,-1
42,6,552.3680419921875,76.09254455566406,15.501953125,42.03569793701172,-1,-1,-1,-1
43,6,553.3539428710938,74.657958984375,15.56195068359375,43.10078430175781,-1,-1,-1,-1
45,6,554.1817626953125,74.85993957519531,15.8798828125,43.19530487060547,-1,-1,-1,-1
46,6,554.073974609375,74.80419921875,16.15673828125,43.389976501464844,-1,-1,-1,-1
47,6,553.92236328125,74.25475311279297,16.05963134765625,43.72373962402344,-1,-1,-1,-1
48,6,554.0597534179688,74.84998321533203,15.9912109375,42.70452117919922,-1,-1,-1,-1
49,6,555.9269409179688,72.75115966796875,15.7291259765625,45.578224182128906,-1,-1,-1,-1
50,6,556.0424194335938,75.3012466430664,15.68707275390625,41.894691467285156,-1,-1,-1,-1
53,6,556.6670532226562,71.7907485961914,14.6044921875,44.96446228027344,-1,-1,-1,-1
59,6,557.018798828125,69.7413558959961,16.743896484375,45.660179138183594,-1,-1,-1,-1
76,7,607.5071411132812,79.90494537353516,19.36187744140625,54.87078094482422,-1,-1,-1,-1
76,8,579.8643798828125,74.05870056152344,20.68902587890625,55.94346618652344,-1,-1,-1,-1
77,8,580.7266845703125,74.87089538574219,20.48101806640625,54.979530334472656,-1,-1,-1,-1
78,8,581.3477783203125,76.09880828857422,20.43524169921875,55.094688415527344,-1,-1,-1,-1
79,8,582.4660034179688,76.32510375976562,19.82330322265625,53.74113464355469,-1,-1,-1,-1
80,8,582.8897705078125,76.4541244506836,19.23309326171875,52.26270294189453,-1,-1,-1,-1
81,8,583.2072143554688,78.2630615234375,17.984130859375,50.017860412597656,-1,-1,-1,-1
82,8,583.8546752929688,78.36968231201172,18.4583740234375,49.706459045410156,-1,-1,-1,-1
95,9,231.94544982910156,238.9388427734375,27.942306518554688,80.99447631835938,-1,-1,-1,-1
96,9,232.0331573486328,239.02490234375,27.679519653320312,81.77459716796875,-1,-1,-1,-1
97,9,229.9864044189453,238.46803283691406,28.172897338867188,82.02845764160156,-1,-1,-1,-1
98,9,229.8809814453125,238.0209503173828,28.42242431640625,82.68690490722656,-1,-1,-1,-1
99,9,229.26097106933594,236.81268310546875,28.260299682617188,83.88079833984375,-1,-1,-1,-1
100,9,227.50967407226562,236.3997344970703,28.673095703125,84.58094787597656,-1,-1,-1,-1
101,9,225.51361083984375,237.1520538330078,27.794662475585938,85.22288513183594,-1,-1,-1,-1
102,9,224.41427612304688,238.5664825439453,26.451553344726562,83.74955749511719,-1,-1,-1,-1
103,9,221.73216247558594,239.73251342773438,27.4041748046875,83.711669921875,-1,-1,-1,-1
104,9,220.50515747070312,240.53465270996094,27.905441284179688,83.36100769042969,-1,-1,-1,-1
105,9,217.3499298095703,241.06092834472656,29.524459838867188,85.43400573730469,-1,-1,-1,-1
106,9,216.601806640625,241.58644104003906,29.340301513671875,85.09013366699219,-1,-1,-1,-1
107,9,214.7511749267578,243.09864807128906,28.408111572265625,83.81550598144531,-1,-1,-1,-1
108,9,213.67166137695312,243.2785186767578,28.904098510742188,83.90632629394531,-1,-1,-1,-1
109,9,210.48268127441406,243.91212463378906,30.261978149414062,83.50254821777344,-1,-1,-1,-1
110,9,210.13197326660156,244.34664916992188,29.02557373046875,83.06130981445312,-1,-1,-1,-1
111,9,207.5572967529297,244.46046447753906,29.083984375,83.45835876464844,-1,-1,-1,-1
112,9,206.9052734375,244.7947235107422,28.493331909179688,83.39369201660156,-1,-1,-1,-1
113,9,200.68023681640625,245.76502990722656,32.43269348144531,83.54148864746094,-1,-1,-1,-1
114,9,198.69261169433594,246.0620574951172,33.76445007324219,83.24366760253906,-1,-1,-1,-1
115,9,193.7444305419922,248.40090942382812,36.58906555175781,82.10806274414062,-1,-1,-1,-1
116,9,193.19268798828125,248.37901306152344,36.10539245605469,82.74421691894531,-1,-1,-1,-1
117,9,193.22463989257812,248.73594665527344,33.66038513183594,83.55177307128906,-1,-1,-1,-1
118,9,192.54904174804688,248.9754180908203,32.97932434082031,82.88548278808594,-1,-1,-1,-1
119,9,189.0595245361328,249.6544952392578,34.008575439453125,83.86351013183594,-1,-1,-1,-1
120,9,188.65725708007812,249.74949645996094,33.07905578613281,83.83229064941406,-1,-1,-1,-1
121,9,187.56822204589844,249.71604919433594,31.624969482421875,83.41108703613281,-1,-1,-1,-1
122,9,187.1307373046875,249.94448852539062,30.880813598632812,83.41900634765625,-1,-1,-1,-1
123,9,185.36683654785156,250.7498016357422,29.975860595703125,83.95109558105469,-1,-1,-1,-1
124,9,184.5435791015625,250.9329376220703,30.156326293945312,84.72456359863281,-1,-1,-1,-1
125,9,182.02545166015625,251.83448791503906,30.283370971679688,86.18284606933594,-1,-1,-1,-1
126,9,181.3359832763672,253.07989501953125,28.406723022460938,85.0977783203125,-1,-1,-1,-1
127,9,179.83395385742188,254.61404418945312,27.104248046875,84.72421264648438,-1,-1,-1,-1
128,9,178.21633911132812,255.1980743408203,27.4390869140625,85.51527404785156,-1,-1,-1,-1
129,9,177.11203002929688,255.5172882080078,28.116790771484375,86.76829528808594,-1,-1,-1,-1
130,9,176.4121856689453,256.0657043457031,28.2149658203125,86.58578491210938,-1,-1,-1,-1
131,9,175.1640625,256.4739227294922,29.113067626953125,87.15534973144531,-1,-1,-1,-1
132,9,174.48129272460938,256.66294860839844,29.294448852539062,87.42488098144531,-1,-1,-1,-1
133,9,172.85569763183594,256.92127990722656,29.361572265625,87.33467102050781,-1,-1,-1,-1
134,9,171.87054443359375,256.37229919433594,29.6011962890625,87.98725891113281,-1,-1,-1,-1
135,9,166.0406036376953,256.7574462890625,31.935928344726562,88.67578125,-1,-1,-1,-1
136,9,164.41729736328125,256.89990234375,32.44880676269531,88.54434204101562,-1,-1,-1,-1
137,9,160.21115112304688,258.7571105957031,35.66969299316406,87.56137084960938,-1,-1,-1,-1
138,9,158.2235870361328,260.062744140625,37.04498291015625,85.74606323242188,-1,-1,-1,-1
139,9,157.1767578125,260.9189453125,37.25579833984375,84.93716430664062,-1,-1,-1,-1
140,9,155.52389526367188,262.1402587890625,37.90736389160156,84.8165283203125,-1,-1,-1,-1
141,9,151.87753295898438,264.36370849609375,38.32952880859375,83.67056274414062,-1,-1,-1,-1
142,9,151.9302978515625,264.5257263183594,35.74224853515625,83.7996826171875,-1,-1,-1,-1
143,9,151.35984802246094,264.5706787109375,33.57221984863281,83.82135009765625,-1,-1,-1,-1
144,9,150.9086151123047,263.720947265625,32.90074157714844,84.87823486328125,-1,-1,-1,-1
145,9,149.67031860351562,265.3990478515625,30.662933349609375,83.70455932617188,-1,-1,-1,-1
146,9,149.2537078857422,266.1457824707031,30.21466064453125,83.49871826171875,-1,-1,-1,-1
147,9,145.01438903808594,265.6170349121094,31.875762939453125,86.0474853515625,-1,-1,-1,-1
148,9,143.38485717773438,266.6159973144531,32.48529052734375,85.96926879882812,-1,-1,-1,-1
149,9,142.72174072265625,268.36749267578125,31.014694213867188,84.95840454101562,-1,-1,-1,-1
150,9,142.25634765625,270.18890380859375,28.89520263671875,83.58395385742188,-1,-1,-1,-1
151,9,139.06138610839844,271.1835632324219,29.041671752929688,84.93106079101562,-1,-1,-1,-1
152,9,138.7896728515625,272.1492919921875,28.530746459960938,84.34228515625,-1,-1,-1,-1
153,9,138.27220153808594,272.4902038574219,28.129806518554688,84.6781005859375,-1,-1,-1,-1
154,9,137.49009704589844,272.5626525878906,28.266159057617188,85.194580078125,-1,-1,-1,-1
155,9,135.72935485839844,271.9579162597656,29.201095581054688,86.50418090820312,-1,-1,-1,-1
156,9,134.72412109375,272.0710754394531,29.762374877929688,86.82028198242188,-1,-1,-1,-1
157,9,130.56735229492188,274.2157897949219,31.182769775390625,84.92608642578125,-1,-1,-1,-1
158,9,129.40586853027344,273.9021911621094,31.869293212890625,85.75820922851562,-1,-1,-1,-1
159,9,123.36447143554688,273.433837890625,35.0447998046875,87.8941650390625,-1,-1,-1,-1
160,9,121.47430419921875,274.69696044921875,35.592071533203125,86.47998046875,-1,-1,-1,-1
161,9,118.9305191040039,276.30487060546875,36.31456756591797,84.53439331054688,-1,-1,-1,-1
162,9,115.76868438720703,277.100830078125,38.62847137451172,84.77545166015625,-1,-1,-1,-1
163,9,114.21854400634766,277.9190673828125,38.69701385498047,85.37109375,-1,-1,-1,-1
164,9,113.07142639160156,278.5057678222656,39.115325927734375,85.7177734375,-1,-1,-1,-1
165,9,111.66211700439453,278.9692077636719,38.16162872314453,85.99960327148438,-1,-1,-1,-1
166,9,111.51905059814453,279.69366455078125,35.28296661376953,86.02151489257812,-1,-1,-1,-1
167,9,109.8166275024414,279.5920104980469,32.949073791503906,86.02130126953125,-1,-1,-1,-1
168,9,109.1862564086914,279.2973937988281,32.83348846435547,86.85238647460938,-1,-1,-1,-1
169,9,108.15579986572266,279.9241638183594,32.55467987060547,86.92535400390625,-1,-1,-1,-1
170,9,106.64973449707031,280.32666015625,32.56681823730469,87.37203979492188,-1,-1,-1,-1
171,9,102.95187377929688,282.8109436035156,33.01521301269531,87.0426025390625,-1,-1,-1,-1
172,9,103.05448150634766,283.2726135253906,32.30524444580078,86.31527709960938,-1,-1,-1,-1
173,9,100.34183502197266,282.9979553222656,32.37696075439453,87.39328002929688,-1,-1,-1,-1
174,9,99.72655487060547,283.33160400390625,32.181358337402344,87.55279541015625,-1,-1,-1,-1
175,9,97.29341125488281,284.4405822753906,31.290206909179688,87.61846923828125,-1,-1,-1,-1
176,9,96.28133392333984,284.575439453125,31.444137573242188,88.364990234375,-1,-1,-1,-1
177,9,95.67974090576172,285.2454833984375,31.427352905273438,88.84878540039062,-1,-1,-1,-1
178,9,95.80311584472656,286.2997131347656,30.294296264648438,88.15951538085938,-1,-1,-1,-1
179,9,92.36470794677734,286.1416320800781,31.2142333984375,89.60076904296875,-1,-1,-1,-1
180,9,91.65786743164062,286.2066955566406,31.222633361816406,90.17178344726562,-1,-1,-1,-1
181,9,88.48580169677734,288.2771911621094,31.817710876464844,88.75271606445312,-1,-1,-1,-1
182,9,86.04263305664062,289.5776062011719,32.41218566894531,88.24990844726562,-1,-1,-1,-1
183,9,82.01397705078125,289.6461486816406,34.201942443847656,88.85012817382812,-1,-1,-1,-1
184,9,81.06070709228516,290.0558776855469,34.27435302734375,88.09475708007812,-1,-1,-1,-1
185,9,78.04978942871094,290.48712158203125,35.622657775878906,88.04901123046875,-1,-1,-1,-1
186,9,75.49005126953125,289.8022766113281,37.643165588378906,90.10171508789062,-1,-1,-1,-1
187,9,74.54487609863281,291.35369873046875,37.1221923828125,89.96676635742188,-1,-1,-1,-1
188,9,72.91028594970703,290.91656494140625,37.06853485107422,91.029541015625,-1,-1,-1,-1
189,9,71.92655944824219,290.5849609375,35.59143829345703,91.87643432617188,-1,-1,-1,-1
190,9,71.05921173095703,291.2653503417969,35.046417236328125,92.08627319335938,-1,-1,-1,-1
191,9,69.86779022216797,293.21881103515625,33.93316650390625,90.69845581054688,-1,-1,-1,-1
192,9,69.00857543945312,293.76495361328125,33.67469787597656,90.43740844726562,-1,-1,-1,-1
193,9,68.11602783203125,295.28076171875,32.09912872314453,89.65847778320312,-1,-1,-1,-1
194,9,66.90879821777344,295.003173828125,32.378875732421875,91.35354614257812,-1,-1,-1,-1
195,9,65.03145599365234,295.0414733886719,32.84979248046875,92.38824462890625,-1,-1,-1,-1
196,9,65.16595458984375,297.11981201171875,31.607254028320312,90.721923828125,-1,-1,-1,-1
197,9,64.15468978881836,299.07818603515625,31.761974334716797,90.27957153320312,-1,-1,-1,-1
198,9,63.1232795715332,299.8526611328125,32.00790023803711,90.02947998046875,-1,-1,-1,-1
199,9,60.52109146118164,302.400634765625,32.08059310913086,89.32061767578125,-1,-1,-1,-1
200,9,60.10863494873047,302.7427673339844,31.96411895751953,89.46060180664062,-1,-1,-1,-1
113,10,573.9153442382812,85.55224609375,23.258544921875,61.55238342285156,-1,-1,-1,-1
114,10,573.1121826171875,85.8377685546875,23.20623779296875,61.38348388671875,-1,-1,-1,-1
115,10,571.7611083984375,81.8306884765625,24.55670166015625,65.88299560546875,-1,-1,-1,-1
116,10,570.4434814453125,77.15786743164062,25.70465087890625,69.75210571289062,-1,-1,-1,-1
117,10,570.0848388671875,79.61898803710938,26.07977294921875,65.73286437988281,-1,-1,-1,-1
118,10,570.3992309570312,82.29994201660156,25.5228271484375,62.469482421875,-1,-1,-1,-1
119,10,571.1885375976562,89.10693359375,24.1146240234375,58.97276306152344,-1,-1,-1,-1
120,10,571.9252319335938,93.0954360961914,23.187744140625,57.20264434814453,-1,-1,-1,-1
121,10,572.21142578125,95.576171875,23.0943603515625,54.941375732421875,-1,-1,-1,-1
122,10,572.0734252929688,95.8365707397461,23.37762451171875,55.138938903808594,-1,-1,-1,-1
123,10,570.9386596679688,92.24259185791016,24.07684326171875,59.29607391357422,-1,-1,-1,-1
124,10,570.7308349609375,93.36575317382812,23.80078125,57.956512451171875,-1,-1,-1,-1
125,10,570.5784301757812,94.67587280273438,23.402587890625,56.75312805175781,-1,-1,-1,-1
126,10,569.7991333007812,94.44088745117188,23.90704345703125,57.36024475097656,-1,-1,-1,-1
127,10,568.1129150390625,93.36653900146484,24.69000244140625,58.767601013183594,-1,-1,-1,-1
128,10,567.239990234375,93.403076171875,25.19256591796875,58.43980407714844,-1,-1,-1,-1
129,10,566.1799926757812,93.2066650390625,25.73907470703125,58.67134094238281,-1,-1,-1,-1
130,10,566.0208129882812,91.33301544189453,25.69061279296875,60.28710174560547,-1,-1,-1,-1
131,10,566.070068359375,95.37679290771484,24.65826416015625,58.61823272705078,-1,-1,-1,-1
132,10,565.6239013671875,96.05712127685547,24.3226318359375,57.90052032470703,-1,-1,-1,-1
133,10,563.9077758789062,94.3019790649414,25.428466796875,60.51201629638672,-1,-1,-1,-1
134,10,563.4574584960938,96.20225524902344,25.27398681640625,58.30485534667969,-1,-1,-1,-1
135,10,563.3320922851562,96.88044738769531,24.9554443359375,58.08064270019531,-1,-1,-1,-1
136,10,563.067138671875,97.78567504882812,24.54901123046875,58.067230224609375,-1,-1,-1,-1
137,10,562.099365234375,100.0002212524414,24.15301513671875,56.951194763183594,-1,-1,-1,-1
138,10,561.2880859375,100.44186401367188,24.71929931640625,57.27647399902344,-1,-1,-1,-1
139,10,560.7037353515625,103.3014144897461,24.31707763671875,54.45952606201172,-1,-1,-1,-1
140,10,559.7130737304688,103.1640396118164,24.94439697265625,54.82701873779297,-1,-1,-1,-1
141,10,558.5364990234375,103.83112335205078,25.43505859375,54.40416717529297,-1,-1,-1,-1
142,10,557.7440795898438,102.37252044677734,25.6666259765625,55.659645080566406,-1,-1,-1,-1
143,10,556.2401733398438,101.43049621582031,26.768310546875,56.67036437988281,-1,-1,-1,-1
144,10,556.0429077148438,97.3664321899414,26.6856689453125,60.869590759277344,-1,-1,-1,-1
145,10,555.9459838867188,103.73151397705078,26.395263671875,54.94731903076172,-1,-1,-1,-1
146,10,555.8628540039062,104.2226791381836,26.43829345703125,54.535377502441406,-1,-1,-1,-1
147,10,555.2744750976562,108.04864501953125,26.7000732421875,51.62469482421875,-1,-1,-1,-1
148,10,555.4180297851562,109.51570129394531,26.25286865234375,50.035247802734375,-1,-1,-1,-1
149,10,555.1507568359375,109.37503051757812,25.97479248046875,50.21641540527344,-1,-1,-1,-1
150,10,554.9225463867188,109.74179077148438,25.827392578125,50.19706726074219,-1,-1,-1,-1
151,10,554.6063232421875,110.0351333618164,25.50665283203125,50.894554138183594,-1,-1,-1,-1
152,10,554.4088134765625,109.31856536865234,24.7811279296875,51.800819396972656,-1,-1,-1,-1
153,10,553.5791015625,110.04010772705078,24.8316650390625,52.42955780029297,-1,-1,-1,-1
154,10,553.3005981445312,110.64421844482422,24.58148193359375,52.68749237060547,-1,-1,-1,-1
155,10,552.6964111328125,111.24974822998047,24.336181640625,52.55290985107422,-1,-1,-1,-1
156,10,552.0182495117188,111.79289245605469,24.07830810546875,52.13642883300781,-1,-1,-1,-1
157,10,551.0830078125,112.30419921875,24.17388916015625,51.248046875,-1,-1,-1,-1
158,10,550.13037109375,112.12483978271484,24.38433837890625,51.605079650878906,-1,-1,-1,-1
159,10,548.3313598632812,111.94820404052734,24.81201171875,51.475624084472656,-1,-1,-1,-1
160,10,547.4940185546875,112.35305786132812,24.8758544921875,51.2618408203125,-1,-1,-1,-1
161,10,546.3729858398438,112.93071746826172,25.6905517578125,52.904884338378906,-1,-1,-1,-1
162,10,546.2504272460938,113.65335845947266,25.5155029296875,52.42182159423828,-1,-1,-1,-1
163,10,545.1028442382812,114.49820709228516,25.88104248046875,52.140052795410156,-1,-1,-1,-1
164,10,544.6060180664062,114.83472442626953,25.77301025390625,51.54973602294922,-1,-1,-1,-1
165,10,542.97802734375,114.6039810180664,26.41644287109375,51.87458038330078,-1,-1,-1,-1
166,10,542.3406372070312,114.44471740722656,26.50653076171875,52.149017333984375,-1,-1,-1,-1
167,10,541.75146484375,114.58740997314453,26.3836669921875,52.02466583251953,-1,-1,-1,-1
168,10,541.4639282226562,114.49098205566406,26.01739501953125,53.04522705078125,-1,-1,-1,-1
169,10,541.1646728515625,115.2630386352539,25.7640380859375,53.01879119873047,-1,-1,-1,-1
170,10,540.9129638671875,115.91913604736328,25.518310546875,52.72698211669922,-1,-1,-1,-1
171,10,539.9528198242188,116.20777130126953,25.928955078125,53.468116760253906,-1,-1,-1,-1
172,10,539.05615234375,116.47763061523438,26.00830078125,53.56401062011719,-1,-1,-1,-1
173,10,538.4489135742188,116.39179992675781,25.321044921875,53.785675048828125,-1,-1,-1,-1
174,10,537.4495239257812,116.36284637451172,25.160400390625,54.120643615722656,-1,-1,-1,-1
175,10,535.8092651367188,116.37760162353516,25.41790771484375,54.080238342285156,-1,-1,-1,-1
176,10,534.9813232421875,116.80584716796875,25.49884033203125,53.4105224609375,-1,-1,-1,-1
177,10,533.4883422851562,117.75936126708984,26.2847900390625,53.139991760253906,-1,-1,-1,-1
178,10,532.817138671875,118.11420440673828,26.4273681640625,53.097801208496094,-1,-1,-1,-1
179,10,531.6929931640625,119.17909240722656,27.18267822265625,52.25679016113281,-1,-1,-1,-1
180,10,531.4609375,119.38964080810547,26.92327880859375,52.239479064941406,-1,-1,-1,-1
181,10,530.6837768554688,119.50546264648438,26.92462158203125,52.69114685058594,-1,-1,-1,-1
182,10,529.9769897460938,119.60550689697266,27.0382080078125,52.978294372558594,-1,-1,-1,-1
183,10,528.73828125,119.63800048828125,27.29150390625,53.76890563964844,-1,-1,-1,-1
184,10,527.9730224609375,119.72015380859375,27.19281005859375,54.17445373535156,-1,-1,-1,-1
185,10,527.1910400390625,120.34528350830078,27.04168701171875,54.368553161621094,-1,-1,-1,-1
186,10,526.5161743164062,121.02245330810547,26.79644775390625,54.43231964111328,-1,-1,-1,-1
187,10,524.2840576171875,122.09580993652344,26.33050537109375,53.97428894042969,-1,-1,-1,-1
188,10,523.7194213867188,121.9905014038086,26.2767333984375,54.52912139892578,-1,-1,-1,-1
189,10,522.8339233398438,122.07667541503906,25.55279541015625,54.56782531738281,-1,-1,-1,-1
190,10,521.8215942382812,121.76280975341797,25.71917724609375,55.043479919433594,-1,-1,-1,-1
191,10,519.1971435546875,121.51006317138672,26.97601318359375,54.94635772705078,-1,-1,-1,-1
192,10,518.62158203125,121.94039916992188,26.7655029296875,54.823394775390625,-1,-1,-1,-1
193,10,517.8425903320312,123.18802642822266,26.5452880859375,55.424232482910156,-1,-1,-1,-1
194,10,517.6386108398438,124.03266906738281,25.99908447265625,55.1375732421875,-1,-1,-1,-1
195,10,516.2329711914062,125.26812744140625,26.7674560546875,54.09794616699219,-1,-1,-1,-1
196,10,515.2366333007812,125.84627532958984,27.22955322265625,53.72278594970703,-1,-1,-1,-1
197,10,514.7359619140625,125.781494140625,26.810302734375,53.948883056640625,-1,-1,-1,-1
198,10,513.9746704101562,125.57218170166016,27.0960693359375,54.25701141357422,-1,-1,-1,-1
199,10,513.0366821289062,125.57785034179688,27.20001220703125,55.030364990234375,-1,-1,-1,-1
200,10,512.2263488769531,125.6553726196289,27.399444580078125,55.730934143066406,-1,-1,-1,-1
