1,1,57.42027282714844,302.13580322265625,32.10052490234375,91.3323974609375,-1,-1,-1,-1
2,1,57.34579849243164,302.6770324707031,31.749446868896484,90.98330688476562,-1,-1,-1,-1
3,1,56.82482147216797,302.6865539550781,31.61548614501953,91.09332275390625,-1,-1,-1,-1
4,1,56.04970932006836,302.9976501464844,31.653873443603516,91.07260131835938,-1,-1,-1,-1
5,1,52.78787612915039,303.4678955078125,32.50675582885742,91.29180908203125,-1,-1,-1,-1
6,1,51.04507827758789,303.6191711425781,33.43828201293945,91.38729858398438,-1,-1,-1,-1
7,1,48.32612609863281,304.77978515625,34.81724548339844,90.82635498046875,-1,-1,-1,-1
8,1,46.098609924316406,305.4471435546875,36.396148681640625,90.89883422851562,-1,-1,-1,-1
9,1,42.30806350708008,306.6703186035156,39.07912063598633,91.48043823242188,-1,-1,-1,-1
10,1,40.411720275878906,306.55938720703125,39.718414306640625,91.88931274414062,-1,-1,-1,-1
11,1,37.774452209472656,307.57568359375,40.19200897216797,91.65200805664062,-1,-1,-1,-1
12,1,37.676048278808594,308.28485107421875,38.049896240234375,91.06777954101562,-1,-1,-1,-1
13,1,35.702369689941406,309.1773986816406,37.30884552001953,91.86331176757812,-1,-1,-1,-1
14,1,35.61677932739258,309.3273620605469,35.60532760620117,92.23068237304688,-1,-1,-1,-1
15,1,34.969051361083984,307.86663818359375,35.35947036743164,94.23013305664062,-1,-1,-1,-1
16,1,34.391876220703125,307.40289306640625,35.04243469238281,95.82827758789062,-1,-1,-1,-1
17,1,33.96603775024414,308.51605224609375,33.96232223510742,96.79983520507812,-1,-1,-1,-1
18,1,32.6124210357666,309.185791015625,35.10776329040527,97.55487060546875,-1,-1,-1,-1
19,1,29.361005783081055,312.04168701171875,36.49905204772949,95.74734497070312,-1,-1,-1,-1
20,1,28.57875633239746,312.18994140625,36.39465522766113,95.08706665039062,-1,-1,-1,-1
21,1,26.398290634155273,315.80206298828125,35.34710884094238,95.49417114257812,-1,-1,-1,-1
22,1,25.751148223876953,317.652099609375,35.34180450439453,94.18106079101562,-1,-1,-1,-1
23,1,24.464975357055664,318.608642578125,36.005170822143555,93.81427001953125,-1,-1,-1,-1
24,1,23.9083251953125,319.2374267578125,35.78634262084961,93.23104858398438,-1,-1,-1,-1
25,1,23.161264419555664,319.35943603515625,35.016916275024414,94.05523681640625,-1,-1,-1,-1
26,1,21.225139617919922,318.0408020019531,36.54722213745117,96.14218139648438,-1,-1,-1,-1
27,1,18.758779525756836,318.2765197753906,37.217939376831055,96.00881958007812,-1,-1,-1,-1
28,1,17.133703231811523,317.87371826171875,37.718576431274414,96.46987915039062,-1,-1,-1,-1
29,1,12.1520414352417,318.5199890136719,40.92318058013916,96.67449951171875,-1,-1,-1,-1
30,1,11.46346664428711,319.41632080078125,40.2407341003418,96.069091796875,-1,-1,-1,-1
31,1,7.275239944458008,319.54248046875,42.52944755554199,98.24658203125,-1,-1,-1,-1
32,1,6.1444993019104,320.0689697265625,42.427091121673584,97.98635864257812,-1,-1,-1,-1
33,1,5.361336708068848,321.992431640625,42.220290184020996,96.80978393554688,-1,-1,-1,-1
34,1,3.7736587524414062,322.4169921875,42.391929626464844,97.25216674804688,-1,-1,-1,-1
35,1,1.8701675534248352,323.3164367675781,42.14281004667282,97.25225830078125,-1,-1,-1,-1
36,1,1.2118118405342102,323.70074462890625,41.833148181438446,97.34597778320312,-1,-1,-1,-1
37,1,1.0,323.1026306152344,39.67207717895508,99.24993896484375,-1,-1,-1,-1
38,1,1.0,321.963623046875,38.19917297363281,101.18972778320312,-1,-1,-1,-1
39,1,1.0,323.736572265625,34.690155029296875,101.78338623046875,-1,-1,-1,-1
40,1,1.0,325.734619140625,33.63983917236328,99.75509643554688,-1,-1,-1,-1
41,1,1.0,327.6220703125,32.53219985961914,101.28286743164062,-1,-1,-1,-1
42,1,1.0,329.6664123535156,31.7584285736084,99.62734985351562,-1,-1,-1,-1
43,1,1.0,333.4677734375,29.61159896850586,97.12640380859375,-1,-1,-1,-1
44,1,1.0,336.3192138671875,27.633052825927734,95.01882934570312,-1,-1,-1,-1
45,1,1.0,338.74981689453125,26.384737014770508,94.0703125,-1,-1,-1,-1
46,1,1.0,338.8637390136719,26.049129486083984,94.92034912109375,-1,-1,-1,-1
47,1,1.0,339.5447692871094,26.462446212768555,95.97564697265625,-1,-1,-1,-1
48,1,1.0,338.63079833984375,26.245969772338867,97.936767578125,-1,-1,-1,-1
49,1,1.0,338.39874267578125,25.320226669311523,98.85531616210938,-1,-1,-1,-1
50,1,1.0,339.4248046875,24.174821853637695,98.15093994140625,-1,-1,-1,-1
51,1,1.0,340.13494873046875,23.259666442871094,96.84796142578125,-1,-1,-1,-1
52,1,1.0,341.6887512207031,22.34290313720703,95.21151733398438,-1,-1,-1,-1
53,1,1.0,344.6008605957031,22.334321975708008,91.58456420898438,-1,-1,-1,-1
1,2,174.83447265625,301.0509033203125,28.992950439453125,84.4425048828125,-1,-1,-1,-1
2,2,174.31600952148438,301.29620361328125,29.130569458007812,84.79931640625,-1,-1,-1,-1
3,2,172.51585388183594,301.8807067871094,29.236251831054688,84.93414306640625,-1,-1,-1,-1
4,2,171.87393188476562,302.0355529785156,29.476394653320312,85.14663696289062,-1,-1,-1,-1
5,2,170.97035217285156,302.17169189453125,29.895248413085938,85.173095703125,-1,-1,-1,-1
6,2,170.24313354492188,302.3363952636719,30.305557250976562,85.17849731445312,-1,-1,-1,-1
7,2,169.28257751464844,302.27447509765625,30.722808837890625,85.74111938476562,-1,-1,-1,-1
8,2,168.5517120361328,302.4983215332031,31.292892456054688,85.9930419921875,-1,-1,-1,-1
9,2,166.51612854003906,302.9994201660156,32.161102294921875,86.33758544921875,-1,-1,-1,-1
10,2,165.71392822265625,303.2693176269531,32.28108215332031,86.65347290039062,-1,-1,-1,-1
11,2,163.7454833984375,303.16229248046875,33.29669189453125,87.83624267578125,-1,-1,-1,-1
12,2,161.75347900390625,303.1220703125,34.25547790527344,88.59017944335938,-1,-1,-1,-1
13,2,158.94232177734375,304.8006896972656,35.55653381347656,87.8804931640625,-1,-1,-1,-1
14,2,158.1938934326172,304.6034851074219,36.151519775390625,88.69573974609375,-1,-1,-1,-1
15,2,157.8153076171875,304.8118591308594,37.23851013183594,89.57485961914062,-1,-1,-1,-1
16,2,157.93121337890625,306.1327819824219,35.73414611816406,88.57357788085938,-1,-1,-1,-1
17,2,156.1782684326172,308.29656982421875,32.04681396484375,87.01235961914062,-1,-1,-1,-1
18,2,155.3400421142578,308.5076904296875,32.604522705078125,87.39480590820312,-1,-1,-1,-1
19,2,153.4366912841797,309.0435791015625,32.426727294921875,86.795166015625,-1,-1,-1,-1
20,2,152.8684844970703,309.4932861328125,32.27427673339844,86.60687255859375,-1,-1,-1,-1
21,2,151.74172973632812,310.51995849609375,32.101226806640625,85.82516479492188,-1,-1,-1,-1
22,2,151.1414337158203,310.5245361328125,32.17945861816406,86.28695678710938,-1,-1,-1,-1
23,2,149.74118041992188,310.2240295410156,33.19190979003906,87.06988525390625,-1,-1,-1,-1
24,2,148.54579162597656,308.1325988769531,33.01771545410156,89.12210083007812,-1,-1,-1,-1
25,2,146.30545043945312,308.9429016113281,31.602096557617188,89.3544921875,-1,-1,-1,-1
26,2,145.22947692871094,308.84796142578125,30.363601684570312,90.82296752929688,-1,-1,-1,-1
27,2,142.78353881835938,309.23992919921875,31.4375,91.03445434570312,-1,-1,-1,-1
28,2,140.5098876953125,309.7497863769531,33.36529541015625,91.32394409179688,-1,-1,-1,-1
29,2,136.3381805419922,311.95947265625,35.239959716796875,90.0467529296875,-1,-1,-1,-1
30,2,135.40716552734375,312.2667236328125,35.38572692871094,89.92376708984375,-1,-1,-1,-1
31,2,133.3262176513672,312.9482727050781,33.71076965332031,89.88714599609375,-1,-1,-1,-1
32,2,132.56790161132812,312.240478515625,32.629547119140625,90.75341796875,-1,-1,-1,-1
33,2,130.8296661376953,313.4805908203125,30.458755493164062,89.70376586914062,-1,-1,-1,-1
34,2,129.88523864746094,311.7326965332031,31.493667602539062,92.48806762695312,-1,-1,-1,-1
35,2,127.55875396728516,312.997802734375,29.794578552246094,89.96774291992188,-1,-1,-1,-1
36,2,126.28633117675781,313.5953674316406,30.107467651367188,89.58297729492188,-1,-1,-1,-1
37,2,123.99272918701172,313.0746154785156,31.00127410888672,90.0123291015625,-1,-1,-1,-1
38,2,121.23047637939453,313.957275390625,30.84685516357422,88.47329711914062,-1,-1,-1,-1
39,2,114.91648864746094,313.62664794921875,35.30867004394531,90.33538818359375,-1,-1,-1,-1
40,2,109.86698150634766,313.9584655761719,42.449317932128906,90.40924072265625,-1,-1,-1,-1
41,2,105.1866226196289,314.84747314453125,45.920082092285156,90.09356689453125,-1,-1,-1,-1
42,2,102.91548156738281,314.35260009765625,47.633758544921875,90.48623657226562,-1,-1,-1,-1
43,2,102.3362808227539,316.6234436035156,46.22362518310547,89.21099853515625,-1,-1,-1,-1
44,2,100.39862823486328,318.2745361328125,46.583335876464844,88.50173950195312,-1,-1,-1,-1
45,2,100.53349304199219,320.22528076171875,43.654632568359375,86.87814331054688,-1,-1,-1,-1
46,2,99.70281219482422,320.6021728515625,43.933555603027344,86.94204711914062,-1,-1,-1,-1
47,2,97.26261138916016,320.1866760253906,39.544349670410156,87.14285278320312,-1,-1,-1,-1
48,2,95.76914978027344,319.97393798828125,36.27143859863281,86.85238647460938,-1,-1,-1,-1
49,2,95.27379608154297,319.39947509765625,33.52848815917969,86.85787963867188,-1,-1,-1,-1
50,2,94.67202758789062,319.384033203125,32.183555603027344,86.91702270507812,-1,-1,-1,-1
51,2,92.60462188720703,319.94244384765625,31.097793579101562,87.172607421875,-1,-1,-1,-1
52,2,92.17400360107422,319.9456481933594,30.545059204101562,87.47784423828125,-1,-1,-1,-1
53,2,88.25909423828125,320.6456604003906,31.870506286621094,88.69747924804688,-1,-1,-1,-1
54,2,85.2291488647461,319.0334777832031,33.201019287109375,90.36325073242188,-1,-1,-1,-1
55,2,82.1189956665039,319.4925537109375,34.178436279296875,91.85440063476562,-1,-1,-1,-1
56,2,80.86776733398438,320.3582763671875,35.19602966308594,91.51382446289062,-1,-1,-1,-1
57,2,78.51432800292969,320.9510498046875,37.70830535888672,92.93182373046875,-1,-1,-1,-1
58,2,76.59813690185547,320.9820861816406,37.19197082519531,94.06857299804688,-1,-1,-1,-1
59,2,72.56947326660156,314.44744873046875,34.93638610839844,101.624755859375,-1,-1,-1,-1
60,2,72.80123138427734,315.7334899902344,33.17632293701172,99.76556396484375,-1,-1,-1,-1
61,2,72.52169799804688,320.145751953125,29.4483642578125,93.95376586914062,-1,-1,-1,-1
62,2,71.6895980834961,319.96044921875,29.92230224609375,94.83685302734375,-1,-1,-1,-1
63,2,68.20310974121094,327.001220703125,29.05987548828125,88.48251342773438,-1,-1,-1,-1
64,2,67.05675506591797,326.2644348144531,30.20966339111328,90.09786987304688,-1,-1,-1,-1
65,2,61.07318115234375,326.48248291015625,34.01824951171875,90.59548950195312,-1,-1,-1,-1
66,2,58.92192077636719,326.9040222167969,35.99988555908203,90.29635620117188,-1,-1,-1,-1
67,2,57.293270111083984,324.51715087890625,36.982913970947266,93.4227294921875,-1,-1,-1,-1
68,2,57.056602478027344,322.85345458984375,36.76176452636719,95.49819946289062,-1,-1,-1,-1
69,2,58.059425354003906,324.73974609375,33.005126953125,94.31948852539062,-1,-1,-1,-1
70,2,57.595638275146484,325.2156677246094,32.79385757446289,94.6756591796875,-1,-1,-1,-1
71,2,56.26198196411133,328.5730285644531,31.96981430053711,93.26925659179688,-1,-1,-1,-1
72,2,55.6855583190918,326.8541259765625,31.930301666259766,95.45614624023438,-1,-1,-1,-1
73,2,55.43661880493164,333.07220458984375,29.990154266357422,88.82537841796875,-1,-1,-1,-1
74,2,54.88261795043945,335.11419677734375,29.559993743896484,86.28424072265625,-1,-1,-1,-1
75,2,50.59885025024414,326.191650390625,33.71889877319336,96.38946533203125,-1,-1,-1,-1
76,2,50.27339172363281,325.5080261230469,33.322235107421875,97.405029296875,-1,-1,-1,-1
77,2,48.88492965698242,326.14129638671875,33.010921478271484,97.06015014648438,-1,-1,-1,-1
78,2,48.810691833496094,328.69287109375,32.09574890136719,94.95889282226562,-1,-1,-1,-1
79,2,45.562374114990234,328.0881652832031,33.067073822021484,99.52471923828125,-1,-1,-1,-1
80,2,45.98677062988281,330.5465393066406,30.18474578857422,96.12857055664062,-1,-1,-1,-1
81,2,43.91401290893555,331.03131103515625,30.677234649658203,96.02993774414062,-1,-1,-1,-1
82,2,43.305545806884766,331.8690185546875,30.801227569580078,95.5943603515625,-1,-1,-1,-1
83,2,38.2002067565918,330.7382507324219,33.85548782348633,99.416259765625,-1,-1,-1,-1
84,2,37.17683410644531,331.3868103027344,34.07518005371094,98.43576049804688,-1,-1,-1,-1
85,2,35.607791900634766,332.4367980957031,34.48642349243164,97.51651000976562,-1,-1,-1,-1
86,2,34.90275192260742,333.1329650878906,33.68380355834961,96.89996337890625,-1,-1,-1,-1
87,2,33.91144561767578,333.20733642578125,32.43242645263672,96.81954956054688,-1,-1,-1,-1
88,2,33.727787017822266,335.0523986816406,31.802871704101562,95.1279296875,-1,-1,-1,-1
89,2,32.292972564697266,337.05328369140625,31.689311981201172,93.10647583007812,-1,-1,-1,-1
90,2,29.391284942626953,337.4241943359375,32.9008903503418,93.67825317382812,-1,-1,-1,-1
91,2,24.63280487060547,338.1168212890625,34.84737777709961,93.76797485351562,-1,-1,-1,-1
92,2,22.68952178955078,339.0020446777344,35.96931076049805,93.1016845703125,-1,-1,-1,-1
93,2,18.38335418701172,340.06109619140625,39.5533447265625,93.31256103515625,-1,-1,-1,-1
94,2,17.097923278808594,340.23162841796875,40.00956344604492,93.27432250976562,-1,-1,-1,-1
95,2,15.697123527526855,341.46734619140625,40.33310794830322,93.3719482421875,-1,-1,-1,-1
96,2,15.21271800994873,342.5904846191406,39.82859134674072,93.50393676757812,-1,-1,-1,-1
97,2,14.294625282287598,343.687744140625,38.710326194763184,93.2462158203125,-1,-1,-1,-1
98,2,13.256627082824707,344.05133056640625,38.74465084075928,93.28970336914062,-1,-1,-1,-1
99,2,11.726842880249023,345.04449462890625,38.03558921813965,92.51254272460938,-1,-1,-1,-1
100,2,11.154376983642578,346.38531494140625,37.507957458496094,90.69207763671875,-1,-1,-1,-1
101,2,9.187454223632812,345.1164245605469,36.43604278564453,92.4425048828125,-1,-1,-1,-1
102,2,8.711968898773193,345.7719421386719,36.49718713760376,91.70480346679688,-1,-1,-1,-1
103,2,7.310200214385986,345.8680419921875,36.401198863983154,92.41217041015625,-1,-1,-1,-1
104,2,6.453607559204102,345.5830383300781,36.36588096618652,94.66571044921875,-1,-1,-1,-1
105,2,5.7863335609436035,347.390380859375,33.32445287704468,94.03787231445312,-1,-1,-1,-1
106,2,4.431195259094238,347.8739929199219,32.85753154754639,94.42532348632812,-1,-1,-1,-1
107,2,1.0320091247558594,346.1801452636719,34.402259826660156,96.313720703125,-1,-1,-1,-1
108,2,1.0,345.889892578125,33.97516632080078,96.51095581054688,-1,-1,-1,-1
109,2,1.0,349.1875,32.63506889343262,92.788818359375,-1,-1,-1,-1
110,2,1.0,351.0838317871094,31.353513717651367,90.95831298828125,-1,-1,-1,-1
111,2,1.0,352.1053466796875,29.701555252075195,90.54705810546875,-1,-1,-1,-1
112,2,1.0,352.5291442871094,28.036012649536133,90.01513671875,-1,-1,-1,-1
113,2,1.0,354.0751953125,24.256750106811523,86.8369140625,-1,-1,-1,-1
114,2,1.0,352.2341613769531,23.072959899902344,89.88079833984375,-1,-1,-1,-1
115,2,1.0,352.0817565917969,22.02886199951172,94.61178588867188,-1,-1,-1,-1
116,2,1.0,352.4886474609375,21.90795135498047,94.95053100585938,-1,-1,-1,-1
117,2,1.0,354.0082702636719,21.070144653320312,94.0537109375,-1,-1,-1,-1
118,2,1.0,354.58050537109375,21.317352294921875,93.97402954101562,-1,-1,-1,-1
1,3,510.254638671875,125.4102554321289,27.4871826171875,56.98419952392578,-1,-1,-1,-1
2,3,510.2887878417969,125.87346649169922,27.013824462890625,56.46033477783203,-1,-1,-1,-1
3,3,509.84454345703125,126.65058135986328,26.66729736328125,55.995643615722656,-1,-1,-1,-1
4,3,509.4405212402344,127.14353942871094,26.431976318359375,55.69627380371094,-1,-1,-1,-1
5,3,508.0160827636719,127.70668029785156,26.391265869140625,55.49369812011719,-1,-1,-1,-1
6,3,507.3926696777344,127.8969955444336,25.705108642578125,55.335838317871094,-1,-1,-1,-1
7,3,505.6888732910156,128.1609115600586,25.485809326171875,55.03028106689453,-1,-1,-1,-1
8,3,505.2725524902344,128.11754608154297,25.277740478515625,55.48503875732422,-1,-1,-1,-1
9,3,504.36578369140625,129.20327758789062,24.78179931640625,54.450164794921875,-1,-1,-1,-1
10,3,503.7598571777344,129.8760986328125,24.565582275390625,54.01881408691406,-1,-1,-1,-1
11,3,502.82769775390625,130.48712158203125,24.42913818359375,54.028594970703125,-1,-1,-1,-1
12,3,502.16143798828125,131.0322723388672,24.21600341796875,53.82623291015625,-1,-1,-1,-1
13,3,500.568359375,131.39306640625,24.18310546875,53.800506591796875,-1,-1,-1,-1
14,3,500.3501281738281,131.27987670898438,23.860931396484375,54.169097900390625,-1,-1,-1,-1
15,3,499.47528076171875,131.23834228515625,24.0572509765625,54.90435791015625,-1,-1,-1,-1
16,3,499.18463134765625,131.64004516601562,23.9061279296875,55.391143798828125,-1,-1,-1,-1
17,3,496.8137512207031,132.6415252685547,24.906951904296875,55.44084167480469,-1,-1,-1,-1
18,3,496.04974365234375,133.0247802734375,25.0084228515625,55.403533935546875,-1,-1,-1,-1
19,3,495.0224609375,133.84864807128906,25.1375732421875,54.90892028808594,-1,-1,-1,-1
20,3,494.4664611816406,134.34793090820312,24.848907470703125,54.573760986328125,-1,-1,-1,-1
21,3,493.1690673828125,134.93190002441406,24.52392578125,54.31510925292969,-1,-1,-1,-1
22,3,492.1752014160156,135.21017456054688,24.749176025390625,54.49232482910156,-1,-1,-1,-1
23,3,490.67974853515625,135.20663452148438,25.2724609375,54.985595703125,-1,-1,-1,-1
24,3,490.25714111328125,135.42445373535156,24.75836181640625,54.922027587890625,-1,-1,-1,-1
25,3,489.14556884765625,135.49258422851562,24.767547607421875,55.23814392089844,-1,-1,-1,-1
26,3,487.95733642578125,136.03944396972656,24.82830810546875,54.813385009765625,-1,-1,-1,-1
27,3,485.1443176269531,136.79685974121094,26.33477783203125,54.883453369140625,-1,-1,-1,-1
28,3,485.0031433105469,136.41160583496094,25.998291015625,55.20851135253906,-1,-1,-1,-1
29,3,484.4530334472656,136.23553466796875,26.060760498046875,55.45703125,-1,-1,-1,-1
30,3,484.0989074707031,136.2070770263672,25.991241455078125,55.41996765136719,-1,-1,-1,-1
31,3,483.1763000488281,136.28155517578125,26.2813720703125,55.871429443359375,-1,-1,-1,-1
32,3,482.8565673828125,136.39529418945312,26.079071044921875,56.140167236328125,-1,-1,-1,-1
33,3,481.3960266113281,136.80845642089844,26.450653076171875,56.92279052734375,-1,-1,-1,-1
34,3,480.85687255859375,137.8483123779297,26.150909423828125,56.531707763671875,-1,-1,-1,-1
35,3,480.4512939453125,139.1879119873047,25.555816650390625,56.025177001953125,-1,-1,-1,-1
36,3,480.041015625,139.26025390625,25.231964111328125,56.241455078125,-1,-1,-1,-1
37,3,477.7723083496094,139.0452117919922,26.19427490234375,57.01988220214844,-1,-1,-1,-1
38,3,477.4775390625,138.9706573486328,25.919403076171875,57.190460205078125,-1,-1,-1,-1
39,3,475.7506408691406,138.88465881347656,26.48138427734375,57.291015625,-1,-1,-1,-1
40,3,475.3301696777344,138.69895935058594,26.22393798828125,57.364990234375,-1,-1,-1,-1
41,3,473.7026062011719,140.0902099609375,26.770782470703125,57.96424865722656,-1,-1,-1,-1
42,3,473.54913330078125,141.59898376464844,26.22900390625,56.76947021484375,-1,-1,-1,-1
43,3,472.9591369628906,142.67002868652344,25.974395751953125,56.38929748535156,-1,-1,-1,-1
44,3,471.92083740234375,143.07015991210938,26.324005126953125,56.28489685058594,-1,-1,-1,-1
45,3,470.6186828613281,143.79193115234375,26.92559814453125,56.08387756347656,-1,-1,-1,-1
46,3,470.0639953613281,143.9387664794922,27.03759765625,56.339202880859375,-1,-1,-1,-1
47,3,469.64898681640625,144.0297393798828,26.575286865234375,56.64329528808594,-1,-1,-1,-1
48,3,469.2884826660156,144.48321533203125,26.48431396484375,56.49818420410156,-1,-1,-1,-1
49,3,468.2740783691406,144.39697265625,26.944732666015625,56.96278381347656,-1,-1,-1,-1
50,3,467.6131896972656,145.09744262695312,27.01611328125,56.6768798828125,-1,-1,-1,-1
51,3,466.9007873535156,145.63975524902344,26.395111083984375,56.653564453125,-1,-1,-1,-1
52,3,466.38092041015625,146.16131591796875,26.1905517578125,56.38145446777344,-1,-1,-1,-1
53,3,465.9075927734375,146.11473083496094,25.246612548828125,56.78605651855469,-1,-1,-1,-1
54,3,464.9870910644531,146.32948303222656,25.166534423828125,57.10516357421875,-1,-1,-1,-1
55,3,462.6285705566406,146.20703125,25.775787353515625,57.61065673828125,-1,-1,-1,-1
56,3,461.9303894042969,146.7399139404297,25.617584228515625,57.306915283203125,-1,-1,-1,-1
57,3,460.4038391113281,148.6365203857422,26.087860107421875,57.07958984375,-1,-1,-1,-1
58,3,460.0789489746094,149.76622009277344,25.84521484375,56.412109375,-1,-1,-1,-1
59,3,458.67425537109375,151.41806030273438,26.455169677734375,55.814544677734375,-1,-1,-1,-1
60,3,458.2745666503906,152.3980712890625,26.085540771484375,54.90313720703125,-1,-1,-1,-1
61,3,457.06915283203125,151.93077087402344,26.529144287109375,55.945220947265625,-1,-1,-1,-1
62,3,456.8251037597656,152.10992431640625,26.40185546875,55.92051696777344,-1,-1,-1,-1
63,3,455.80804443359375,151.8348388671875,26.556396484375,56.53314208984375,-1,-1,-1,-1
64,3,455.0998840332031,151.73150634765625,26.679229736328125,57.063751220703125,-1,-1,-1,-1
65,3,454.013427734375,151.89688110351562,26.909576416015625,57.33543395996094,-1,-1,-1,-1
66,3,453.38177490234375,152.15684509277344,26.82037353515625,57.55876159667969,-1,-1,-1,-1
67,3,451.35491943359375,153.15139770507812,27.51226806640625,57.39068603515625,-1,-1,-1,-1
68,3,450.69061279296875,153.52206420898438,27.52069091796875,57.12760925292969,-1,-1,-1,-1
69,3,450.2254333496094,153.96624755859375,26.95660400390625,56.46095275878906,-1,-1,-1,-1
70,3,449.61651611328125,154.27647399902344,26.935791015625,56.5087890625,-1,-1,-1,-1
71,3,448.5509948730469,154.20887756347656,27.398681640625,56.67350769042969,-1,-1,-1,-1
72,3,448.1980895996094,154.09071350097656,26.7508544921875,57.067230224609375,-1,-1,-1,-1
73,3,446.1539001464844,154.3790283203125,27.96038818359375,57.83619689941406,-1,-1,-1,-1
74,3,445.9163513183594,154.8196563720703,27.70928955078125,57.4442138671875,-1,-1,-1,-1
75,3,444.4687194824219,156.35992431640625,27.71905517578125,56.874969482421875,-1,-1,-1,-1
76,3,443.71014404296875,156.27186584472656,27.511932373046875,57.2193603515625,-1,-1,-1,-1
77,3,442.6620178222656,156.1349639892578,27.54913330078125,58.102386474609375,-1,-1,-1,-1
78,3,442.4188537597656,156.2320098876953,27.0826416015625,58.10279846191406,-1,-1,-1,-1
79,3,441.265625,156.1248016357422,27.181427001953125,59.163787841796875,-1,-1,-1,-1
80,3,441.2388610839844,156.42530822753906,26.1533203125,59.66780090332031,-1,-1,-1,-1
81,3,440.2402038574219,157.3067626953125,25.310455322265625,60.40684509277344,-1,-1,-1,-1
82,3,439.0022277832031,158.42605590820312,25.582183837890625,59.83918762207031,-1,-1,-1,-1
83,3,437.036865234375,159.79559326171875,26.15576171875,59.243865966796875,-1,-1,-1,-1
84,3,436.88739013671875,159.96820068359375,25.285125732421875,59.14408874511719,-1,-1,-1,-1
85,3,435.2125549316406,159.40768432617188,25.961151123046875,59.610443115234375,-1,-1,-1,-1
86,3,434.6121520996094,159.26516723632812,26.08770751953125,59.73664855957031,-1,-1,-1,-1
87,3,432.0777282714844,159.817626953125,27.737274169921875,60.25177001953125,-1,-1,-1,-1
88,3,431.0426940917969,160.2227325439453,28.202880859375,60.063385009765625,-1,-1,-1,-1
89,3,429.9752197265625,161.19215393066406,28.079833984375,59.90528869628906,-1,-1,-1,-1
90,3,429.2314453125,161.85784912109375,28.077850341796875,59.49678039550781,-1,-1,-1,-1
91,3,428.4619445800781,163.10693359375,27.69354248046875,59.192169189453125,-1,-1,-1,-1
92,3,428.2452697753906,163.7870635986328,27.171356201171875,58.816070556640625,-1,-1,-1,-1
93,3,427.8559265136719,163.46893310546875,26.968902587890625,59.625946044921875,-1,-1,-1,-1
94,3,427.6642150878906,163.0309295654297,26.56707763671875,60.2742919921875,-1,-1,-1,-1
95,3,427.06439208984375,162.55398559570312,26.5611572265625,61.08927917480469,-1,-1,-1,-1
96,3,426.3453674316406,162.4298553466797,26.84930419921875,61.6309814453125,-1,-1,-1,-1
97,3,425.42919921875,162.858642578125,26.805419921875,61.52369689941406,-1,-1,-1,-1
98,3,424.7889099121094,163.56948852539062,26.734161376953125,60.86552429199219,-1,-1,-1,-1
99,3,423.4314880371094,166.42572021484375,26.98529052734375,59.63554382324219,-1,-1,-1,-1
100,3,423.12060546875,167.17384338378906,25.999542236328125,58.942657470703125,-1,-1,-1,-1
101,3,422.8873291015625,167.80484008789062,25.23223876953125,58.65135192871094,-1,-1,-1,-1
102,3,422.54315185546875,168.23703002929688,24.64068603515625,58.41099548339844,-1,-1,-1,-1
103,3,420.8707580566406,168.20274353027344,25.002105712890625,59.17626953125,-1,-1,-1,-1
104,3,420.0765075683594,167.98812866210938,25.0948486328125,60.03401184082031,-1,-1,-1,-1
105,3,418.8549499511719,168.45675659179688,25.490570068359375,60.35418701171875,-1,-1,-1,-1
106,3,418.20355224609375,168.78538513183594,25.67889404296875,60.9906005859375,-1,-1,-1,-1
107,3,417.7785949707031,169.72537231445312,25.362701416015625,60.90754699707031,-1,-1,-1,-1
108,3,417.14459228515625,170.36874389648438,25.36370849609375,60.558563232421875,-1,-1,-1,-1
109,3,416.1352233886719,171.04380798339844,25.4788818359375,60.16712951660156,-1,-1,-1,-1
110,3,415.2931213378906,171.177734375,25.6737060546875,60.04057312011719,-1,-1,-1,-1
111,3,414.0267028808594,171.40855407714844,26.18621826171875,60.18928527832031,-1,-1,-1,-1
112,3,413.3081359863281,171.5059814453125,26.417144775390625,60.46710205078125,-1,-1,-1,-1
113,3,411.4685974121094,172.2171173095703,27.27410888671875,60.52290344238281,-1,-1,-1,-1
114,3,410.6025695800781,172.61585998535156,27.052001953125,60.525146484375,-1,-1,-1,-1
115,3,409.669677734375,173.15126037597656,26.39312744140625,60.86125183105469,-1,-1,-1,-1
116,3,408.7292785644531,173.80247497558594,26.576171875,60.6103515625,-1,-1,-1,-1
117,3,407.9262390136719,174.2284393310547,26.410369873046875,60.45159912109375,-1,-1,-1,-1
118,3,407.0671691894531,174.3881378173828,26.5076904296875,60.71662902832031,-1,-1,-1,-1
119,3,405.6208190917969,174.51568603515625,26.571319580078125,60.99308776855469,-1,-1,-1,-1
120,3,404.3533630371094,174.6139678955078,27.104461669921875,60.91859436035156,-1,-1,-1,-1
121,3,403.833740234375,175.14260864257812,26.709320068359375,61.92424011230469,-1,-1,-1,-1
122,3,403.2264709472656,175.80804443359375,26.812835693359375,62.102783203125,-1,-1,-1,-1
123,3,402.4540100097656,177.8492431640625,26.4681396484375,60.95069885253906,-1,-1,-1,-1
124,3,402.2109069824219,178.58447265625,25.724365234375,60.325225830078125,-1,-1,-1,-1
125,3,400.6076965332031,178.58840942382812,25.9564208984375,60.61761474609375,-1,-1,-1,-1
126,3,399.9096984863281,178.62832641601562,26.16339111328125,60.835174560546875,-1,-1,-1,-1
127,3,398.7503356933594,178.18539428710938,26.39788818359375,61.91188049316406,-1,-1,-1,-1
128,3,398.3046569824219,178.1536102294922,26.085662841796875,62.04319763183594,-1,-1,-1,-1
129,3,396.3529357910156,178.37869262695312,26.97723388671875,62.61378479003906,-1,-1,-1,-1
130,3,395.12457275390625,179.17054748535156,27.258056640625,62.144622802734375,-1,-1,-1,-1
131,3,393.9189758300781,180.3954620361328,26.868408203125,61.665771484375,-1,-1,-1,-1
132,3,392.8290710449219,181.10421752929688,27.1541748046875,61.327239990234375,-1,-1,-1,-1
133,3,391.1385803222656,181.87474060058594,26.8094482421875,61.36566162109375,-1,-1,-1,-1
134,3,390.5799255371094,182.1034393310547,26.276336669921875,61.371917724609375,-1,-1,-1,-1
135,3,388.950927734375,182.21453857421875,26.274688720703125,62.169830322265625,-1,-1,-1,-1
136,3,388.6190490722656,182.42298889160156,25.729644775390625,62.2535400390625,-1,-1,-1,-1
137,3,386.8477478027344,182.93678283691406,25.683990478515625,62.99079895019531,-1,-1,-1,-1
138,3,385.7222595214844,183.6906280517578,25.96893310546875,63.243377685546875,-1,-1,-1,-1
139,3,384.85150146484375,184.73973083496094,25.920013427734375,63.42999267578125,-1,-1,-1,-1
140,3,383.83599853515625,185.45750427246094,25.833587646484375,63.371917724609375,-1,-1,-1,-1
141,3,382.5327453613281,186.06871032714844,25.656402587890625,62.95838928222656,-1,-1,-1,-1
142,3,381.4912109375,186.20123291015625,25.753448486328125,63.11175537109375,-1,-1,-1,-1
143,3,380.0904846191406,186.06190490722656,26.09857177734375,63.94627380371094,-1,-1,-1,-1
144,3,379.5826110839844,186.21937561035156,25.815185546875,63.88848876953125,-1,-1,-1,-1
145,3,378.3878479003906,186.51100158691406,25.873565673828125,64.26484680175781,-1,-1,-1,-1
146,3,377.0466003417969,187.1888427734375,26.162078857421875,63.9967041015625,-1,-1,-1,-1
147,3,374.6038818359375,188.80514526367188,27.138580322265625,63.439483642578125,-1,-1,-1,-1
148,3,373.4758605957031,189.07858276367188,27.192962646484375,63.785003662109375,-1,-1,-1,-1
149,3,370.7010498046875,189.51284790039062,27.04376220703125,63.74278259277344,-1,-1,-1,-1
150,3,370.1729736328125,189.66720581054688,26.708099365234375,63.83174133300781,-1,-1,-1,-1
151,3,369.3076477050781,189.73715209960938,25.52685546875,63.95921325683594,-1,-1,-1,-1
152,3,367.4595031738281,189.4633026123047,26.06195068359375,64.64398193359375,-1,-1,-1,-1
153,3,365.2928161621094,190.4700164794922,26.99102783203125,65.72383117675781,-1,-1,-1,-1
154,3,364.4712219238281,191.65733337402344,27.31146240234375,65.1422119140625,-1,-1,-1,-1
155,3,363.65863037109375,192.94015502929688,27.19097900390625,65.04475402832031,-1,-1,-1,-1
156,3,362.5034484863281,193.35047912597656,27.1488037109375,65.11433410644531,-1,-1,-1,-1
157,3,360.1338195800781,193.7979278564453,27.74725341796875,64.98094177246094,-1,-1,-1,-1
158,3,359.21441650390625,193.8523406982422,27.55908203125,64.92530822753906,-1,-1,-1,-1
159,3,357.8516540527344,193.9508514404297,27.33489990234375,64.80220031738281,-1,-1,-1,-1
160,3,357.16943359375,193.9010009765625,27.054962158203125,64.99017333984375,-1,-1,-1,-1
161,3,354.3940124511719,194.4176483154297,28.094024658203125,66.07560729980469,-1,-1,-1,-1
162,3,353.69586181640625,195.38523864746094,27.9813232421875,65.26921081542969,-1,-1,-1,-1
163,3,351.65301513671875,197.12770080566406,27.852874755859375,64.26313781738281,-1,-1,-1,-1
164,3,351.1611633300781,198.13218688964844,27.549346923828125,63.69187927246094,-1,-1,-1,-1
165,3,350.6218566894531,198.38546752929688,26.58056640625,63.540130615234375,-1,-1,-1,-1
166,3,350.1859436035156,198.4937286376953,26.037109375,63.66551208496094,-1,-1,-1,-1
167,3,347.5712890625,198.90731811523438,25.887451171875,63.942138671875,-1,-1,-1,-1
168,3,346.01495361328125,199.01808166503906,26.80902099609375,64.05232238769531,-1,-1,-1,-1
169,3,343.04388427734375,199.8999786376953,28.42486572265625,65.03605651855469,-1,-1,-1,-1
170,3,342.2713928222656,200.9319610595703,28.8074951171875,64.41078186035156,-1,-1,-1,-1
171,3,341.14794921875,202.2854766845703,28.16632080078125,64.03880310058594,-1,-1,-1,-1
172,3,340.4597473144531,202.9476776123047,27.9853515625,64.45545959472656,-1,-1,-1,-1
173,3,338.67083740234375,203.12255859375,28.202392578125,65.55801391601562,-1,-1,-1,-1
174,3,338.09979248046875,203.21633911132812,28.128814697265625,65.89688110351562,-1,-1,-1,-1
175,3,335.61456298828125,203.7772674560547,28.216064453125,65.11466979980469,-1,-1,-1,-1
176,3,334.3953857421875,203.78395080566406,28.80352783203125,65.56761169433594,-1,-1,-1,-1
177,3,332.2137756347656,204.0824737548828,29.000701904296875,65.95701599121094,-1,-1,-1,-1
178,3,331.6343994140625,204.62403869628906,28.38311767578125,65.74623107910156,-1,-1,-1,-1
179,3,330.15948486328125,205.3654022216797,28.44830322265625,65.75532531738281,-1,-1,-1,-1
180,3,329.1075439453125,205.93743896484375,28.20501708984375,65.73782348632812,-1,-1,-1,-1
181,3,326.81976318359375,207.0145721435547,28.280364990234375,65.20182800292969,-1,-1,-1,-1
182,3,326.0252990722656,206.88018798828125,28.283233642578125,66.03115844726562,-1,-1,-1,-1
183,3,323.3116455078125,206.1841583251953,28.05615234375,67.07987976074219,-1,-1,-1,-1
184,3,322.3815002441406,206.03257751464844,27.855865478515625,67.59422302246094,-1,-1,-1,-1
185,3,320.563720703125,207.1138153076172,28.291595458984375,68.37315368652344,-1,-1,-1,-1
186,3,319.4681091308594,207.54266357421875,28.58154296875,68.24066162109375,-1,-1,-1,-1
187,3,316.9306335449219,209.0221710205078,28.463836669921875,68.12901306152344,-1,-1,-1,-1
188,3,315.650634765625,209.584716796875,28.79205322265625,68.3699951171875,-1,-1,-1,-1
189,3,314.1321105957031,210.2288360595703,29.00885009765625,68.58854675292969,-1,-1,-1,-1
190,3,312.9967956542969,210.43345642089844,28.96942138671875,68.66682434082031,-1,-1,-1,-1
191,3,311.84808349609375,210.0010986328125,28.44158935546875,68.98025512695312,-1,-1,-1,-1
192,3,310.968994140625,210.08609008789062,28.2255859375,69.24697875976562,-1,-1,-1,-1
193,3,308.3673095703125,211.0076141357422,28.909149169921875,69.28761291503906,-1,-1,-1,-1
194,3,307.52569580078125,211.954833984375,29.09930419921875,68.55001831054688,-1,-1,-1,-1
195,3,304.98663330078125,213.7857208251953,30.256591796875,67.75990295410156,-1,-1,-1,-1
196,3,304.4330139160156,214.9324188232422,30.046539306640625,67.13404846191406,-1,-1,-1,-1
197,3,301.4588623046875,216.3290557861328,31.552215576171875,66.33152770996094,-1,-1,-1,-1
198,3,301.2076416015625,217.3931121826172,29.600433349609375,64.95585632324219,-1,-1,-1,-1
199,3,298.5319519042969,217.3983612060547,28.9683837890625,65.21772766113281,-1,-1,-1,-1
200,3,297.97900390625,217.14138793945312,28.92352294921875,66.10940551757812,-1,-1,-1,-1
1,4,199.1554412841797,294.6284484863281,27.724868774414062,91.1314697265625,-1,-1,-1,-1
2,4,198.5049285888672,295.318115234375,27.81085205078125,90.80224609375,-1,-1,-1,-1
3,4,197.99534606933594,294.217529296875,28.262863159179688,93.17984008789062,-1,-1,-1,-1
4,4,197.493896484375,293.411376953125,28.701736450195312,94.45120239257812,-1,-1,-1,-1
5,4,196.74916076660156,294.3729553222656,28.723709106445312,93.50357055664062,-1,-1,-1,-1
6,4,196.03114318847656,295.4339294433594,28.818252563476562,92.771728515625,-1,-1,-1,-1
7,4,194.21539306640625,296.0481872558594,29.200698852539062,93.45758056640625,-1,-1,-1,-1
8,4,192.82162475585938,296.6227722167969,29.571151733398438,93.2177734375,-1,-1,-1,-1
9,4,191.2840576171875,297.5724792480469,30.130752563476562,92.74026489257812,-1,-1,-1,-1
10,4,190.3105926513672,297.81915283203125,30.5125732421875,93.04568481445312,-1,-1,-1,-1
11,4,189.38369750976562,297.9679870605469,30.814773559570312,92.71978759765625,-1,-1,-1,-1
12,4,188.4385528564453,298.29931640625,31.230239868164062,92.72683715820312,-1,-1,-1,-1
13,4,185.31393432617188,300.8203430175781,31.578216552734375,91.90228271484375,-1,-1,-1,-1
14,4,184.07666015625,302.05474853515625,31.7415771484375,90.73046875,-1,-1,-1,-1
15,4,182.70547485351562,302.900634765625,31.011932373046875,89.99734497070312,-1,-1,-1,-1
16,4,181.7615203857422,302.3998718261719,30.96771240234375,90.66787719726562,-1,-1,-1,-1
17,4,179.91558837890625,301.5025634765625,30.647552490234375,93.72763061523438,-1,-1,-1,-1
18,4,178.54196166992188,300.6087341308594,31.07086181640625,96.29953002929688,-1,-1,-1,-1
19,4,176.72218322753906,301.87860107421875,30.883987426757812,95.16937255859375,-1,-1,-1,-1
20,4,175.5775909423828,303.40753173828125,29.361434936523438,95.32421875,-1,-1,-1,-1
21,4,174.9631805419922,302.6817932128906,28.683609008789062,96.32391357421875,-1,-1,-1,-1
22,4,174.42462158203125,303.40057373046875,28.130691528320312,95.79977416992188,-1,-1,-1,-1
23,4,170.6781463623047,305.02655029296875,30.244842529296875,95.81866455078125,-1,-1,-1,-1
24,4,169.74217224121094,304.1929931640625,30.792022705078125,96.44644165039062,-1,-1,-1,-1
25,4,167.7745361328125,304.6679382324219,31.52862548828125,96.66744995117188,-1,-1,-1,-1
26,4,166.92556762695312,304.61572265625,31.38067626953125,96.88458251953125,-1,-1,-1,-1
27,4,164.97117614746094,307.4381103515625,29.76788330078125,95.74990844726562,-1,-1,-1,-1
28,4,164.39340209960938,307.656982421875,28.858795166015625,95.36093139648438,-1,-1,-1,-1
29,4,161.83209228515625,307.83056640625,28.805618286132812,95.68276977539062,-1,-1,-1,-1
30,4,160.77627563476562,307.8674011230469,29.00872802734375,95.4052734375,-1,-1,-1,-1
31,4,157.19332885742188,307.11187744140625,30.629058837890625,97.6593017578125,-1,-1,-1,-1
32,4,155.08285522460938,306.0142517089844,31.823944091796875,98.66806030273438,-1,-1,-1,-1
33,4,152.94407653808594,308.5091247558594,32.651611328125,96.28494262695312,-1,-1,-1,-1
34,4,151.82894897460938,308.9891662597656,32.76373291015625,96.04220581054688,-1,-1,-1,-1
35,4,149.23741149902344,309.0505065917969,33.977020263671875,97.18112182617188,-1,-1,-1,-1
36,4,148.22122192382812,308.8883056640625,33.7823486328125,96.71063232421875,-1,-1,-1,-1
37,4,144.4740753173828,307.343505859375,35.91217041015625,99.70480346679688,-1,-1,-1,-1
38,4,143.37704467773438,308.2395324707031,35.7508544921875,98.9332275390625,-1,-1,-1,-1
39,4,141.99191284179688,309.194580078125,34.87901306152344,98.40493774414062,-1,-1,-1,-1
40,4,140.80157470703125,310.346923828125,33.83758544921875,96.50137329101562,-1,-1,-1,-1
41,4,139.97869873046875,310.95550537109375,32.808685302734375,95.81594848632812,-1,-1,-1,-1
42,4,139.69052124023438,311.3978271484375,31.610061645507812,95.47732543945312,-1,-1,-1,-1
43,4,136.14315795898438,311.55084228515625,31.998031616210938,96.939208984375,-1,-1,-1,-1
44,4,135.4611053466797,311.0470886230469,32.4315185546875,98.22930908203125,-1,-1,-1,-1
45,4,134.96253967285156,312.93310546875,31.345932006835938,97.93304443359375,-1,-1,-1,-1
46,4,134.46298217773438,313.8121337890625,30.892501831054688,97.89749145507812,-1,-1,-1,-1
47,4,133.8127899169922,314.693359375,30.404632568359375,97.13259887695312,-1,-1,-1,-1
48,4,132.05917358398438,315.5399169921875,31.427490234375,97.9488525390625,-1,-1,-1,-1
49,4,129.7590789794922,315.6120910644531,32.59812927246094,100.02578735351562,-1,-1,-1,-1
50,4,129.32066345214844,316.9956970214844,31.889495849609375,98.45086669921875,-1,-1,-1,-1
51,4,128.21363830566406,317.8410949707031,31.819534301757812,97.82391357421875,-1,-1,-1,-1
52,4,127.14788818359375,318.4833679199219,31.99432373046875,97.46383666992188,-1,-1,-1,-1
53,4,125.8003921508789,318.3699951171875,31.832176208496094,97.6676025390625,-1,-1,-1,-1
54,4,123.98066711425781,318.9601745605469,32.63304138183594,97.8807373046875,-1,-1,-1,-1
55,4,121.60198211669922,320.22845458984375,32.914649963378906,97.99398803710938,-1,-1,-1,-1
56,4,118.70940399169922,320.3968505859375,34.889244079589844,98.09381103515625,-1,-1,-1,-1
57,4,115.18897247314453,321.3123779296875,37.59502410888672,98.05718994140625,-1,-1,-1,-1
58,4,113.74159240722656,321.8429870605469,37.85844421386719,97.5489501953125,-1,-1,-1,-1
59,4,110.13055419921875,322.94488525390625,40.26863098144531,97.23171997070312,-1,-1,-1,-1
60,4,110.25833892822266,323.5920104980469,39.194190979003906,96.80364990234375,-1,-1,-1,-1
61,4,109.43463897705078,323.18914794921875,38.49536895751953,97.41403198242188,-1,-1,-1,-1
62,4,108.7665786743164,322.6202697753906,37.92670440673828,98.12515258789062,-1,-1,-1,-1
63,4,108.33087158203125,323.322265625,36.480438232421875,97.39028930664062,-1,-1,-1,-1
64,4,107.54041290283203,323.665771484375,36.056114196777344,97.29611206054688,-1,-1,-1,-1
65,4,105.93402099609375,322.8694763183594,34.589691162109375,98.21136474609375,-1,-1,-1,-1
66,4,105.20328521728516,323.0947265625,33.746803283691406,98.42193603515625,-1,-1,-1,-1
67,4,102.6950454711914,324.2727966308594,33.47075653076172,98.43988037109375,-1,-1,-1,-1
68,4,102.05166625976562,324.34210205078125,32.980133056640625,99.86993408203125,-1,-1,-1,-1
69,4,101.18873596191406,325.1147155761719,31.603530883789062,100.05990600585938,-1,-1,-1,-1
70,4,100.55516815185547,325.57598876953125,31.420265197753906,99.4678955078125,-1,-1,-1,-1
71,4,99.5464096069336,326.6304626464844,30.767051696777344,99.29006958007812,-1,-1,-1,-1
72,4,98.72688293457031,326.7546691894531,31.209327697753906,99.768798828125,-1,-1,-1,-1
73,4,96.1119613647461,327.70849609375,31.728431701660156,100.16592407226562,-1,-1,-1,-1
74,4,95.22325897216797,328.4666442871094,31.769973754882812,99.6898193359375,-1,-1,-1,-1
75,4,93.1667251586914,328.13226318359375,32.6688232421875,100.20126342773438,-1,-1,-1,-1
76,4,91.82799530029297,327.88348388671875,33.6099853515625,101.11080932617188,-1,-1,-1,-1
77,4,90.11115264892578,327.7878723144531,34.217529296875,101.46609497070312,-1,-1,-1,-1
78,4,89.10355377197266,327.93450927734375,34.666229248046875,101.63037109375,-1,-1,-1,-1
79,4,86.47248077392578,328.558837890625,35.724090576171875,102.1531982421875,-1,-1,-1,-1
80,4,83.21640014648438,329.1405334472656,37.63634490966797,102.5142822265625,-1,-1,-1,-1
81,4,79.43487548828125,329.53302001953125,40.29969024658203,102.57986450195312,-1,-1,-1,-1
82,4,78.46185302734375,330.3511657714844,40.6253662109375,101.56863403320312,-1,-1,-1,-1
83,4,77.8316421508789,330.14398193359375,40.44489288330078,101.94546508789062,-1,-1,-1,-1
84,4,77.3978500366211,330.4244689941406,39.72081756591797,101.51876831054688,-1,-1,-1,-1
85,4,76.34160614013672,330.50726318359375,38.342674255371094,101.47665405273438,-1,-1,-1,-1
86,4,75.31180572509766,330.80487060546875,37.219451904296875,101.17355346679688,-1,-1,-1,-1
87,4,73.32335662841797,332.134033203125,35.270240783691406,100.36773681640625,-1,-1,-1,-1
88,4,72.45506286621094,332.26318359375,34.29766082763672,100.63180541992188,-1,-1,-1,-1
89,4,70.24713134765625,332.52252197265625,34.17494201660156,100.30770874023438,-1,-1,-1,-1
90,4,69.1349105834961,333.59906005859375,33.490325927734375,100.93374633789062,-1,-1,-1,-1
91,4,67.6008529663086,335.7976379394531,33.12359619140625,100.79168701171875,-1,-1,-1,-1
92,4,66.34938049316406,338.6653137207031,32.88793182373047,97.953125,-1,-1,-1,-1
93,4,64.79236221313477,339.1722717285156,32.33982467651367,99.5601806640625,-1,-1,-1,-1
94,4,63.67146682739258,338.7673034667969,32.63992691040039,101.0272216796875,-1,-1,-1,-1
95,4,62.23137664794922,337.95257568359375,33.222076416015625,102.50582885742188,-1,-1,-1,-1
96,4,61.06514358520508,338.1313781738281,33.188228607177734,103.0958251953125,-1,-1,-1,-1
97,4,59.92801284790039,338.68414306640625,33.75876998901367,103.463623046875,-1,-1,-1,-1
98,4,58.9766731262207,339.6397705078125,33.778079986572266,102.87265014648438,-1,-1,-1,-1
99,4,55.387550354003906,341.7571716308594,34.206939697265625,101.03094482421875,-1,-1,-1,-1
100,4,54.756385803222656,342.5557556152344,33.399566650390625,100.1014404296875,-1,-1,-1,-1
101,4,52.39285659790039,342.8597412109375,34.33516311645508,100.55862426757812,-1,-1,-1,-1
102,4,50.474220275878906,342.874267578125,35.60944366455078,100.92401123046875,-1,-1,-1,-1
103,4,45.85258483886719,343.48773193359375,38.69624328613281,101.96890258789062,-1,-1,-1,-1
104,4,44.69652557373047,343.9280700683594,39.06109619140625,100.91082763671875,-1,-1,-1,-1
105,4,42.81148910522461,344.2994079589844,40.02293014526367,101.20614624023438,-1,-1,-1,-1
106,4,42.0811882019043,345.2257080078125,39.84846878051758,100.17239379882812,-1,-1,-1,-1
107,4,40.624839782714844,345.7342529296875,39.6134033203125,100.26742553710938,-1,-1,-1,-1
108,4,39.5357666015625,345.23736572265625,39.277427673339844,100.71499633789062,-1,-1,-1,-1
109,4,37.45539474487305,346.5902404785156,37.03581619262695,100.40386962890625,-1,-1,-1,-1
110,4,37.35110092163086,347.1249694824219,34.97720718383789,100.11184692382812,-1,-1,-1,-1
111,4,36.59849548339844,345.4309997558594,32.09779357910156,101.9127197265625,-1,-1,-1,-1
112,4,35.19795608520508,346.0380859375,32.75656509399414,101.854736328125,-1,-1,-1,-1
113,4,33.64146041870117,346.9700012207031,32.905025482177734,102.892333984375,-1,-1,-1,-1
114,4,32.568599700927734,347.8539123535156,32.975372314453125,102.41268920898438,-1,-1,-1,-1
115,4,31.015283584594727,349.26318359375,33.18502235412598,101.99600219726562,-1,-1,-1,-1
116,4,29.782033920288086,350.0871887207031,33.70870018005371,102.33197021484375,-1,-1,-1,-1
117,4,27.61487579345703,351.66522216796875,33.877437591552734,101.60934448242188,-1,-1,-1,-1
118,4,27.030065536499023,351.7274475097656,33.44250679016113,101.38406372070312,-1,-1,-1,-1
119,4,25.539506912231445,351.8351135253906,33.07381629943848,101.91351318359375,-1,-1,-1,-1
120,4,24.224811553955078,351.38507080078125,33.33673095703125,102.75741577148438,-1,-1,-1,-1
121,4,22.774967193603516,351.33740234375,33.63763427734375,103.48757934570312,-1,-1,-1,-1
122,4,21.719741821289062,351.1568908691406,34.12464904785156,103.93954467773438,-1,-1,-1,-1
123,4,20.286720275878906,351.6063232421875,33.994895935058594,104.00775146484375,-1,-1,-1,-1
124,4,18.58643341064453,351.9898376464844,34.87141036987305,104.97366333007812,-1,-1,-1,-1
125,4,13.205406188964844,353.21484375,38.45363998413086,105.01922607421875,-1,-1,-1,-1
126,4,10.815794944763184,353.3000183105469,40.74276065826416,105.60986328125,-1,-1,-1,-1
127,4,7.678028583526611,353.7997131347656,42.938884258270264,105.79296875,-1,-1,-1,-1
128,4,6.634670257568359,354.823486328125,43.254249572753906,104.93069458007812,-1,-1,-1,-1
129,4,6.145826816558838,355.80267333984375,42.89969778060913,104.26510620117188,-1,-1,-1,-1
130,4,5.814307689666748,356.8436279296875,42.02929735183716,103.1494140625,-1,-1,-1,-1
131,4,4.413257837295532,356.5104064941406,40.18980002403259,104.58642578125,-1,-1,-1,-1
132,4,4.04858136177063,356.3463134765625,38.25971484184265,105.59408569335938,-1,-1,-1,-1
133,4,2.35265851020813,356.30194091796875,37.153910398483276,106.20806884765625,-1,-1,-1,-1
134,4,1.0,356.89288330078125,36.02809524536133,105.0870361328125,-1,-1,-1,-1
135,4,1.0,357.43707275390625,31.437814712524414,106.67538452148438,-1,-1,-1,-1
136,4,1.0,358.2023010253906,30.19524383544922,106.44189453125,-1,-1,-1,-1
137,4,1.0,357.9595947265625,28.776281356811523,107.24496459960938,-1,-1,-1,-1
138,4,1.0,357.80072021484375,27.939979553222656,107.75137329101562,-1,-1,-1,-1
139,4,1.0,357.61456298828125,27.04692268371582,107.43951416015625,-1,-1,-1,-1
140,4,1.0,356.39990234375,26.85990333557129,110.55258178710938,-1,-1,-1,-1
141,4,1.0,355.3345947265625,26.382099151611328,112.059326171875,-1,-1,-1,-1
142,4,1.0,356.1278381347656,25.54793357849121,112.2841796875,-1,-1,-1,-1
178,5,29.182279586791992,449.6392517089844,34.09012413024902,32.360748291015625,-1,-1,-1,-1
179,5,33.92256546020508,448.2789611816406,35.284549713134766,33.721038818359375,-1,-1,-1,-1
180,5,35.164798736572266,447.5587463378906,35.898502349853516,34.441253662109375,-1,-1,-1,-1
181,5,42.660308837890625,448.097900390625,34.947608947753906,33.902099609375,-1,-1,-1,-1
182,5,46.1296501159668,449.30841064453125,34.0714225769043,32.69158935546875,-1,-1,-1,-1
183,5,52.57912826538086,449.8271789550781,33.62880325317383,32.172821044921875,-1,-1,-1,-1
184,5,55.645477294921875,449.0185852050781,34.25325012207031,32.981414794921875,-1,-1,-1,-1
185,5,63.67898178100586,447.2044372558594,34.5252571105957,34.795562744140625,-1,-1,-1,-1
186,5,64.81510543823242,445.8972473144531,35.29752731323242,36.102752685546875,-1,-1,-1,-1
187,5,69.42951202392578,441.15557861328125,38.34178161621094,40.84442138671875,-1,-1,-1,-1
188,5,72.31177520751953,439.13671875,38.66279602050781,42.86328125,-1,-1,-1,-1
189,5,75.73199462890625,436.0749816894531,40.486785888671875,45.925018310546875,-1,-1,-1,-1
190,5,76.77336120605469,435.7778015136719,41.35369873046875,46.222198486328125,-1,-1,-1,-1
191,5,83.25747680664062,436.3457336425781,41.814674377441406,45.654266357421875,-1,-1,-1,-1
192,5,84.05786895751953,436.9561462402344,43.253257751464844,45.043853759765625,-1,-1,-1,-1
193,5,91.15509033203125,437.7154846191406,42.878631591796875,44.284515380859375,-1,-1,-1,-1
194,5,92.49826049804688,437.1990051269531,45.037567138671875,44.800994873046875,-1,-1,-1,-1
195,5,95.7673110961914,434.9577331542969,47.32170867919922,47.042266845703125,-1,-1,-1,-1
196,5,99.71379852294922,433.8793640136719,47.22277069091797,48.120635986328125,-1,-1,-1,-1
197,5,103.53884887695312,431.6664123535156,47.35380554199219,50.333587646484375,-1,-1,-1,-1
198,5,105.59481811523438,429.65203857421875,46.06416320800781,52.34796142578125,-1,-1,-1,-1
199,5,108.55130767822266,425.6692199707031,45.770530700683594,56.330780029296875,-1,-1,-1,-1
200,5,111.27827453613281,424.3902893066406,44.407867431640625,57.609710693359375,-1,-1,-1,-1
