1,1,260.8514709472656,330.3442687988281,28.5069580078125,83.85061645507812,-1,-1,-1,-1
2,1,261.4246826171875,330.3792724609375,28.450653076171875,83.05001831054688,-1,-1,-1,-1
3,1,263.4074401855469,330.42919921875,27.9332275390625,81.3441162109375,-1,-1,-1,-1
4,1,264.2660217285156,330.23333740234375,28.8990478515625,80.80426025390625,-1,-1,-1,-1
5,1,265.82489013671875,330.4299011230469,28.2823486328125,80.01199340820312,-1,-1,-1,-1
6,1,266.8661804199219,330.41534423828125,28.105194091796875,79.37881469726562,-1,-1,-1,-1
7,1,267.5762023925781,329.4937438964844,29.65673828125,80.23480224609375,-1,-1,-1,-1
8,1,268.1636047363281,329.4371337890625,30.15045166015625,79.90118408203125,-1,-1,-1,-1
9,1,270.6706848144531,328.4913635253906,28.62548828125,78.98153686523438,-1,-1,-1,-1
10,1,270.958251953125,327.4842529296875,29.610565185546875,79.59597778320312,-1,-1,-1,-1
11,1,271.489990234375,326.11724853515625,30.398101806640625,79.55569458007812,-1,-1,-1,-1
12,1,272.5648193359375,323.846923828125,30.5865478515625,81.0174560546875,-1,-1,-1,-1
13,1,275.47412109375,322.3516845703125,30.531585693359375,81.6107177734375,-1,-1,-1,-1
14,1,276.8664855957031,322.53717041015625,30.020477294921875,81.36148071289062,-1,-1,-1,-1
15,1,279.1448669433594,320.2720031738281,31.3870849609375,83.48110961914062,-1,-1,-1,-1
16,1,280.017578125,320.50250244140625,31.11444091796875,82.57589721679688,-1,-1,-1,-1
17,1,281.9757385253906,320.43023681640625,32.048553466796875,81.93402099609375,-1,-1,-1,-1
18,1,282.5199279785156,320.2405090332031,31.628997802734375,81.5828857421875,-1,-1,-1,-1
19,1,283.7839660644531,319.3097839355469,31.433868408203125,81.81375122070312,-1,-1,-1,-1
20,1,285.6751708984375,318.57952880859375,30.844635009765625,81.20004272460938,-1,-1,-1,-1
21,1,287.7234802246094,317.86114501953125,29.7430419921875,79.18441772460938,-1,-1,-1,-1
22,1,288.7216796875,316.90863037109375,29.162261962890625,79.59918212890625,-1,-1,-1,-1
23,1,290.7799377441406,316.4516296386719,28.801483154296875,79.47198486328125,-1,-1,-1,-1
24,1,291.6377868652344,316.14599609375,29.08343505859375,79.65603637695312,-1,-1,-1,-1
25,1,292.3582458496094,315.9010009765625,30.022308349609375,79.99880981445312,-1,-1,-1,-1
26,1,293.8203125,315.9397277832031,29.455780029296875,79.79959106445312,-1,-1,-1,-1
27,1,295.66192626953125,315.7811279296875,28.943695068359375,79.51510620117188,-1,-1,-1,-1
28,1,296.8434753417969,315.29840087890625,28.888153076171875,79.29873657226562,-1,-1,-1,-1
29,1,299.5299072265625,313.39678955078125,29.084808349609375,78.513916015625,-1,-1,-1,-1
30,1,300.6739196777344,312.9480895996094,28.619232177734375,77.47479248046875,-1,-1,-1,-1
31,1,302.8118896484375,312.8717346191406,29.6373291015625,76.13058471679688,-1,-1,-1,-1
32,1,303.25634765625,311.6492004394531,29.3883056640625,76.77651977539062,-1,-1,-1,-1
33,1,304.94720458984375,310.518310546875,28.98291015625,77.38348388671875,-1,-1,-1,-1
34,1,305.7159423828125,311.6944580078125,28.678985595703125,75.84848022460938,-1,-1,-1,-1
35,1,307.6728820800781,311.4251708984375,29.33367919921875,76.07717895507812,-1,-1,-1,-1
36,1,308.4366455078125,311.78924560546875,28.943603515625,75.1712646484375,-1,-1,-1,-1
37,1,309.848388671875,308.9818115234375,28.84808349609375,77.58721923828125,-1,-1,-1,-1
38,1,310.9123229980469,308.1267395019531,28.4010009765625,78.00155639648438,-1,-1,-1,-1
39,1,312.8856506347656,306.0983581542969,29.04412841796875,77.86996459960938,-1,-1,-1,-1
40,1,313.5843505859375,303.4747619628906,28.9027099609375,80.31527709960938,-1,-1,-1,-1
41,1,315.1351013183594,302.403564453125,28.826324462890625,80.23638916015625,-1,-1,-1,-1
42,1,315.9169616699219,301.3643493652344,29.727935791015625,81.1031494140625,-1,-1,-1,-1
43,1,318.1300048828125,300.50506591796875,30.51263427734375,81.9659423828125,-1,-1,-1,-1
44,1,318.609619140625,301.2560729980469,30.450103759765625,80.89248657226562,-1,-1,-1,-1
45,1,319.8254089355469,302.3810119628906,29.374908447265625,79.08749389648438,-1,-1,-1,-1
46,1,320.81976318359375,302.80853271484375,28.6357421875,77.61386108398438,-1,-1,-1,-1
47,1,322.14764404296875,301.9350891113281,27.867279052734375,77.1207275390625,-1,-1,-1,-1
48,1,322.9322509765625,301.00927734375,28.0645751953125,77.097900390625,-1,-1,-1,-1
49,1,325.12261962890625,300.27862548828125,27.008880615234375,75.77142333984375,-1,-1,-1,-1
50,1,325.5164794921875,299.66461181640625,27.616424560546875,75.96353149414062,-1,-1,-1,-1
51,1,327.1975402832031,299.451171875,26.055206298828125,75.52398681640625,-1,-1,-1,-1
52,1,327.7825927734375,299.11053466796875,25.98223876953125,75.90908813476562,-1,-1,-1,-1
53,1,329.6943359375,298.1601257324219,26.358642578125,76.41586303710938,-1,-1,-1,-1
54,1,330.5455322265625,297.64556884765625,26.68157958984375,76.98095703125,-1,-1,-1,-1
55,1,331.9144287109375,297.4820861816406,27.18438720703125,77.01058959960938,-1,-1,-1,-1
56,1,332.8543701171875,297.28759765625,26.66998291015625,76.3621826171875,-1,-1,-1,-1
57,1,333.88043212890625,296.3348388671875,26.943115234375,76.27386474609375,-1,-1,-1,-1
58,1,335.02056884765625,296.33642578125,26.89837646484375,75.05941772460938,-1,-1,-1,-1
59,1,336.15692138671875,295.3421325683594,26.680755615234375,74.07598876953125,-1,-1,-1,-1
60,1,336.6494445800781,294.7797546386719,27.274078369140625,73.9603271484375,-1,-1,-1,-1
61,1,338.071533203125,292.49542236328125,27.428497314453125,75.44482421875,-1,-1,-1,-1
62,1,339.3944091796875,292.95635986328125,26.794281005859375,74.78631591796875,-1,-1,-1,-1
63,1,341.24310302734375,292.1057434082031,26.408966064453125,75.41140747070312,-1,-1,-1,-1
64,1,341.6524658203125,291.48773193359375,26.65380859375,76.0335693359375,-1,-1,-1,-1
65,1,342.4837951660156,291.40966796875,26.19049072265625,75.88275146484375,-1,-1,-1,-1
66,1,343.2117614746094,290.3034362792969,26.48468017578125,76.4735107421875,-1,-1,-1,-1
67,1,343.86712646484375,289.0351257324219,26.87750244140625,76.49819946289062,-1,-1,-1,-1
68,1,344.93829345703125,288.8428649902344,26.1348876953125,74.9537353515625,-1,-1,-1,-1
69,1,345.7554626464844,285.9304504394531,25.963134765625,76.56796264648438,-1,-1,-1,-1
70,1,346.1680603027344,284.3605041503906,26.129119873046875,76.78665161132812,-1,-1,-1,-1
71,1,346.8079528808594,283.8303527832031,26.502105712890625,77.43124389648438,-1,-1,-1,-1
72,1,347.76611328125,284.3816833496094,26.21630859375,76.6763916015625,-1,-1,-1,-1
73,1,349.60552978515625,285.32861328125,27.261138916015625,75.23870849609375,-1,-1,-1,-1
74,1,350.07470703125,285.2154846191406,27.223480224609375,74.87835693359375,-1,-1,-1,-1
75,1,351.2002868652344,284.7302551269531,27.023590087890625,74.55398559570312,-1,-1,-1,-1
76,1,351.7132568359375,283.935791015625,27.811920166015625,75.0390625,-1,-1,-1,-1
77,1,352.8935546875,283.1148986816406,28.498870849609375,74.93203735351562,-1,-1,-1,-1
78,1,353.54949951171875,283.4967041015625,28.4271240234375,73.72494506835938,-1,-1,-1,-1
79,1,354.9534606933594,281.7164001464844,28.485321044921875,73.38827514648438,-1,-1,-1,-1
80,1,355.4526062011719,281.05181884765625,28.39251708984375,73.56710815429688,-1,-1,-1,-1
81,1,358.32440185546875,281.0812072753906,26.59515380859375,72.89154052734375,-1,-1,-1,-1
82,1,359.0662841796875,281.0981750488281,26.823577880859375,72.78335571289062,-1,-1,-1,-1
83,1,360.7269287109375,281.194580078125,26.289520263671875,72.05548095703125,-1,-1,-1,-1
84,1,361.319580078125,281.218994140625,26.25982666015625,71.7579345703125,-1,-1,-1,-1
85,1,362.6664123535156,280.2627258300781,25.645416259765625,72.22604370117188,-1,-1,-1,-1
86,1,363.571533203125,279.802490234375,25.20428466796875,71.86614990234375,-1,-1,-1,-1
87,1,364.85943603515625,278.2403259277344,25.283447265625,72.24517822265625,-1,-1,-1,-1
88,1,365.3834228515625,277.221435546875,25.43511962890625,72.3197021484375,-1,-1,-1,-1
89,1,366.37518310546875,276.22491455078125,25.402618408203125,71.97900390625,-1,-1,-1,-1
90,1,367.17156982421875,275.5152893066406,25.512786865234375,72.05502319335938,-1,-1,-1,-1
91,1,368.9429931640625,274.4596862792969,25.51788330078125,72.70132446289062,-1,-1,-1,-1
92,1,369.578125,273.5890808105469,25.843170166015625,73.62930297851562,-1,-1,-1,-1
93,1,370.6527404785156,273.29718017578125,26.37506103515625,73.77145385742188,-1,-1,-1,-1
94,1,371.3616943359375,273.0723876953125,26.499786376953125,73.49822998046875,-1,-1,-1,-1
95,1,372.4076232910156,272.76116943359375,26.34979248046875,72.97866821289062,-1,-1,-1,-1
96,1,372.9113464355469,272.3866271972656,26.30401611328125,73.14584350585938,-1,-1,-1,-1
97,1,375.25103759765625,270.60797119140625,26.283721923828125,72.88589477539062,-1,-1,-1,-1
98,1,375.8668212890625,269.7933349609375,26.1510009765625,73.10891723632812,-1,-1,-1,-1
99,1,377.4530944824219,267.83050537109375,26.35595703125,73.17764282226562,-1,-1,-1,-1
100,1,377.86944580078125,267.64862060546875,27.0445556640625,73.1090087890625,-1,-1,-1,-1
101,1,379.4044494628906,267.78857421875,26.46551513671875,73.29452514648438,-1,-1,-1,-1
102,1,380.1232604980469,267.688720703125,26.477874755859375,73.819091796875,-1,-1,-1,-1
103,1,381.2814025878906,267.3230285644531,26.03631591796875,73.74078369140625,-1,-1,-1,-1
104,1,382.1432800292969,266.84820556640625,25.966644287109375,73.62164306640625,-1,-1,-1,-1
105,1,383.34173583984375,266.93731689453125,25.782684326171875,71.985595703125,-1,-1,-1,-1
106,1,383.8921813964844,266.3065185546875,26.04913330078125,72.0858154296875,-1,-1,-1,-1
107,1,384.7932434082031,265.1915588378906,25.378021240234375,71.28298950195312,-1,-1,-1,-1
108,1,385.3918151855469,264.4554138183594,25.29693603515625,71.84646606445312,-1,-1,-1,-1
109,1,386.8136901855469,262.4670715332031,27.360595703125,73.47921752929688,-1,-1,-1,-1
110,1,387.4965515136719,262.78082275390625,27.29034423828125,73.02886962890625,-1,-1,-1,-1
111,1,388.6532287597656,262.90667724609375,28.075592041015625,72.13388061523438,-1,-1,-1,-1
112,1,390.1388244628906,263.1610412597656,27.44769287109375,70.92526245117188,-1,-1,-1,-1
113,1,391.2592468261719,262.9352722167969,27.343902587890625,70.42514038085938,-1,-1,-1,-1
114,1,392.0041198730469,262.66253662109375,27.6014404296875,70.21939086914062,-1,-1,-1,-1
115,1,393.5555114746094,261.58642578125,28.068115234375,70.6162109375,-1,-1,-1,-1
116,1,394.4326477050781,261.07733154296875,29.299560546875,70.54885864257812,-1,-1,-1,-1
117,1,396.4783630371094,259.693603515625,29.89666748046875,70.51504516601562,-1,-1,-1,-1
118,1,397.2236633300781,259.23785400390625,29.929412841796875,70.15982055664062,-1,-1,-1,-1
119,1,399.2237854003906,259.0470275878906,29.286865234375,69.25689697265625,-1,-1,-1,-1
120,1,400.2664794921875,258.6462097167969,28.8580322265625,69.15206909179688,-1,-1,-1,-1
121,1,401.2149658203125,257.9580078125,29.35137939453125,68.98031616210938,-1,-1,-1,-1
122,1,402.07855224609375,258.0312805175781,28.9840087890625,68.64627075195312,-1,-1,-1,-1
123,1,403.07537841796875,257.49322509765625,29.476409912109375,69.5628662109375,-1,-1,-1,-1
124,1,403.7825622558594,256.71728515625,29.21502685546875,70.0693359375,-1,-1,-1,-1
125,1,404.870849609375,255.57240295410156,29.358062744140625,70.43479919433594,-1,-1,-1,-1
126,1,406.833984375,254.05372619628906,28.713592529296875,70.27153015136719,-1,-1,-1,-1
127,1,408.82135009765625,253.73814392089844,27.5740966796875,69.30302429199219,-1,-1,-1,-1
128,1,409.7237548828125,252.96755981445312,27.04931640625,69.6551513671875,-1,-1,-1,-1
129,1,411.1166687011719,252.7675018310547,26.427734375,69.82130432128906,-1,-1,-1,-1
130,1,411.6195983886719,252.3207244873047,26.855072021484375,70.11988830566406,-1,-1,-1,-1
131,1,412.5837707519531,252.41281127929688,27.35552978515625,69.86282348632812,-1,-1,-1,-1
132,1,413.1808166503906,252.4970703125,27.8006591796875,69.50399780273438,-1,-1,-1,-1
133,1,414.744140625,251.39195251464844,28.508880615234375,70.25422668457031,-1,-1,-1,-1
134,1,415.6120300292969,250.91297912597656,28.513641357421875,70.13462829589844,-1,-1,-1,-1
135,1,418.4415588378906,249.27761840820312,29.266357421875,69.8857421875,-1,-1,-1,-1
136,1,419.2264709472656,249.0021209716797,28.886444091796875,69.52287292480469,-1,-1,-1,-1
137,1,421.3985290527344,248.70216369628906,27.41766357421875,69.02821350097656,-1,-1,-1,-1
138,1,422.3426513671875,248.2742919921875,26.917327880859375,69.45977783203125,-1,-1,-1,-1
139,1,423.30352783203125,247.99378967285156,27.731048583984375,69.24406433105469,-1,-1,-1,-1
140,1,423.8713073730469,248.22532653808594,27.635986328125,68.80970764160156,-1,-1,-1,-1
141,1,425.1022644042969,247.97372436523438,26.825714111328125,68.72296142578125,-1,-1,-1,-1
142,1,425.69744873046875,247.47328186035156,26.784454345703125,69.05329895019531,-1,-1,-1,-1
143,1,427.7972106933594,246.41885375976562,26.305267333984375,68.46371459960938,-1,-1,-1,-1
144,1,428.7247619628906,245.55860900878906,26.126617431640625,68.43016052246094,-1,-1,-1,-1
145,1,429.4455871582031,243.4147491455078,27.0113525390625,69.48222351074219,-1,-1,-1,-1
146,1,430.4139709472656,243.4489288330078,26.616546630859375,69.19407653808594,-1,-1,-1,-1
147,1,431.85565185546875,243.56166076660156,26.267242431640625,68.36183166503906,-1,-1,-1,-1
148,1,432.7457580566406,243.38748168945312,26.127777099609375,68.46676635742188,-1,-1,-1,-1
149,1,433.564453125,242.9351043701172,26.3531494140625,68.31864929199219,-1,-1,-1,-1
150,1,434.4136047363281,242.68417358398438,26.14300537109375,68.19110107421875,-1,-1,-1,-1
151,1,435.285400390625,241.80560302734375,26.4443359375,68.40933227539062,-1,-1,-1,-1
152,1,435.9469909667969,241.4269561767578,26.168426513671875,68.78428649902344,-1,-1,-1,-1
153,1,436.4792175292969,240.1121063232422,26.42755126953125,69.63618469238281,-1,-1,-1,-1
154,1,437.5099792480469,239.49388122558594,26.307525634765625,68.57249450683594,-1,-1,-1,-1
155,1,438.9808349609375,238.0335235595703,26.479705810546875,68.61289978027344,-1,-1,-1,-1
156,1,439.5334777832031,237.34262084960938,26.835662841796875,69.23330688476562,-1,-1,-1,-1
157,1,440.8271484375,235.8490753173828,27.42578125,70.00547790527344,-1,-1,-1,-1
158,1,441.3657531738281,235.3611602783203,27.52545166015625,70.24079895019531,-1,-1,-1,-1
159,1,442.1136169433594,234.8472137451172,27.83843994140625,70.27934265136719,-1,-1,-1,-1
160,1,443.1884460449219,234.9808349609375,26.994598388671875,69.720703125,-1,-1,-1,-1
161,1,444.23870849609375,234.28164672851562,26.877197265625,69.9219970703125,-1,-1,-1,-1
162,1,445.1226501464844,233.84152221679688,26.5263671875,69.83242797851562,-1,-1,-1,-1
163,1,445.97125244140625,233.3931884765625,26.79595947265625,68.80380249023438,-1,-1,-1,-1
164,1,446.7144775390625,233.2903289794922,26.7750244140625,68.13957214355469,-1,-1,-1,-1
165,1,447.1963806152344,232.7129669189453,27.039703369140625,68.24870300292969,-1,-1,-1,-1
166,1,447.32696533203125,232.20335388183594,27.534912109375,68.37992858886719,-1,-1,-1,-1
167,1,448.0400695800781,231.7458038330078,27.395172119140625,68.33259582519531,-1,-1,-1,-1
168,1,448.6011657714844,231.58914184570312,27.39404296875,68.1475830078125,-1,-1,-1,-1
169,1,450.09027099609375,231.10340881347656,27.414947509765625,67.80479431152344,-1,-1,-1,-1
170,1,450.6701354980469,231.29429626464844,27.329833984375,67.53153991699219,-1,-1,-1,-1
171,1,451.9278564453125,230.89292907714844,27.491973876953125,67.50169372558594,-1,-1,-1,-1
172,1,452.7148132324219,230.1232452392578,27.362274169921875,67.96955871582031,-1,-1,-1,-1
173,1,454.51629638671875,229.53176879882812,26.760833740234375,67.3387451171875,-1,-1,-1,-1
174,1,455.4639892578125,229.30714416503906,26.238677978515625,67.03645324707031,-1,-1,-1,-1
175,1,457.0547180175781,228.62973022460938,25.8406982421875,66.89584350585938,-1,-1,-1,-1
176,1,458.13336181640625,227.9993438720703,25.295745849609375,66.22892761230469,-1,-1,-1,-1
177,1,459.1775207519531,227.1560821533203,25.12091064453125,66.39643859863281,-1,-1,-1,-1
178,1,459.6377258300781,226.5772247314453,25.20208740234375,67.04344177246094,-1,-1,-1,-1
179,1,460.3680114746094,226.07154846191406,25.057861328125,67.42033386230469,-1,-1,-1,-1
180,1,461.2379150390625,225.98834228515625,24.5096435546875,67.35659790039062,-1,-1,-1,-1
181,1,462.7590637207031,224.74046325683594,24.19732666015625,68.27735900878906,-1,-1,-1,-1
182,1,463.2780456542969,224.438232421875,24.30743408203125,68.025146484375,-1,-1,-1,-1
183,1,464.9961853027344,223.83384704589844,24.702056884765625,67.51243591308594,-1,-1,-1,-1
184,1,465.44183349609375,223.6436767578125,24.65496826171875,67.22039794921875,-1,-1,-1,-1
185,1,466.5626525878906,222.51718139648438,24.892120361328125,67.35028076171875,-1,-1,-1,-1
186,1,467.4563903808594,222.29762268066406,24.78387451171875,67.12944030761719,-1,-1,-1,-1
187,1,468.6877136230469,222.14871215820312,25.29736328125,66.99993896484375,-1,-1,-1,-1
188,1,469.770263671875,222.4329071044922,25.259857177734375,66.45811462402344,-1,-1,-1,-1
189,1,470.9763488769531,222.65516662597656,26.060546875,66.27537536621094,-1,-1,-1,-1
190,1,471.64105224609375,222.81312561035156,25.923583984375,65.99662780761719,-1,-1,-1,-1
191,1,473.0867919921875,221.74354553222656,26.2630615234375,66.70625305175781,-1,-1,-1,-1
192,1,473.6214904785156,221.57151794433594,26.19903564453125,66.70780944824219,-1,-1,-1,-1
193,1,476.3175354003906,219.73922729492188,25.658660888671875,67.20913696289062,-1,-1,-1,-1
194,1,476.7928161621094,219.7993621826172,25.735260009765625,66.83195495605469,-1,-1,-1,-1
195,1,478.7276306152344,219.1257781982422,25.245452880859375,65.81556701660156,-1,-1,-1,-1
196,1,479.21337890625,218.665283203125,25.381683349609375,65.68460083007812,-1,-1,-1,-1
197,1,480.5470275878906,218.18922424316406,25.1578369140625,65.92066955566406,-1,-1,-1,-1
198,1,481.0485534667969,217.9449005126953,25.5205078125,65.37916564941406,-1,-1,-1,-1
199,1,482.3519287109375,217.71495056152344,25.046417236328125,65.82933044433594,-1,-1,-1,-1
200,1,483.2156982421875,217.54273986816406,24.806793212890625,65.71476745605469,-1,-1,-1,-1
1,2,293.7100830078125,225.15345764160156,25.208831787109375,65.08253479003906,-1,-1,-1,-1
2,2,293.47003173828125,225.07928466796875,25.323822021484375,65.35076904296875,-1,-1,-1,-1
3,2,292.945556640625,224.9147491455078,25.080291748046875,65.42619323730469,-1,-1,-1,-1
4,2,291.8929443359375,224.75889587402344,24.6590576171875,65.68348693847656,-1,-1,-1,-1
5,2,290.75396728515625,224.78871154785156,24.489776611328125,65.50477600097656,-1,-1,-1,-1
6,2,289.1778564453125,225.08636474609375,24.73236083984375,65.80999755859375,-1,-1,-1,-1
7,2,286.44329833984375,226.3667755126953,25.02978515625,65.18528747558594,-1,-1,-1,-1
8,2,284.93621826171875,226.69825744628906,25.74798583984375,65.61012268066406,-1,-1,-1,-1
9,2,284.29718017578125,226.97286987304688,25.699462890625,65.86166381835938,-1,-1,-1,-1
10,2,283.8995666503906,227.5345001220703,25.530303955078125,65.44627380371094,-1,-1,-1,-1
11,2,282.24273681640625,227.89964294433594,25.733001708984375,65.59233093261719,-1,-1,-1,-1
12,2,281.95184326171875,228.4989776611328,24.787445068359375,65.46852111816406,-1,-1,-1,-1
13,2,280.8084411621094,228.4027557373047,24.45208740234375,66.02119445800781,-1,-1,-1,-1
14,2,279.7716369628906,228.1521759033203,24.7926025390625,66.64250183105469,-1,-1,-1,-1
15,2,278.1650695800781,228.33811950683594,24.546539306640625,66.32585144042969,-1,-1,-1,-1
16,2,276.9671936035156,228.69363403320312,24.59185791015625,66.23074340820312,-1,-1,-1,-1
17,2,276.2801818847656,228.9207305908203,24.739410400390625,66.86921691894531,-1,-1,-1,-1
18,2,275.32281494140625,229.68258666992188,25.3428955078125,67.22479248046875,-1,-1,-1,-1
19,2,274.5560607910156,230.4910888671875,25.54815673828125,67.83267211914062,-1,-1,-1,-1
20,2,274.1420593261719,230.786865234375,25.396820068359375,67.5966796875,-1,-1,-1,-1
21,2,273.91485595703125,231.5196075439453,24.96270751953125,67.55836486816406,-1,-1,-1,-1
22,2,273.7163391113281,231.884521484375,24.6619873046875,67.40460205078125,-1,-1,-1,-1
23,2,272.51446533203125,233.1632080078125,24.54608154296875,66.48202514648438,-1,-1,-1,-1
24,2,271.672607421875,233.52841186523438,25.240264892578125,66.49359130859375,-1,-1,-1,-1
25,2,269.68743896484375,234.00735473632812,25.707122802734375,66.63763427734375,-1,-1,-1,-1
26,2,268.84417724609375,234.04579162597656,25.92999267578125,66.85856628417969,-1,-1,-1,-1
27,2,266.9052429199219,233.74400329589844,25.3359375,67.15306091308594,-1,-1,-1,-1
28,2,266.3744812011719,233.9696807861328,25.202392578125,67.52323913574219,-1,-1,-1,-1
29,2,262.884765625,234.5070037841797,26.30230712890625,68.02726745605469,-1,-1,-1,-1
30,2,262.0491027832031,234.6178436279297,26.634796142578125,68.65629577636719,-1,-1,-1,-1
31,2,261.0955505371094,235.23040771484375,26.158233642578125,68.60879516601562,-1,-1,-1,-1
32,2,260.3106384277344,235.59130859375,26.059326171875,68.87921142578125,-1,-1,-1,-1
33,2,259.3533935546875,236.00119018554688,26.177154541015625,68.9190673828125,-1,-1,-1,-1
34,2,258.6125183105469,236.64549255371094,25.999267578125,68.66694641113281,-1,-1,-1,-1
35,2,257.2538146972656,238.05189514160156,25.638763427734375,67.96846008300781,-1,-1,-1,-1
36,2,256.41941833496094,238.87315368652344,25.630844116210938,67.37699890136719,-1,-1,-1,-1
37,2,254.7351531982422,239.3103485107422,25.240371704101562,67.65757751464844,-1,-1,-1,-1
38,2,254.57513427734375,239.45977783203125,24.8638916015625,67.75750732421875,-1,-1,-1,-1
39,2,253.4918975830078,239.3927459716797,24.304092407226562,68.47151184082031,-1,-1,-1,-1
40,2,253.1251220703125,239.93499755859375,23.959747314453125,68.33901977539062,-1,-1,-1,-1
41,2,251.42372131347656,241.01577758789062,24.131942749023438,68.21630859375,-1,-1,-1,-1
42,2,250.5519256591797,241.00094604492188,24.454940795898438,68.55303955078125,-1,-1,-1,-1
43,2,249.4175262451172,241.47276306152344,24.137771606445312,68.52058410644531,-1,-1,-1,-1
44,2,249.18658447265625,242.5127410888672,23.81103515625,67.74855041503906,-1,-1,-1,-1
45,2,246.70265197753906,244.2383575439453,24.209152221679688,66.95396423339844,-1,-1,-1,-1
46,2,245.8082733154297,244.2622833251953,24.247116088867188,67.61552429199219,-1,-1,-1,-1
47,2,244.8748016357422,244.10256958007812,24.362564086914062,68.33523559570312,-1,-1,-1,-1
48,2,243.87295532226562,244.11679077148438,24.081512451171875,68.73269653320312,-1,-1,-1,-1
49,2,240.82489013671875,244.0657196044922,24.760894775390625,69.07987976074219,-1,-1,-1,-1
50,2,240.32986450195312,244.3103790283203,24.300872802734375,68.75688171386719,-1,-1,-1,-1
51,2,237.3328094482422,244.2644805908203,25.895462036132812,69.83158874511719,-1,-1,-1,-1
52,2,235.57655334472656,244.5850372314453,27.022109985351562,69.74406433105469,-1,-1,-1,-1
53,2,233.48561096191406,246.5205078125,27.742599487304688,68.31570434570312,-1,-1,-1,-1
54,2,232.9849853515625,246.7171630859375,27.657806396484375,68.240234375,-1,-1,-1,-1
55,2,231.8508758544922,247.7622833251953,27.107162475585938,67.64485168457031,-1,-1,-1,-1
56,2,231.35459899902344,247.84280395507812,27.199386596679688,67.85897827148438,-1,-1,-1,-1
57,2,229.24473571777344,248.2105255126953,28.237442016601562,68.52439880371094,-1,-1,-1,-1
58,2,228.7319793701172,248.4803009033203,28.083755493164062,68.82655334472656,-1,-1,-1,-1
59,2,226.01405334472656,248.79310607910156,27.36590576171875,68.95664978027344,-1,-1,-1,-1
60,2,225.248046875,248.7201385498047,26.79296875,69.01499938964844,-1,-1,-1,-1
61,2,224.53440856933594,249.1774139404297,26.19927978515625,68.74150085449219,-1,-1,-1,-1
62,2,223.93885803222656,249.7058563232422,25.75030517578125,68.50550842285156,-1,-1,-1,-1
63,2,221.78892517089844,250.77406311035156,26.14215087890625,68.81611633300781,-1,-1,-1,-1
64,2,221.15650939941406,251.3054656982422,25.98187255859375,68.57508850097656,-1,-1,-1,-1
65,2,219.9904022216797,251.69039916992188,25.0908203125,68.52288818359375,-1,-1,-1,-1
66,2,219.6885528564453,251.54600524902344,24.706222534179688,69.29423522949219,-1,-1,-1,-1
67,2,218.69493103027344,252.71868896484375,24.124526977539062,68.74853515625,-1,-1,-1,-1
68,2,218.244140625,252.85231018066406,23.752395629882812,69.05833435058594,-1,-1,-1,-1
69,2,216.60755920410156,253.9736328125,24.185806274414062,69.5218505859375,-1,-1,-1,-1
70,2,216.32916259765625,254.26548767089844,24.056198120117188,69.13520812988281,-1,-1,-1,-1
71,2,213.5504608154297,254.73605346679688,25.43707275390625,69.344970703125,-1,-1,-1,-1
72,2,213.2747039794922,254.58721923828125,25.17047119140625,69.28363037109375,-1,-1,-1,-1
73,2,211.98716735839844,254.63873291015625,25.5361328125,70.04214477539062,-1,-1,-1,-1
74,2,209.9726104736328,254.8486785888672,26.163116455078125,70.83027648925781,-1,-1,-1,-1
75,2,206.75851440429688,255.1682891845703,27.169952392578125,71.27091979980469,-1,-1,-1,-1
76,2,206.09536743164062,255.97634887695312,27.03704833984375,70.58419799804688,-1,-1,-1,-1
77,2,204.83216857910156,256.6446075439453,27.2042236328125,70.61900329589844,-1,-1,-1,-1
78,2,204.1959228515625,257.7337646484375,26.63385009765625,69.49386596679688,-1,-1,-1,-1
79,2,202.09161376953125,259.02581787109375,27.859054565429688,69.16732788085938,-1,-1,-1,-1
80,2,201.2060089111328,259.0059509277344,28.333648681640625,69.57919311523438,-1,-1,-1,-1
81,2,197.5145263671875,259.1098327636719,29.297531127929688,70.86886596679688,-1,-1,-1,-1
82,2,197.4831085205078,259.07489013671875,28.611602783203125,71.17547607421875,-1,-1,-1,-1
83,2,196.80455017089844,259.45458984375,27.1287841796875,70.94195556640625,-1,-1,-1,-1
84,2,196.27781677246094,259.5518493652344,26.486419677734375,71.2152099609375,-1,-1,-1,-1
85,2,195.05479431152344,260.4120788574219,26.397506713867188,70.99789428710938,-1,-1,-1,-1
86,2,194.28709411621094,260.870849609375,26.463226318359375,71.04739379882812,-1,-1,-1,-1
87,2,192.8871612548828,262.3287048339844,26.827789306640625,70.3111572265625,-1,-1,-1,-1
88,2,192.37384033203125,263.23919677734375,26.644393920898438,69.64886474609375,-1,-1,-1,-1
89,2,190.9038543701172,264.47210693359375,26.146087646484375,68.86773681640625,-1,-1,-1,-1
90,2,190.51803588867188,265.11541748046875,25.626358032226562,68.65985107421875,-1,-1,-1,-1
91,2,188.29183959960938,265.48065185546875,26.206512451171875,69.0791015625,-1,-1,-1,-1
92,2,187.64813232421875,265.41241455078125,26.3260498046875,69.50616455078125,-1,-1,-1,-1
93,2,186.05712890625,265.6006164550781,26.908172607421875,70.5831298828125,-1,-1,-1,-1
94,2,184.46067810058594,265.6543884277344,27.531295776367188,70.85125732421875,-1,-1,-1,-1
95,2,182.87039184570312,265.4266357421875,27.8641357421875,71.1905517578125,-1,-1,-1,-1
96,2,181.88394165039062,265.9590148925781,27.33563232421875,70.9234619140625,-1,-1,-1,-1
97,2,177.476806640625,266.4849548339844,30.337631225585938,72.29681396484375,-1,-1,-1,-1
98,2,176.6802978515625,268.0234069824219,29.630218505859375,70.35650634765625,-1,-1,-1,-1
99,2,175.3387451171875,268.827392578125,29.582000732421875,70.22024536132812,-1,-1,-1,-1
100,2,174.82009887695312,269.01611328125,29.221282958984375,70.28280639648438,-1,-1,-1,-1
101,2,173.8966064453125,269.6523132324219,28.863128662109375,70.93331909179688,-1,-1,-1,-1
102,2,172.9170379638672,270.04241943359375,29.288726806640625,71.61026000976562,-1,-1,-1,-1
103,2,171.6083221435547,270.93096923828125,28.879501342773438,71.864501953125,-1,-1,-1,-1
104,2,170.82472229003906,271.6322326660156,28.588729858398438,70.61627197265625,-1,-1,-1,-1
105,2,168.72447204589844,272.019287109375,27.88409423828125,70.6826171875,-1,-1,-1,-1
106,2,168.27049255371094,271.8626708984375,27.699752807617188,70.74746704101562,-1,-1,-1,-1
107,2,167.33692932128906,272.7313537597656,27.236343383789062,71.13385009765625,-1,-1,-1,-1
108,2,166.09619140625,273.4141540527344,26.938247680664062,71.34042358398438,-1,-1,-1,-1
109,2,164.87335205078125,273.7333068847656,26.970733642578125,71.98233032226562,-1,-1,-1,-1
110,2,163.83538818359375,273.6266174316406,27.66107177734375,72.96725463867188,-1,-1,-1,-1
111,2,163.5654296875,275.031005859375,26.9500732421875,71.84637451171875,-1,-1,-1,-1
112,2,162.5435028076172,275.8056945800781,26.883209228515625,71.38565063476562,-1,-1,-1,-1
113,2,161.6796875,276.86041259765625,26.531463623046875,70.65509033203125,-1,-1,-1,-1
114,2,160.3990478515625,277.36749267578125,26.560394287109375,70.53936767578125,-1,-1,-1,-1
115,2,160.01527404785156,277.9308776855469,26.571487426757812,70.52435302734375,-1,-1,-1,-1
116,2,159.13479614257812,277.8893737792969,27.116302490234375,70.77352905273438,-1,-1,-1,-1
117,2,157.2549591064453,277.338134765625,27.845870971679688,71.56005859375,-1,-1,-1,-1
118,2,156.09388732910156,277.5513000488281,27.524887084960938,71.43893432617188,-1,-1,-1,-1
119,2,153.28883361816406,278.2391357421875,28.085250854492188,71.970703125,-1,-1,-1,-1
120,2,152.19940185546875,278.3092346191406,28.643768310546875,72.56451416015625,-1,-1,-1,-1
121,2,149.51849365234375,279.4396057128906,29.6114501953125,72.40621948242188,-1,-1,-1,-1
122,2,149.0454559326172,280.8217468261719,29.024826049804688,71.13973999023438,-1,-1,-1,-1
123,2,147.80841064453125,282.3091125488281,28.72259521484375,70.44488525390625,-1,-1,-1,-1
124,2,147.40676879882812,282.3841552734375,28.525146484375,70.65054321289062,-1,-1,-1,-1
125,2,145.066650390625,282.94573974609375,28.656875610351562,70.90542602539062,-1,-1,-1,-1
126,2,144.65328979492188,282.9212951660156,28.45538330078125,71.21438598632812,-1,-1,-1,-1
127,2,143.79135131835938,283.32623291015625,27.211395263671875,71.22879028320312,-1,-1,-1,-1
128,2,143.22354125976562,283.2271423339844,27.239013671875,72.10488891601562,-1,-1,-1,-1
129,2,140.87449645996094,284.0594482421875,27.73974609375,72.84335327148438,-1,-1,-1,-1
130,2,140.69046020507812,284.84796142578125,26.887725830078125,72.0870361328125,-1,-1,-1,-1
131,2,139.9187774658203,285.5174865722656,26.574478149414062,71.58642578125,-1,-1,-1,-1
132,2,139.5994873046875,286.147216796875,26.225509643554688,71.03265380859375,-1,-1,-1,-1
133,2,137.17616271972656,287.0685729980469,26.791641235351562,70.56097412109375,-1,-1,-1,-1
134,2,136.35980224609375,286.95751953125,27.331741333007812,71.14227294921875,-1,-1,-1,-1
135,2,133.4633331298828,288.92071533203125,27.65667724609375,71.26995849609375,-1,-1,-1,-1
136,2,133.2781982421875,289.01654052734375,26.74786376953125,72.1416015625,-1,-1,-1,-1
137,2,130.70260620117188,289.2463073730469,26.810638427734375,72.70608520507812,-1,-1,-1,-1
138,2,130.46231079101562,289.64569091796875,27.142990112304688,72.47915649414062,-1,-1,-1,-1
139,2,128.5591049194336,289.22552490234375,27.341407775878906,72.81668090820312,-1,-1,-1,-1
140,2,127.27103424072266,289.3403625488281,27.26366424560547,72.937744140625,-1,-1,-1,-1
141,2,124.70320892333984,290.1260070800781,27.47595977783203,74.47640991210938,-1,-1,-1,-1
142,2,122.48894500732422,290.1866455078125,29.306968688964844,74.92510986328125,-1,-1,-1,-1
143,2,118.7478256225586,291.6205139160156,29.78559112548828,74.25137329101562,-1,-1,-1,-1
144,2,118.29361724853516,291.7793884277344,29.665367126464844,74.26333618164062,-1,-1,-1,-1
145,2,117.78304290771484,294.0885925292969,29.592750549316406,72.26889038085938,-1,-1,-1,-1
146,2,116.80059051513672,295.25494384765625,29.825767517089844,71.20928955078125,-1,-1,-1,-1
147,2,113.48970794677734,294.45135498046875,32.00170135498047,73.37945556640625,-1,-1,-1,-1
148,2,113.24671173095703,294.2419128417969,31.065406799316406,73.52413940429688,-1,-1,-1,-1
149,2,111.75772094726562,295.4132385253906,29.23284912109375,72.60888671875,-1,-1,-1,-1
150,2,111.5267562866211,295.8551940917969,28.232017517089844,72.37237548828125,-1,-1,-1,-1
151,2,109.71884155273438,296.11199951171875,27.70489501953125,72.45452880859375,-1,-1,-1,-1
152,2,108.6985092163086,296.0681457519531,28.01787567138672,73.44998168945312,-1,-1,-1,-1
153,2,107.8658676147461,296.87945556640625,27.333274841308594,72.2115478515625,-1,-1,-1,-1
154,2,105.49299621582031,298.4956359863281,28.151031494140625,70.47198486328125,-1,-1,-1,-1
155,2,105.61200714111328,300.00341796875,27.321998596191406,69.19381713867188,-1,-1,-1,-1
156,2,104.72847747802734,300.0592956542969,27.86687469482422,72.4744873046875,-1,-1,-1,-1
157,2,104.28231811523438,300.89013671875,28.599990844726562,73.84567260742188,-1,-1,-1,-1
158,2,103.16047668457031,300.5250549316406,28.9326171875,75.41061401367188,-1,-1,-1,-1
159,2,100.97212982177734,301.4725036621094,27.929397583007812,74.87203979492188,-1,-1,-1,-1
160,2,100.55725860595703,301.7178649902344,27.863235473632812,75.09524536132812,-1,-1,-1,-1
161,2,99.53759002685547,301.9056091308594,28.030960083007812,75.24261474609375,-1,-1,-1,-1
162,2,98.07518005371094,302.0863952636719,28.238296508789062,74.61026000976562,-1,-1,-1,-1
163,2,95.62198638916016,302.8315124511719,27.931961059570312,74.04229736328125,-1,-1,-1,-1
164,2,94.21583557128906,303.3843994140625,28.17005157470703,73.73989868164062,-1,-1,-1,-1
165,2,90.4348373413086,304.8041076660156,29.116653442382812,72.71881103515625,-1,-1,-1,-1
166,2,89.75114440917969,306.5444030761719,29.3831787109375,70.59115600585938,-1,-1,-1,-1
167,2,88.6130599975586,306.33770751953125,29.11707305908203,71.56903076171875,-1,-1,-1,-1
168,2,88.23016357421875,306.0663146972656,28.936683654785156,72.5821533203125,-1,-1,-1,-1
169,2,86.28144836425781,308.6041564941406,28.36524200439453,73.07308959960938,-1,-1,-1,-1
170,2,85.99342346191406,308.36859130859375,28.526939392089844,73.95828247070312,-1,-1,-1,-1
171,2,84.73163604736328,308.8760986328125,28.206161499023438,74.20068359375,-1,-1,-1,-1
172,2,83.40414428710938,309.2058410644531,27.472991943359375,74.16653442382812,-1,-1,-1,-1
173,2,82.74076843261719,308.8901062011719,27.16126251220703,75.69903564453125,-1,-1,-1,-1
174,2,82.43610382080078,309.0516052246094,27.1507568359375,76.19461059570312,-1,-1,-1,-1
175,2,81.18915557861328,309.38519287109375,27.615203857421875,76.93954467773438,-1,-1,-1,-1
176,2,80.77661895751953,309.65716552734375,27.657066345214844,77.30050659179688,-1,-1,-1,-1
177,2,80.21247863769531,311.3186950683594,27.195587158203125,76.126220703125,-1,-1,-1,-1
178,2,79.9070053100586,311.8880615234375,26.703834533691406,75.91326904296875,-1,-1,-1,-1
179,2,78.92701721191406,313.380615234375,26.35320281982422,75.39913940429688,-1,-1,-1,-1
180,2,77.7002182006836,314.29888916015625,27.288116455078125,74.75811767578125,-1,-1,-1,-1
181,2,76.40734100341797,314.30029296875,27.342941284179688,74.9075927734375,-1,-1,-1,-1
182,2,74.84786987304688,314.2752685546875,28.151832580566406,76.29830932617188,-1,-1,-1,-1
183,2,74.64010620117188,314.71258544921875,27.86492156982422,76.2093505859375,-1,-1,-1,-1
184,2,73.73250579833984,314.9392395019531,28.111328125,75.81369018554688,-1,-1,-1,-1
185,2,72.4487075805664,315.38037109375,27.620758056640625,75.5120849609375,-1,-1,-1,-1
186,2,70.53700256347656,315.2430114746094,28.752342224121094,76.529052734375,-1,-1,-1,-1
187,2,67.59671783447266,316.5523376464844,29.53502655029297,76.91348266601562,-1,-1,-1,-1
188,2,67.42118072509766,317.08563232421875,29.009735107421875,76.61328125,-1,-1,-1,-1
189,2,66.70054626464844,319.4372253417969,28.639915466308594,74.7935791015625,-1,-1,-1,-1
190,2,66.32793426513672,320.1414489746094,28.85601806640625,74.4775390625,-1,-1,-1,-1
191,2,63.86004638671875,320.6966552734375,30.068893432617188,75.76901245117188,-1,-1,-1,-1
192,2,63.538238525390625,321.6192932128906,29.917076110839844,75.34075927734375,-1,-1,-1,-1
193,2,60.38344192504883,322.2669677734375,30.721668243408203,76.01788330078125,-1,-1,-1,-1
194,2,60.29426193237305,322.79437255859375,30.554431915283203,75.4873046875,-1,-1,-1,-1
195,2,60.181182861328125,322.8434753417969,29.54425048828125,75.72613525390625,-1,-1,-1,-1
196,2,60.041316986083984,323.0396728515625,29.390277862548828,76.05612182617188,-1,-1,-1,-1
197,2,59.23814010620117,323.4488830566406,29.585460662841797,77.96246337890625,-1,-1,-1,-1
198,2,58.53267288208008,323.3443603515625,29.499645233154297,79.15463256835938,-1,-1,-1,-1
199,2,57.513824462890625,325.4322204589844,29.029930114746094,78.80047607421875,-1,-1,-1,-1
200,2,57.13026428222656,325.5849914550781,28.984291076660156,79.33554077148438,-1,-1,-1,-1
1,3,555.170654296875,89.20211029052734,20.33123779296875,58.32927703857422,-1,-1,-1,-1
2,3,555.1729125976562,88.9049072265625,20.2745361328125,58.05206298828125,-1,-1,-1,-1
3,3,555.5278930664062,88.62876892089844,20.23681640625,57.81782531738281,-1,-1,-1,-1
4,3,555.680908203125,87.98445892333984,20.50506591796875,58.396446228027344,-1,-1,-1,-1
5,3,555.9562377929688,87.90631103515625,20.62261962890625,58.00694274902344,-1,-1,-1,-1
6,3,556.1934814453125,86.63849639892578,21.25250244140625,58.837562561035156,-1,-1,-1,-1
7,3,556.4103393554688,84.92141723632812,22.19219970703125,60.46049499511719,-1,-1,-1,-1
8,3,556.7809448242188,83.8869400024414,22.867431640625,61.15088653564453,-1,-1,-1,-1
9,3,557.26318359375,82.83439636230469,23.58209228515625,62.0322265625,-1,-1,-1,-1
10,3,557.7621459960938,82.00550842285156,23.70703125,62.21382141113281,-1,-1,-1,-1
11,3,558.6041259765625,82.60603332519531,22.41229248046875,60.8560791015625,-1,-1,-1,-1
12,3,558.7032470703125,78.40859985351562,23.11981201171875,64.19729614257812,-1,-1,-1,-1
13,3,559.0433349609375,82.28214263916016,21.26763916015625,60.78888702392578,-1,-1,-1,-1
14,3,559.0234375,82.66754913330078,21.19903564453125,60.62541961669922,-1,-1,-1,-1
15,3,559.11767578125,82.30752563476562,21.6820068359375,60.6644287109375,-1,-1,-1,-1
16,3,559.1021118164062,82.37889099121094,21.93768310546875,60.602020263671875,-1,-1,-1,-1
17,3,559.4408569335938,83.00785827636719,22.04119873046875,59.096282958984375,-1,-1,-1,-1
18,3,559.5407104492188,82.64400482177734,22.601806640625,59.206092834472656,-1,-1,-1,-1
19,3,560.1822509765625,82.13822174072266,22.46551513671875,59.46581268310547,-1,-1,-1,-1
20,3,560.3490600585938,80.01055145263672,22.64276123046875,61.22614288330078,-1,-1,-1,-1
21,3,560.4839477539062,73.59031677246094,23.29248046875,67.04646301269531,-1,-1,-1,-1
22,3,560.446533203125,72.48247528076172,23.60638427734375,68.0279769897461,-1,-1,-1,-1
23,3,560.6382446289062,69.93225860595703,23.87091064453125,70.28113555908203,-1,-1,-1,-1
24,3,561.1464233398438,69.95145416259766,23.91668701171875,69.72425079345703,-1,-1,-1,-1
25,3,562.3302612304688,74.74508666992188,23.714599609375,64.91653442382812,-1,-1,-1,-1
26,3,562.5343627929688,71.3493423461914,24.39111328125,68.11656951904297,-1,-1,-1,-1
27,3,562.69580078125,72.49663543701172,24.54510498046875,66.31819915771484,-1,-1,-1,-1
28,3,562.791015625,72.63916015625,24.58837890625,65.97935485839844,-1,-1,-1,-1
29,3,562.751708984375,70.09569549560547,25.46832275390625,68.01929473876953,-1,-1,-1,-1
30,3,562.67822265625,67.93704223632812,26.8299560546875,69.91156005859375,-1,-1,-1,-1
31,3,562.5077514648438,64.35321807861328,28.0050048828125,72.34737396240234,-1,-1,-1,-1
32,3,562.8153076171875,65.38703918457031,27.397216796875,69.86323547363281,-1,-1,-1,-1
33,3,562.302490234375,62.38431930541992,27.6357421875,73.16365432739258,-1,-1,-1,-1
37,3,563.568115234375,63.52003860473633,26.86126708984375,74.0581169128418,-1,-1,-1,-1
39,3,563.7512817382812,62.69949722290039,27.1353759765625,73.93172836303711,-1,-1,-1,-1
42,3,562.9949340820312,55.722633361816406,30.540283203125,77.27111053466797,-1,-1,-1,-1
43,3,563.6387939453125,47.308082580566406,31.04510498046875,85.15081024169922,-1,-1,-1,-1
44,3,564.2247924804688,45.90658187866211,31.6300048828125,84.81821060180664,-1,-1,-1,-1
45,3,564.4574584960938,43.05879211425781,31.48846435546875,88.12164306640625,-1,-1,-1,-1
46,3,564.8001708984375,41.774566650390625,30.88702392578125,90.15293884277344,-1,-1,-1,-1
47,3,565.2215576171875,45.633670806884766,30.11456298828125,84.74021530151367,-1,-1,-1,-1
48,3,564.7442016601562,47.147579193115234,30.81866455078125,83.77487564086914,-1,-1,-1,-1
109,4,1.0,386.36077880859375,32.58916473388672,95.63922119140625,-1,-1,-1,-1
110,4,1.0,390.7969055175781,35.21875,91.20309448242188,-1,-1,-1,-1
111,4,1.4855144619941711,392.7086181640625,37.8508922457695,89.2913818359375,-1,-1,-1,-1
112,4,2.2364425659179688,394.4534912109375,39.379844665527344,87.5465087890625,-1,-1,-1,-1
113,4,2.646546244621277,391.7078552246094,42.32894051074982,90.29214477539062,-1,-1,-1,-1
114,4,4.034689426422119,392.5973205566406,41.42778921127319,89.40267944335938,-1,-1,-1,-1
115,4,10.003326416015625,389.9589538574219,38.72927474975586,92.04104614257812,-1,-1,-1,-1
116,4,11.868107795715332,389.93792724609375,37.17696666717529,92.06207275390625,-1,-1,-1,-1
117,4,17.256977081298828,388.2054748535156,35.03730773925781,92.76513671875,-1,-1,-1,-1
118,4,20.112367630004883,385.3725280761719,33.539201736450195,96.61517333984375,-1,-1,-1,-1
119,4,22.727210998535156,384.2153015136719,33.835968017578125,97.15338134765625,-1,-1,-1,-1
120,4,23.385250091552734,383.7647399902344,34.50227737426758,97.8082275390625,-1,-1,-1,-1
121,4,27.9462947845459,384.2012634277344,35.28549385070801,97.79873657226562,-1,-1,-1,-1
122,4,28.947769165039062,384.1583251953125,35.529598236083984,97.66482543945312,-1,-1,-1,-1
123,4,31.21162986755371,383.5565490722656,34.95123481750488,97.66329956054688,-1,-1,-1,-1
124,4,32.810373306274414,382.7026672363281,34.27825736999512,96.86282348632812,-1,-1,-1,-1
125,4,36.422088623046875,381.1595153808594,33.812782287597656,94.75448608398438,-1,-1,-1,-1
126,4,37.84474182128906,379.4834899902344,33.353126525878906,95.64398193359375,-1,-1,-1,-1
127,4,42.37467956542969,377.4576110839844,33.67632293701172,96.8656005859375,-1,-1,-1,-1
128,4,42.675933837890625,375.639892578125,34.17266845703125,98.86892700195312,-1,-1,-1,-1
129,4,44.85674285888672,374.4214172363281,35.87212371826172,100.0687255859375,-1,-1,-1,-1
130,4,46.337371826171875,374.4388427734375,37.045982360839844,100.41836547851562,-1,-1,-1,-1
131,4,48.790889739990234,375.0570068359375,37.28029251098633,99.40249633789062,-1,-1,-1,-1
132,4,49.44605255126953,375.3260498046875,38.125694274902344,97.655517578125,-1,-1,-1,-1
133,4,50.35847091674805,374.6286315917969,39.72810745239258,97.1981201171875,-1,-1,-1,-1
134,4,52.02891540527344,375.01068115234375,39.24012756347656,95.14501953125,-1,-1,-1,-1
135,4,58.0269660949707,373.013916015625,36.19074630737305,93.7479248046875,-1,-1,-1,-1
136,4,59.263668060302734,371.0154724121094,35.9614372253418,95.6029052734375,-1,-1,-1,-1
137,4,62.793766021728516,369.7232666015625,35.0533332824707,95.73065185546875,-1,-1,-1,-1
138,4,64.41144561767578,369.458740234375,35.266998291015625,95.69058227539062,-1,-1,-1,-1
139,4,68.85424041748047,369.08575439453125,34.022216796875,94.9593505859375,-1,-1,-1,-1
140,4,69.5677490234375,368.9150695800781,34.32927703857422,94.8609619140625,-1,-1,-1,-1
141,4,71.6278076171875,368.7483825683594,34.0489501953125,95.04354858398438,-1,-1,-1,-1
142,4,72.89828491210938,368.54547119140625,33.7896728515625,94.80252075195312,-1,-1,-1,-1
143,4,76.51519012451172,367.9892578125,33.705810546875,93.19390869140625,-1,-1,-1,-1
144,4,77.69070434570312,367.3852233886719,33.37537384033203,93.065673828125,-1,-1,-1,-1
145,4,80.4630126953125,365.68499755859375,34.05176544189453,92.48468017578125,-1,-1,-1,-1
146,4,81.24424743652344,365.258544921875,34.334388732910156,92.42535400390625,-1,-1,-1,-1
147,4,84.80682373046875,364.3919372558594,34.13158416748047,92.28289794921875,-1,-1,-1,-1
148,4,86.62027740478516,363.3899841308594,33.50715637207031,92.61257934570312,-1,-1,-1,-1
149,4,89.91195678710938,362.98504638671875,35.01936340332031,92.15460205078125,-1,-1,-1,-1
150,4,90.34273529052734,363.4405212402344,35.52801513671875,91.29840087890625,-1,-1,-1,-1
151,4,91.92129516601562,365.608642578125,36.341888427734375,88.80252075195312,-1,-1,-1,-1
152,4,93.29527282714844,363.0976257324219,36.46599578857422,90.07107543945312,-1,-1,-1,-1
153,4,95.81185150146484,360.0423278808594,36.41846466064453,93.11187744140625,-1,-1,-1,-1
154,4,97.60626983642578,358.4101257324219,35.65196990966797,92.83670043945312,-1,-1,-1,-1
155,4,102.3908920288086,356.0837707519531,34.59282684326172,91.95816040039062,-1,-1,-1,-1
156,4,103.5485610961914,354.897705078125,34.44116973876953,92.64669799804688,-1,-1,-1,-1
157,4,107.06633758544922,351.8443603515625,35.32616424560547,95.37771606445312,-1,-1,-1,-1
158,4,108.39230346679688,353.3232727050781,34.403839111328125,93.319091796875,-1,-1,-1,-1
159,4,109.69535827636719,354.02239990234375,34.07371520996094,91.73538208007812,-1,-1,-1,-1
160,4,110.90940856933594,354.57757568359375,33.74494934082031,90.8336181640625,-1,-1,-1,-1
161,4,114.16924285888672,354.88409423828125,34.57587432861328,90.39700317382812,-1,-1,-1,-1
162,4,115.47940826416016,354.6534423828125,34.116127014160156,90.23233032226562,-1,-1,-1,-1
163,4,117.82469940185547,353.2661437988281,34.551979064941406,89.726318359375,-1,-1,-1,-1
164,4,118.67183685302734,351.97314453125,34.97930145263672,89.56561279296875,-1,-1,-1,-1
165,4,121.50443267822266,351.2726745605469,35.15857696533203,88.21835327148438,-1,-1,-1,-1
166,4,123.37952423095703,350.5785217285156,34.166419982910156,88.23812866210938,-1,-1,-1,-1
167,4,126.9526138305664,349.78033447265625,33.394737243652344,88.86990356445312,-1,-1,-1,-1
168,4,127.72318267822266,348.9962158203125,33.49237823486328,89.03073120117188,-1,-1,-1,-1
169,4,129.97506713867188,349.6477966308594,34.78938293457031,88.40020751953125,-1,-1,-1,-1
170,4,130.57000732421875,349.6910095214844,35.73262023925781,88.32763671875,-1,-1,-1,-1
171,4,132.84068298339844,349.6454162597656,36.2174072265625,87.4990234375,-1,-1,-1,-1
172,4,134.6051788330078,348.65032958984375,35.922119140625,87.36782836914062,-1,-1,-1,-1
173,4,136.25643920898438,349.07391357421875,35.876251220703125,85.90878295898438,-1,-1,-1,-1
174,4,137.82772827148438,347.2604064941406,35.11372375488281,86.62127685546875,-1,-1,-1,-1
175,4,142.12315368652344,345.1656799316406,34.4498291015625,86.35263061523438,-1,-1,-1,-1
176,4,143.17164611816406,342.83563232421875,35.31974792480469,87.8480224609375,-1,-1,-1,-1
177,4,145.927001953125,342.6322021484375,35.08477783203125,87.27621459960938,-1,-1,-1,-1
178,4,146.5579376220703,342.5010070800781,35.63853454589844,86.7332763671875,-1,-1,-1,-1
179,4,149.02587890625,344.15521240234375,34.870147705078125,83.7664794921875,-1,-1,-1,-1
180,4,149.89035034179688,343.5230407714844,34.775299072265625,84.30560302734375,-1,-1,-1,-1
181,4,152.258056640625,343.119384765625,34.670135498046875,85.051513671875,-1,-1,-1,-1
182,4,153.38906860351562,342.1558532714844,34.326812744140625,85.6466064453125,-1,-1,-1,-1
183,4,156.14794921875,340.0401916503906,33.78912353515625,85.73043823242188,-1,-1,-1,-1
184,4,156.49655151367188,339.94122314453125,34.070465087890625,84.96267700195312,-1,-1,-1,-1
185,4,160.0081024169922,339.6390686035156,33.209381103515625,82.495849609375,-1,-1,-1,-1
186,4,160.64715576171875,337.6839599609375,33.46525573730469,83.94155883789062,-1,-1,-1,-1
187,4,163.52064514160156,335.6372375488281,33.195770263671875,85.85284423828125,-1,-1,-1,-1
188,4,164.68325805664062,334.88507080078125,32.930267333984375,86.24813842773438,-1,-1,-1,-1
189,4,166.35549926757812,334.6663818359375,33.77702331542969,86.48101806640625,-1,-1,-1,-1
190,4,167.25650024414062,334.2772216796875,33.82806396484375,86.0582275390625,-1,-1,-1,-1
191,4,168.9701385498047,334.20843505859375,33.26252746582031,85.43057250976562,-1,-1,-1,-1
192,4,169.92051696777344,334.38385009765625,33.4869384765625,84.74423217773438,-1,-1,-1,-1
193,4,173.23785400390625,332.7727966308594,34.151947021484375,85.51321411132812,-1,-1,-1,-1
194,4,174.71188354492188,333.5746154785156,33.40184020996094,83.90371704101562,-1,-1,-1,-1
195,4,177.1962890625,333.20892333984375,33.76063537597656,82.32000732421875,-1,-1,-1,-1
196,4,178.18931579589844,333.2900390625,33.6583251953125,81.25308227539062,-1,-1,-1,-1
197,4,180.10140991210938,330.6297607421875,34.76856994628906,83.06643676757812,-1,-1,-1,-1
198,4,181.25692749023438,330.578125,34.17988586425781,82.72964477539062,-1,-1,-1,-1
199,4,183.79473876953125,329.6402587890625,33.98554992675781,82.94131469726562,-1,-1,-1,-1
200,4,184.32431030273438,329.7044677734375,34.237152099609375,82.65573120117188,-1,-1,-1,-1
131,5,596.089599609375,94.49392700195312,19.79010009765625,49.78413391113281,-1,-1,-1,-1
132,5,596.1630859375,95.04933166503906,19.6910400390625,49.35302734375,-1,-1,-1,-1
133,5,594.8928833007812,93.19227600097656,20.10614013671875,51.6259765625,-1,-1,-1,-1
134,5,594.6297607421875,91.871826171875,20.242919921875,53.489471435546875,-1,-1,-1,-1
135,5,594.93798828125,95.32270050048828,20.4158935546875,51.847923278808594,-1,-1,-1,-1
136,5,594.640380859375,95.4871826171875,20.55084228515625,52.24012756347656,-1,-1,-1,-1
137,5,594.4627075195312,95.61476135253906,20.64166259765625,52.76884460449219,-1,-1,-1,-1
138,5,594.2095336914062,95.84127807617188,20.7889404296875,52.396514892578125,-1,-1,-1,-1
139,5,591.9474487304688,95.5889892578125,21.92291259765625,53.1873779296875,-1,-1,-1,-1
140,5,591.7920532226562,95.4786148071289,21.9376220703125,53.28173065185547,-1,-1,-1,-1
141,5,591.5330810546875,96.18700408935547,21.94915771484375,52.52269744873047,-1,-1,-1,-1
142,5,590.8495483398438,94.92182159423828,22.5323486328125,53.62389373779297,-1,-1,-1,-1
143,5,590.0845336914062,94.53516387939453,22.38677978515625,55.37110137939453,-1,-1,-1,-1
144,5,590.0211181640625,95.14671325683594,22.2427978515625,55.53578186035156,-1,-1,-1,-1
145,5,588.4838256835938,93.66251373291016,22.71685791015625,57.44652557373047,-1,-1,-1,-1
146,5,588.4153442382812,94.16509246826172,22.55596923828125,57.254356384277344,-1,-1,-1,-1
147,5,587.3905639648438,93.69723510742188,22.875732421875,58.445465087890625,-1,-1,-1,-1
148,5,586.8350830078125,93.96153259277344,22.91229248046875,58.44569396972656,-1,-1,-1,-1
149,5,586.0602416992188,94.1797866821289,22.922607421875,58.70392608642578,-1,-1,-1,-1
150,5,585.65234375,94.15222930908203,22.70086669921875,59.029991149902344,-1,-1,-1,-1
151,5,584.9869995117188,94.48641967773438,22.36798095703125,58.60359191894531,-1,-1,-1,-1
152,5,584.4535522460938,94.39450073242188,22.33734130859375,58.75787353515625,-1,-1,-1,-1
153,5,583.1058959960938,94.96653747558594,22.6318359375,58.7186279296875,-1,-1,-1,-1
154,5,582.4744262695312,95.9378433227539,22.700439453125,57.73352813720703,-1,-1,-1,-1
155,5,581.5997924804688,97.0474853515625,23.13665771484375,56.570068359375,-1,-1,-1,-1
156,5,581.406005859375,97.16984558105469,23.1627197265625,56.730194091796875,-1,-1,-1,-1
157,5,580.8541870117188,97.70319366455078,23.0029296875,56.743019104003906,-1,-1,-1,-1
158,5,580.5282592773438,98.01509857177734,22.4842529296875,56.21772003173828,-1,-1,-1,-1
159,5,579.3949584960938,98.2231674194336,22.62420654296875,56.12012481689453,-1,-1,-1,-1
160,5,579.2029418945312,98.21131896972656,22.341796875,55.83393859863281,-1,-1,-1,-1
161,5,578.0750122070312,98.34545135498047,22.93536376953125,56.41069793701172,-1,-1,-1,-1
162,5,577.8478393554688,98.14618682861328,22.8585205078125,56.66234588623047,-1,-1,-1,-1
163,5,577.038818359375,98.54644775390625,23.380615234375,57.78466796875,-1,-1,-1,-1
164,5,576.357666015625,99.46927642822266,23.752197265625,57.740333557128906,-1,-1,-1,-1
165,5,575.7151489257812,100.17654418945312,23.9713134765625,57.279205322265625,-1,-1,-1,-1
166,5,575.1980590820312,100.06936645507812,24.03179931640625,57.90338134765625,-1,-1,-1,-1
167,5,574.3194580078125,100.08424377441406,24.21282958984375,58.237884521484375,-1,-1,-1,-1
168,5,573.7764892578125,100.13803100585938,24.11376953125,58.1903076171875,-1,-1,-1,-1
169,5,573.0093383789062,100.06910705566406,23.13739013671875,58.787506103515625,-1,-1,-1,-1
170,5,572.4822998046875,99.07991790771484,23.321044921875,60.12567901611328,-1,-1,-1,-1
171,5,571.877685546875,99.41796112060547,22.9912109375,60.48064422607422,-1,-1,-1,-1
172,5,571.2662963867188,99.28369903564453,23.16998291015625,60.31855010986328,-1,-1,-1,-1
173,5,570.163330078125,99.14147186279297,22.938232421875,61.70612335205078,-1,-1,-1,-1
174,5,569.8851318359375,99.64863586425781,22.8687744140625,61.56175231933594,-1,-1,-1,-1
175,5,569.7097778320312,101.6323013305664,22.653564453125,59.81891632080078,-1,-1,-1,-1
176,5,569.4625244140625,102.59893798828125,22.56329345703125,59.252288818359375,-1,-1,-1,-1
177,5,569.164306640625,103.52059173583984,22.4462890625,58.43346405029297,-1,-1,-1,-1
178,5,568.7880249023438,103.93009185791016,22.5863037109375,58.22992706298828,-1,-1,-1,-1
179,5,568.0736083984375,104.22404479980469,22.71484375,57.73796081542969,-1,-1,-1,-1
180,5,567.604248046875,104.36105346679688,22.67291259765625,57.88679504394531,-1,-1,-1,-1
181,5,567.1693725585938,104.00077819824219,22.70147705078125,58.81587219238281,-1,-1,-1,-1
182,5,566.8448486328125,104.36627197265625,22.48553466796875,58.37548828125,-1,-1,-1,-1
183,5,565.2557373046875,105.75496673583984,23.05401611328125,57.45391082763672,-1,-1,-1,-1
184,5,564.5523071289062,106.29071044921875,23.25970458984375,57.29020690917969,-1,-1,-1,-1
185,5,564.0679931640625,107.81390380859375,23.26837158203125,56.470947265625,-1,-1,-1,-1
186,5,563.550537109375,108.38530731201172,23.144775390625,56.48900604248047,-1,-1,-1,-1
187,5,563.1218872070312,108.7348861694336,22.84600830078125,56.26959991455078,-1,-1,-1,-1
188,5,562.7631225585938,109.0275650024414,22.58355712890625,56.04051971435547,-1,-1,-1,-1
189,5,561.8732299804688,109.31438446044922,22.6142578125,56.153297424316406,-1,-1,-1,-1
190,5,561.6533203125,109.27484893798828,22.43902587890625,56.618919372558594,-1,-1,-1,-1
191,5,561.18212890625,109.1758804321289,22.5904541015625,56.87653350830078,-1,-1,-1,-1
192,5,560.7545166015625,109.26883697509766,22.5888671875,57.065467834472656,-1,-1,-1,-1
193,5,559.8271484375,110.4970932006836,22.997314453125,57.05316925048828,-1,-1,-1,-1
194,5,559.2921752929688,110.91019439697266,23.18438720703125,56.82823944091797,-1,-1,-1,-1
195,5,558.744384765625,111.93040466308594,23.24658203125,56.43409729003906,-1,-1,-1,-1
196,5,558.4970092773438,112.27640533447266,23.09454345703125,56.33538055419922,-1,-1,-1,-1
197,5,558.3978881835938,112.58405303955078,22.70245361328125,56.144874572753906,-1,-1,-1,-1
198,5,558.13525390625,112.7192153930664,22.5,55.656272888183594,-1,-1,-1,-1
199,5,557.55322265625,112.62570190429688,22.600341796875,56.255157470703125,-1,-1,-1,-1
200,5,556.9638671875,112.24921417236328,22.689208984375,56.96259307861328,-1,-1,-1,-1
179,6,615.6881713867188,98.65399932861328,19.5296630859375,54.77239227294922,-1,-1,-1,-1
180,6,615.02978515625,97.27352905273438,19.733154296875,56.399383544921875,-1,-1,-1,-1
181,6,614.484619140625,98.57268524169922,21.04705810546875,55.845802307128906,-1,-1,-1,-1
182,6,614.3763427734375,98.94979095458984,19.62664794921875,55.08904266357422,-1,-1,-1,-1
185,6,612.0706787109375,104.47513580322266,20.156005859375,51.117027282714844,-1,-1,-1,-1
186,6,611.2286376953125,101.89530181884766,21.09893798828125,53.801353454589844,-1,-1,-1,-1
188,6,611.2218627929688,98.17125701904297,21.1190185546875,56.452186584472656,-1,-1,-1,-1
189,6,611.060302734375,102.17386627197266,20.99481201171875,55.06830596923828,-1,-1,-1,-1
190,6,609.1402587890625,99.32169342041016,21.44384765625,58.148338317871094,-1,-1,-1,-1
193,6,607.478759765625,104.73088836669922,19.507568359375,52.849037170410156,-1,-1,-1,-1
194,6,607.2230224609375,105.63102722167969,18.99261474609375,52.455810546875,-1,-1,-1,-1
195,6,607.1561279296875,107.7396011352539,18.9884033203125,51.11840057373047,-1,-1,-1,-1
196,6,606.8366088867188,108.01913452148438,18.7977294921875,50.918701171875,-1,-1,-1,-1
197,6,604.822509765625,106.56704711914062,19.374755859375,53.20440673828125,-1,-1,-1,-1
198,6,604.646484375,106.23314666748047,19.28570556640625,53.475929260253906,-1,-1,-1,-1
199,6,602.0479125976562,107.07453918457031,20.2279052734375,53.3548583984375,-1,-1,-1,-1
200,6,601.3572998046875,107.77629089355469,20.2698974609375,52.88865661621094,-1,-1,-1,-1
