1,1,540.705078125,139.839111328125,22.1265869140625,61.37928771972656,-1,-1,-1,-1
2,1,540.5739135742188,140.12022399902344,22.2640380859375,61.17765808105469,-1,-1,-1,-1
3,1,540.0406494140625,140.309326171875,22.63043212890625,61.535797119140625,-1,-1,-1,-1
4,1,539.6607055664062,140.8347930908203,22.85919189453125,61.408203125,-1,-1,-1,-1
5,1,539.232666015625,142.05972290039062,22.7684326171875,60.83845520019531,-1,-1,-1,-1
6,1,538.7695922851562,142.6402130126953,22.9189453125,60.55079650878906,-1,-1,-1,-1
7,1,538.1917724609375,143.79571533203125,22.9210205078125,59.83587646484375,-1,-1,-1,-1
8,1,537.8814086914062,144.30813598632812,22.969970703125,59.75697326660156,-1,-1,-1,-1
9,1,536.7906494140625,144.7111358642578,23.154296875,59.71417236328125,-1,-1,-1,-1
10,1,536.0376586914062,144.8665771484375,23.21844482421875,59.680908203125,-1,-1,-1,-1
11,1,535.3395385742188,144.62635803222656,22.96466064453125,60.04522705078125,-1,-1,-1,-1
12,1,534.95068359375,144.51455688476562,22.848876953125,60.215545654296875,-1,-1,-1,-1
13,1,534.1383056640625,144.3114776611328,23.09796142578125,60.59764099121094,-1,-1,-1,-1
14,1,533.6144409179688,144.33062744140625,23.14666748046875,60.86552429199219,-1,-1,-1,-1
15,1,533.0438842773438,145.0645751953125,23.10406494140625,61.20314025878906,-1,-1,-1,-1
16,1,532.623046875,145.63400268554688,22.9227294921875,61.408935546875,-1,-1,-1,-1
17,1,532.2224731445312,146.2857208251953,22.58685302734375,61.85462951660156,-1,-1,-1,-1
18,1,531.640380859375,146.71421813964844,22.89361572265625,61.974822998046875,-1,-1,-1,-1
19,1,531.3257446289062,147.4730224609375,22.66595458984375,61.17161560058594,-1,-1,-1,-1
20,1,531.037841796875,147.8083038330078,22.6602783203125,60.80967712402344,-1,-1,-1,-1
21,1,530.553466796875,147.94447326660156,22.82635498046875,60.80213928222656,-1,-1,-1,-1
22,1,530.0791015625,147.85655212402344,22.95880126953125,60.85993957519531,-1,-1,-1,-1
23,1,529.6620483398438,147.85186767578125,22.85308837890625,60.96910095214844,-1,-1,-1,-1
24,1,529.3843383789062,147.9399871826172,22.62359619140625,61.240936279296875,-1,-1,-1,-1
25,1,528.7725219726562,148.4664764404297,22.60870361328125,61.96315002441406,-1,-1,-1,-1
26,1,528.2686157226562,148.8759307861328,22.7288818359375,62.17424011230469,-1,-1,-1,-1
27,1,527.099365234375,149.66201782226562,23.191650390625,61.942413330078125,-1,-1,-1,-1
28,1,526.6749267578125,150.1830596923828,23.17529296875,61.793365478515625,-1,-1,-1,-1
29,1,525.7335205078125,151.0324249267578,23.22210693359375,61.396728515625,-1,-1,-1,-1
30,1,525.1886596679688,151.48690795898438,23.24163818359375,61.03399658203125,-1,-1,-1,-1
31,1,524.075927734375,151.73226928710938,23.44830322265625,60.78044128417969,-1,-1,-1,-1
32,1,523.6487426757812,151.7316436767578,23.03375244140625,60.87797546386719,-1,-1,-1,-1
33,1,523.1292724609375,151.4119415283203,22.78509521484375,61.55574035644531,-1,-1,-1,-1
34,1,522.60791015625,151.22640991210938,22.9410400390625,62.17584228515625,-1,-1,-1,-1
35,1,521.679443359375,151.53787231445312,23.36932373046875,62.29792785644531,-1,-1,-1,-1
36,1,521.19189453125,151.79177856445312,23.638671875,62.53968811035156,-1,-1,-1,-1
37,1,520.7186889648438,152.3619384765625,23.76470947265625,63.07450866699219,-1,-1,-1,-1
38,1,520.5831909179688,153.31387329101562,23.48260498046875,62.79228210449219,-1,-1,-1,-1
39,1,520.2007446289062,154.01820373535156,23.35467529296875,62.69500732421875,-1,-1,-1,-1
40,1,519.868896484375,154.42974853515625,23.163330078125,62.434967041015625,-1,-1,-1,-1
41,1,519.494140625,154.85894775390625,22.9920654296875,62.08000183105469,-1,-1,-1,-1
42,1,519.0044555664062,154.76992797851562,23.22454833984375,62.37281799316406,-1,-1,-1,-1
43,1,518.3756713867188,154.62730407714844,23.238525390625,62.46250915527344,-1,-1,-1,-1
44,1,517.7575073242188,154.4974365234375,23.4197998046875,62.68742370605469,-1,-1,-1,-1
45,1,516.9837036132812,154.39500427246094,23.72955322265625,63.452117919921875,-1,-1,-1,-1
46,1,516.2551879882812,154.6844940185547,23.90234375,63.889373779296875,-1,-1,-1,-1
47,1,515.221923828125,155.37710571289062,24.0106201171875,64.3900146484375,-1,-1,-1,-1
48,1,514.66650390625,156.04774475097656,23.94110107421875,64.24203491210938,-1,-1,-1,-1
49,1,514.0519409179688,157.65264892578125,23.22418212890625,63.3895263671875,-1,-1,-1,-1
50,1,513.7220458984375,158.4694061279297,22.9022216796875,62.8717041015625,-1,-1,-1,-1
51,1,512.74365234375,158.67633056640625,22.9593505859375,62.90727233886719,-1,-1,-1,-1
52,1,512.0841369628906,158.88284301757812,23.158416748046875,62.82380676269531,-1,-1,-1,-1
53,1,511.4797058105469,158.542236328125,23.127227783203125,63.10011291503906,-1,-1,-1,-1
54,1,510.9798889160156,158.2550811767578,23.317352294921875,63.64372253417969,-1,-1,-1,-1
55,1,510.5098571777344,158.12890625,23.303497314453125,64.00242614746094,-1,-1,-1,-1
56,1,510.04205322265625,158.5131378173828,23.3302001953125,63.763824462890625,-1,-1,-1,-1
57,1,509.5651550292969,159.7275390625,23.057281494140625,63.05647277832031,-1,-1,-1,-1
58,1,509.1497497558594,160.0946044921875,23.034027099609375,63.5799560546875,-1,-1,-1,-1
59,1,508.7206115722656,160.970947265625,22.801849365234375,63.54124450683594,-1,-1,-1,-1
60,1,508.2419128417969,161.58538818359375,22.988494873046875,63.16001892089844,-1,-1,-1,-1
61,1,507.73992919921875,162.23800659179688,22.97210693359375,62.829559326171875,-1,-1,-1,-1
62,1,507.3965148925781,162.595947265625,23.014984130859375,62.50041198730469,-1,-1,-1,-1
63,1,506.5843505859375,162.63888549804688,23.08380126953125,62.430023193359375,-1,-1,-1,-1
64,1,506.1182861328125,162.70330810546875,22.88885498046875,62.3201904296875,-1,-1,-1,-1
65,1,505.23846435546875,162.64987182617188,22.9736328125,62.69526672363281,-1,-1,-1,-1
66,1,504.58245849609375,162.69932556152344,23.04290771484375,63.11988830566406,-1,-1,-1,-1
67,1,503.3512268066406,163.4547119140625,23.578582763671875,63.14727783203125,-1,-1,-1,-1
68,1,502.3013000488281,163.98126220703125,24.072906494140625,63.54853820800781,-1,-1,-1,-1
69,1,501.40386962890625,164.85516357421875,24.27520751953125,63.94480895996094,-1,-1,-1,-1
70,1,501.1370544433594,165.5968780517578,23.957183837890625,63.91412353515625,-1,-1,-1,-1
71,1,500.52447509765625,165.75901794433594,23.67462158203125,64.20172119140625,-1,-1,-1,-1
72,1,499.9496765136719,165.7615966796875,23.730010986328125,64.51863098144531,-1,-1,-1,-1
73,1,499.1122131347656,165.2873077392578,23.521759033203125,64.56613159179688,-1,-1,-1,-1
74,1,498.4287414550781,165.14834594726562,23.566009521484375,64.79742431640625,-1,-1,-1,-1
75,1,497.8075866699219,165.24803161621094,23.477508544921875,64.74069213867188,-1,-1,-1,-1
76,1,497.36846923828125,165.2128143310547,23.49700927734375,65.06475830078125,-1,-1,-1,-1
77,1,496.40765380859375,165.8437042236328,23.66412353515625,65.00448608398438,-1,-1,-1,-1
78,1,495.868408203125,166.4291534423828,23.62200927734375,65.22225952148438,-1,-1,-1,-1
79,1,495.4376220703125,167.5659637451172,23.34210205078125,65.03663635253906,-1,-1,-1,-1
80,1,494.9736328125,168.1094512939453,23.26123046875,65.44134521484375,-1,-1,-1,-1
81,1,494.5630798339844,168.80567932128906,23.215728759765625,65.51219177246094,-1,-1,-1,-1
82,1,494.2510681152344,168.8839874267578,23.392974853515625,66.01651000976562,-1,-1,-1,-1
83,1,493.6901550292969,168.9573974609375,23.570037841796875,66.35858154296875,-1,-1,-1,-1
84,1,493.2086486816406,168.9818115234375,23.632110595703125,66.50224304199219,-1,-1,-1,-1
85,1,492.5487060546875,168.66453552246094,23.7559814453125,67.11041259765625,-1,-1,-1,-1
86,1,492.0076599121094,168.66294860839844,23.845245361328125,67.47299194335938,-1,-1,-1,-1
87,1,491.2901306152344,169.19509887695312,24.138458251953125,67.40138244628906,-1,-1,-1,-1
88,1,490.8819885253906,169.4176483154297,24.244842529296875,67.41690063476562,-1,-1,-1,-1
89,1,490.1901550292969,170.7311248779297,24.335968017578125,66.83242797851562,-1,-1,-1,-1
90,1,489.7715759277344,171.61709594726562,24.348602294921875,66.33613586425781,-1,-1,-1,-1
91,1,489.38360595703125,172.94131469726562,23.747772216796875,65.19956970214844,-1,-1,-1,-1
92,1,488.680419921875,173.28341674804688,23.839324951171875,65.0986328125,-1,-1,-1,-1
93,1,487.50146484375,173.436279296875,24.051605224609375,65.06069946289062,-1,-1,-1,-1
94,1,486.9328308105469,173.5553436279297,23.93072509765625,64.93138122558594,-1,-1,-1,-1
95,1,485.7210693359375,173.2030792236328,24.09808349609375,65.35063171386719,-1,-1,-1,-1
96,1,485.28289794921875,173.12820434570312,24.072174072265625,65.657958984375,-1,-1,-1,-1
97,1,484.7994689941406,173.3279266357422,24.082763671875,65.76223754882812,-1,-1,-1,-1
98,1,484.3807373046875,173.5472412109375,23.942657470703125,65.99552917480469,-1,-1,-1,-1
99,1,483.8806457519531,174.12612915039062,23.826873779296875,67.037841796875,-1,-1,-1,-1
100,1,483.3576354980469,174.6300811767578,23.49517822265625,67.09898376464844,-1,-1,-1,-1
101,1,482.7264099121094,175.94869995117188,23.39739990234375,66.42018127441406,-1,-1,-1,-1
102,1,482.2552185058594,176.81723022460938,23.435821533203125,65.8575439453125,-1,-1,-1,-1
103,1,481.8791198730469,177.5367889404297,23.3118896484375,65.42507934570312,-1,-1,-1,-1
104,1,481.6368713378906,177.61395263671875,23.152740478515625,65.49992370605469,-1,-1,-1,-1
105,1,480.9720764160156,177.42715454101562,23.010528564453125,65.69816589355469,-1,-1,-1,-1
106,1,480.4703063964844,177.1387939453125,23.072906494140625,66.05165100097656,-1,-1,-1,-1
107,1,479.6708068847656,177.1678466796875,23.19635009765625,66.82293701171875,-1,-1,-1,-1
108,1,478.8138122558594,177.57550048828125,23.38934326171875,67.069580078125,-1,-1,-1,-1
109,1,476.9916687011719,177.93548583984375,24.062347412109375,67.91160583496094,-1,-1,-1,-1
110,1,476.1632385253906,178.3905487060547,24.197052001953125,67.701416015625,-1,-1,-1,-1
111,1,474.8720703125,179.557373046875,24.402557373046875,67.07551574707031,-1,-1,-1,-1
112,1,474.348388671875,180.4188995361328,24.244873046875,66.62687683105469,-1,-1,-1,-1
113,1,473.1062316894531,181.7735595703125,24.355987548828125,65.51284790039062,-1,-1,-1,-1
114,1,472.1105651855469,182.234130859375,24.69384765625,65.35121154785156,-1,-1,-1,-1
115,1,470.7646484375,182.13429260253906,24.52215576171875,65.43716430664062,-1,-1,-1,-1
116,1,470.4031677246094,181.89305114746094,24.415435791015625,65.70159912109375,-1,-1,-1,-1
117,1,469.6561584472656,181.69021606445312,24.209564208984375,65.86123657226562,-1,-1,-1,-1
118,1,468.7455139160156,181.79165649414062,24.47454833984375,65.8143310546875,-1,-1,-1,-1
119,1,467.4080505371094,182.4237060546875,24.653564453125,65.88023376464844,-1,-1,-1,-1
120,1,466.650634765625,182.615478515625,24.749359130859375,67.46490478515625,-1,-1,-1,-1
121,1,466.0352783203125,183.59779357910156,23.985687255859375,67.52166748046875,-1,-1,-1,-1
122,1,465.6607360839844,183.88229370117188,23.5975341796875,67.50038146972656,-1,-1,-1,-1
123,1,464.6388244628906,184.4937286376953,23.564727783203125,67.32550048828125,-1,-1,-1,-1
124,1,464.235107421875,185.04833984375,23.353668212890625,67.09983825683594,-1,-1,-1,-1
125,1,462.8706359863281,185.23367309570312,24.013214111328125,67.24559020996094,-1,-1,-1,-1
126,1,462.3537902832031,185.3964080810547,23.993743896484375,67.53239440917969,-1,-1,-1,-1
127,1,461.40582275390625,185.2213897705078,24.148284912109375,68.03338623046875,-1,-1,-1,-1
128,1,460.9846496582031,185.29409790039062,23.89923095703125,68.29716491699219,-1,-1,-1,-1
129,1,459.7494812011719,185.78228759765625,24.0115966796875,68.58580017089844,-1,-1,-1,-1
130,1,458.92999267578125,186.15054321289062,24.238800048828125,68.98321533203125,-1,-1,-1,-1
131,1,457.2395935058594,186.9385986328125,24.47442626953125,69.06956481933594,-1,-1,-1,-1
132,1,456.3275146484375,187.27947998046875,24.710479736328125,69.26597595214844,-1,-1,-1,-1
133,1,455.2397766113281,188.11614990234375,24.743072509765625,68.94795227050781,-1,-1,-1,-1
134,1,454.1672058105469,188.912841796875,25.121490478515625,68.48699951171875,-1,-1,-1,-1
135,1,452.8571472167969,189.59664916992188,25.154327392578125,68.11763000488281,-1,-1,-1,-1
136,1,452.2735290527344,190.03684997558594,24.9644775390625,67.68397521972656,-1,-1,-1,-1
137,1,451.3080139160156,189.8232879638672,24.725250244140625,67.78292846679688,-1,-1,-1,-1
138,1,450.9120788574219,189.887939453125,24.433197021484375,67.80508422851562,-1,-1,-1,-1
139,1,450.1311950683594,190.0710906982422,24.43939208984375,67.88839721679688,-1,-1,-1,-1
140,1,449.3328857421875,190.4105987548828,24.58404541015625,67.95372009277344,-1,-1,-1,-1
141,1,448.1692199707031,191.6419677734375,24.52691650390625,68.65151977539062,-1,-1,-1,-1
142,1,447.58770751953125,191.87789916992188,24.436920166015625,68.93795776367188,-1,-1,-1,-1
143,1,447.06500244140625,193.0068817138672,23.974700927734375,67.98719787597656,-1,-1,-1,-1
144,1,446.6833801269531,193.43399047851562,23.6900634765625,67.52456665039062,-1,-1,-1,-1
145,1,446.1744689941406,193.64524841308594,23.576080322265625,67.70176696777344,-1,-1,-1,-1
146,1,445.5542297363281,193.80490112304688,23.7607421875,68.19442749023438,-1,-1,-1,-1
147,1,444.3834533691406,194.0449981689453,24.2725830078125,68.45393371582031,-1,-1,-1,-1
148,1,443.7223815917969,194.02935791015625,24.642791748046875,68.78439331054688,-1,-1,-1,-1
149,1,443.03485107421875,194.05079650878906,24.674652099609375,69.30155944824219,-1,-1,-1,-1
150,1,442.59625244140625,194.2578887939453,24.644775390625,69.87944030761719,-1,-1,-1,-1
151,1,441.6391906738281,195.4485321044922,24.739990234375,69.41297912597656,-1,-1,-1,-1
152,1,441.0948181152344,196.271484375,24.63018798828125,69.05877685546875,-1,-1,-1,-1
153,1,440.3827209472656,197.7490692138672,24.220855712890625,68.02360534667969,-1,-1,-1,-1
154,1,439.6020812988281,198.26544189453125,24.32000732421875,68.04605102539062,-1,-1,-1,-1
155,1,437.55242919921875,199.46604919433594,24.706878662109375,67.75450134277344,-1,-1,-1,-1
156,1,436.91400146484375,200.09292602539062,24.6048583984375,67.22283935546875,-1,-1,-1,-1
157,1,435.7239990234375,200.3800811767578,24.87066650390625,67.72029113769531,-1,-1,-1,-1
158,1,435.11956787109375,200.3315887451172,25.104522705078125,68.13105773925781,-1,-1,-1,-1
159,1,434.3431091308594,199.90484619140625,25.186248779296875,68.94070434570312,-1,-1,-1,-1
160,1,433.3818664550781,199.8430633544922,25.65618896484375,69.42616271972656,-1,-1,-1,-1
161,1,432.7631530761719,200.64645385742188,25.52734375,68.94082641601562,-1,-1,-1,-1
162,1,432.4218444824219,200.8083953857422,25.534515380859375,69.53407287597656,-1,-1,-1,-1
163,1,432.2472229003906,202.07730102539062,25.18231201171875,69.70681762695312,-1,-1,-1,-1
164,1,432.1007080078125,202.2056884765625,25.12371826171875,70.28546142578125,-1,-1,-1,-1
165,1,432.0460510253906,203.0104217529297,24.69720458984375,69.84593200683594,-1,-1,-1,-1
166,1,432.06280517578125,203.62081909179688,24.272064208984375,69.45730590820312,-1,-1,-1,-1
167,1,431.8403625488281,203.98049926757812,24.082733154296875,69.59088134765625,-1,-1,-1,-1
168,1,431.4642028808594,203.91586303710938,24.07708740234375,69.923583984375,-1,-1,-1,-1
169,1,430.50604248046875,203.5597686767578,24.22283935546875,70.34568786621094,-1,-1,-1,-1
170,1,429.8319396972656,203.5630645751953,24.322723388671875,70.54631042480469,-1,-1,-1,-1
171,1,429.02685546875,203.9612579345703,24.410675048828125,70.97819519042969,-1,-1,-1,-1
172,1,428.5755920410156,204.30735778808594,24.36669921875,71.37532043457031,-1,-1,-1,-1
173,1,427.5965270996094,205.0739288330078,24.44842529296875,71.24958801269531,-1,-1,-1,-1
174,1,427.1492614746094,205.9827117919922,24.296875,70.87202453613281,-1,-1,-1,-1
175,1,426.2835693359375,207.0286865234375,24.489715576171875,70.86965942382812,-1,-1,-1,-1
176,1,425.4811706542969,207.70416259765625,24.802459716796875,70.96304321289062,-1,-1,-1,-1
177,1,424.2470397949219,208.15309143066406,25.112335205078125,71.20976257324219,-1,-1,-1,-1
178,1,423.4932556152344,208.3925323486328,25.340728759765625,71.26603698730469,-1,-1,-1,-1
179,1,423.0451965332031,207.99850463867188,25.25445556640625,71.87686157226562,-1,-1,-1,-1
180,1,422.9037780761719,207.92210388183594,25.06231689453125,71.99134826660156,-1,-1,-1,-1
181,1,422.4924621582031,207.84434509277344,25.05743408203125,72.04209899902344,-1,-1,-1,-1
182,1,422.22930908203125,208.09764099121094,25.09332275390625,72.00617980957031,-1,-1,-1,-1
183,1,421.84619140625,209.54574584960938,24.876129150390625,71.44540405273438,-1,-1,-1,-1
184,1,421.5705871582031,210.31790161132812,24.70379638671875,71.26556396484375,-1,-1,-1,-1
185,1,421.3088073730469,211.35354614257812,24.47784423828125,71.19842529296875,-1,-1,-1,-1
186,1,420.7443542480469,211.36253356933594,24.724609375,72.01390075683594,-1,-1,-1,-1
187,1,420.6031188964844,211.75584411621094,24.64544677734375,71.83750915527344,-1,-1,-1,-1
188,1,420.51776123046875,211.97718811035156,24.5499267578125,71.66722106933594,-1,-1,-1,-1
189,1,419.954345703125,212.37998962402344,24.6165771484375,71.40834045410156,-1,-1,-1,-1
190,1,419.66009521484375,212.21678161621094,24.482818603515625,71.96192932128906,-1,-1,-1,-1
191,1,418.84918212890625,212.3235626220703,24.5982666015625,71.60917663574219,-1,-1,-1,-1
192,1,418.2306823730469,212.5243377685547,24.7366943359375,72.12336730957031,-1,-1,-1,-1
193,1,417.8586730957031,213.5634307861328,24.5352783203125,72.61726379394531,-1,-1,-1,-1
194,1,417.4597473144531,214.24632263183594,24.47418212890625,73.05763244628906,-1,-1,-1,-1
195,1,416.7036437988281,215.56121826171875,24.61846923828125,72.76983642578125,-1,-1,-1,-1
196,1,416.1841125488281,216.33517456054688,24.7022705078125,72.72518920898438,-1,-1,-1,-1
197,1,414.9109802246094,217.25338745117188,25.231536865234375,72.95184326171875,-1,-1,-1,-1
198,1,414.1896057128906,218.28582763671875,25.40185546875,71.89144897460938,-1,-1,-1,-1
199,1,413.3136901855469,219.016845703125,25.56365966796875,71.1739501953125,-1,-1,-1,-1
200,1,412.955322265625,219.24044799804688,25.396759033203125,70.86373901367188,-1,-1,-1,-1
1,2,393.81170654296875,115.86219024658203,24.455078125,60.074440002441406,-1,-1,-1,-1
2,2,393.5234680175781,114.13961791992188,25.4354248046875,62.42982482910156,-1,-1,-1,-1
1,3,415.04095458984375,150.1907958984375,23.049407958984375,54.75456237792969,-1,-1,-1,-1
2,3,414.1056823730469,149.9806365966797,23.64349365234375,54.867767333984375,-1,-1,-1,-1
6,3,410.5685119628906,150.46212768554688,24.0743408203125,56.96952819824219,-1,-1,-1,-1
7,3,409.2194519042969,151.35044860839844,24.038330078125,56.740570068359375,-1,-1,-1,-1
8,3,407.72259521484375,150.88597106933594,24.261932373046875,57.006134033203125,-1,-1,-1,-1
13,3,404.0926513671875,149.72113037109375,25.285797119140625,60.34184265136719,-1,-1,-1,-1
15,3,400.71014404296875,147.16250610351562,27.2335205078125,65.65261840820312,-1,-1,-1,-1
16,3,400.9007873535156,149.88023376464844,26.502716064453125,61.65887451171875,-1,-1,-1,-1
17,3,400.2045593261719,152.7618408203125,26.372772216796875,59.268341064453125,-1,-1,-1,-1
18,3,398.8936462402344,153.2756805419922,27.39935302734375,59.1324462890625,-1,-1,-1,-1
19,3,397.9448547363281,152.7678680419922,27.5174560546875,59.37255859375,-1,-1,-1,-1
20,3,397.5522766113281,152.18702697753906,27.3768310546875,59.59126281738281,-1,-1,-1,-1
21,3,397.0041198730469,152.32498168945312,27.26458740234375,59.13066101074219,-1,-1,-1,-1
22,3,396.5499572753906,152.5594024658203,27.360595703125,59.1610107421875,-1,-1,-1,-1
23,3,396.09918212890625,154.55264282226562,27.162384033203125,58.86051940917969,-1,-1,-1,-1
24,3,394.6302795410156,155.0232696533203,27.6590576171875,59.8824462890625,-1,-1,-1,-1
25,3,393.9740905761719,160.08392333984375,25.80157470703125,56.21662902832031,-1,-1,-1,-1
26,3,393.4658508300781,159.72201538085938,25.93011474609375,56.51702880859375,-1,-1,-1,-1
27,3,392.56658935546875,159.1430206298828,26.174072265625,57.42230224609375,-1,-1,-1,-1
28,3,392.2816467285156,159.86207580566406,25.693084716796875,56.97688293457031,-1,-1,-1,-1
29,3,391.2084045410156,159.71934509277344,24.98687744140625,57.55670166015625,-1,-1,-1,-1
30,3,390.6983337402344,159.42520141601562,24.5869140625,58.01106262207031,-1,-1,-1,-1
31,3,389.5475769042969,159.3494873046875,24.7322998046875,58.56590270996094,-1,-1,-1,-1
32,3,388.7083740234375,159.76905822753906,24.552215576171875,58.74761962890625,-1,-1,-1,-1
33,3,386.4658508300781,160.92608642578125,25.28790283203125,58.96174621582031,-1,-1,-1,-1
34,3,385.65283203125,161.5433349609375,25.918731689453125,58.97590637207031,-1,-1,-1,-1
35,3,384.7112121582031,162.23895263671875,26.223602294921875,58.40824890136719,-1,-1,-1,-1
36,3,384.4260559082031,163.1307830810547,25.80206298828125,57.62416076660156,-1,-1,-1,-1
37,3,383.5350646972656,163.98849487304688,25.404296875,56.94206237792969,-1,-1,-1,-1
38,3,383.1995849609375,164.11143493652344,25.290679931640625,57.11491394042969,-1,-1,-1,-1
39,3,381.69964599609375,163.52110290527344,25.235107421875,57.954345703125,-1,-1,-1,-1
40,3,381.1664733886719,163.45497131347656,25.5631103515625,58.19181823730469,-1,-1,-1,-1
41,3,380.6894226074219,163.8311767578125,25.105255126953125,58.72297668457031,-1,-1,-1,-1
42,3,380.0897216796875,164.65921020507812,25.05126953125,58.8790283203125,-1,-1,-1,-1
43,3,379.5162353515625,165.1290283203125,24.951141357421875,59.13514709472656,-1,-1,-1,-1
44,3,379.4071960449219,165.6844024658203,24.33160400390625,58.897918701171875,-1,-1,-1,-1
45,3,378.9776611328125,166.21624755859375,23.771453857421875,58.557159423828125,-1,-1,-1,-1
46,3,378.4512023925781,166.37860107421875,24.110565185546875,58.43916320800781,-1,-1,-1,-1
47,3,376.807861328125,166.69692993164062,24.250885009765625,58.43861389160156,-1,-1,-1,-1
48,3,375.86572265625,167.08241271972656,25.13690185546875,57.863525390625,-1,-1,-1,-1
49,3,375.6965026855469,167.55047607421875,24.89044189453125,58.114654541015625,-1,-1,-1,-1
50,3,374.69073486328125,167.87786865234375,25.035980224609375,57.60456848144531,-1,-1,-1,-1
51,3,372.72564697265625,169.2285614013672,24.530670166015625,57.75445556640625,-1,-1,-1,-1
52,3,372.0466613769531,169.80303955078125,24.94696044921875,58.105865478515625,-1,-1,-1,-1
53,3,370.5689697265625,170.959716796875,23.465057373046875,57.272003173828125,-1,-1,-1,-1
54,3,370.0931396484375,171.00772094726562,22.958160400390625,57.86311340332031,-1,-1,-1,-1
55,3,369.0155334472656,171.22036743164062,23.273834228515625,58.109710693359375,-1,-1,-1,-1
56,3,368.3470458984375,171.3365936279297,23.547393798828125,57.94862365722656,-1,-1,-1,-1
57,3,367.3079528808594,171.3075408935547,24.180511474609375,58.22166442871094,-1,-1,-1,-1
58,3,365.62164306640625,171.6002655029297,25.32196044921875,58.02275085449219,-1,-1,-1,-1
59,3,365.3951721191406,172.05996704101562,25.30145263671875,59.09413146972656,-1,-1,-1,-1
60,3,365.2853088378906,172.90216064453125,25.27093505859375,58.796630859375,-1,-1,-1,-1
61,3,363.21966552734375,173.73233032226562,26.877105712890625,58.758026123046875,-1,-1,-1,-1
62,3,362.5684509277344,174.02198791503906,27.184234619140625,58.89530944824219,-1,-1,-1,-1
63,3,361.7735290527344,174.2412109375,27.06842041015625,58.96827697753906,-1,-1,-1,-1
64,3,360.5864562988281,173.83151245117188,27.683074951171875,60.06492614746094,-1,-1,-1,-1
65,3,360.1268310546875,173.86427307128906,27.51556396484375,59.89935302734375,-1,-1,-1,-1
66,3,360.0113830566406,173.82936096191406,26.82586669921875,60.176177978515625,-1,-1,-1,-1
67,3,359.02191162109375,173.8734893798828,25.9642333984375,60.681610107421875,-1,-1,-1,-1
68,3,358.70416259765625,174.10630798339844,25.34686279296875,61.52378845214844,-1,-1,-1,-1
69,3,357.7869873046875,174.64675903320312,25.70196533203125,61.98667907714844,-1,-1,-1,-1
70,3,357.062744140625,175.33999633789062,25.960693359375,61.908203125,-1,-1,-1,-1
71,3,355.83551025390625,176.31468200683594,26.4761962890625,60.35115051269531,-1,-1,-1,-1
72,3,355.1681823730469,177.1534423828125,26.474151611328125,59.498931884765625,-1,-1,-1,-1
73,3,354.4033203125,177.34149169921875,26.71875,59.18736267089844,-1,-1,-1,-1
74,3,353.39190673828125,177.0023193359375,27.616729736328125,59.72401428222656,-1,-1,-1,-1
75,3,352.32098388671875,175.89756774902344,28.01165771484375,61.289459228515625,-1,-1,-1,-1
76,3,351.90704345703125,174.58795166015625,27.693603515625,62.50373840332031,-1,-1,-1,-1
77,3,350.31695556640625,174.97091674804688,27.6474609375,63.85636901855469,-1,-1,-1,-1
78,3,349.7547607421875,173.815673828125,28.024688720703125,66.07986450195312,-1,-1,-1,-1
79,3,347.34228515625,170.63247680664062,29.145294189453125,70.09687805175781,-1,-1,-1,-1
80,3,348.618408203125,173.588134765625,26.897796630859375,67.05877685546875,-1,-1,-1,-1
81,3,347.2273254394531,170.1228485107422,28.192413330078125,71.16033935546875,-1,-1,-1,-1
82,3,347.6861267089844,171.83518981933594,27.01898193359375,69.41220092773438,-1,-1,-1,-1
89,3,343.5862731933594,178.96798706054688,26.996795654296875,66.53689575195312,-1,-1,-1,-1
90,3,344.043212890625,182.72116088867188,25.80169677734375,63.029327392578125,-1,-1,-1,-1
91,3,343.0484924316406,183.33761596679688,26.063323974609375,62.06861877441406,-1,-1,-1,-1
92,3,342.81915283203125,185.37298583984375,25.8504638671875,59.51216125488281,-1,-1,-1,-1
93,3,342.0397033691406,185.30697631835938,26.578155517578125,60.386749267578125,-1,-1,-1,-1
94,3,341.5477294921875,185.20440673828125,27.075836181640625,60.20074462890625,-1,-1,-1,-1
95,3,341.5549011230469,185.9112548828125,26.544036865234375,60.547119140625,-1,-1,-1,-1
96,3,341.8088684082031,186.78668212890625,25.298919677734375,61.464111328125,-1,-1,-1,-1
97,3,341.9607849121094,188.2762908935547,24.511383056640625,61.821258544921875,-1,-1,-1,-1
98,3,341.85980224609375,188.52915954589844,24.3304443359375,62.522491455078125,-1,-1,-1,-1
99,3,341.5246276855469,189.00572204589844,24.0343017578125,62.31477355957031,-1,-1,-1,-1
100,3,341.38720703125,189.1102294921875,23.8397216796875,62.40193176269531,-1,-1,-1,-1
101,3,340.9585266113281,189.3496551513672,23.805145263671875,62.501495361328125,-1,-1,-1,-1
102,3,340.6285400390625,189.06515502929688,23.720977783203125,62.66374206542969,-1,-1,-1,-1
103,3,340.0834045410156,189.1302032470703,23.725128173828125,63.19572448730469,-1,-1,-1,-1
104,3,339.63873291015625,189.31558227539062,23.93499755859375,63.47990417480469,-1,-1,-1,-1
105,3,339.1420593261719,189.9313201904297,24.21746826171875,64.57429504394531,-1,-1,-1,-1
106,3,338.480224609375,190.97561645507812,24.10595703125,64.15357971191406,-1,-1,-1,-1
107,3,337.109375,192.5050048828125,24.765533447265625,62.95472717285156,-1,-1,-1,-1
108,3,336.6223449707031,193.13148498535156,24.68548583984375,62.21742248535156,-1,-1,-1,-1
109,3,335.4034729003906,193.1295166015625,25.228240966796875,62.44462585449219,-1,-1,-1,-1
110,3,335.1551818847656,193.12289428710938,24.726226806640625,62.433197021484375,-1,-1,-1,-1
111,3,334.60919189453125,192.98446655273438,25.054718017578125,63.36553955078125,-1,-1,-1,-1
112,3,333.8380432128906,193.1439971923828,25.334197998046875,63.454864501953125,-1,-1,-1,-1
113,3,333.25823974609375,193.41981506347656,25.420562744140625,64.13703918457031,-1,-1,-1,-1
114,3,333.031494140625,193.75259399414062,25.5123291015625,65.16860961914062,-1,-1,-1,-1
115,3,332.6754150390625,194.8707275390625,25.42724609375,64.91793823242188,-1,-1,-1,-1
116,3,332.1363220214844,195.9424285888672,25.095367431640625,64.17088317871094,-1,-1,-1,-1
117,3,331.8023681640625,197.03387451171875,24.625823974609375,63.208038330078125,-1,-1,-1,-1
118,3,331.4933776855469,197.24124145507812,24.535919189453125,63.143341064453125,-1,-1,-1,-1
119,3,330.9742736816406,197.66619873046875,24.373992919921875,63.12835693359375,-1,-1,-1,-1
120,3,330.59423828125,197.7278289794922,23.850982666015625,63.05967712402344,-1,-1,-1,-1
121,3,329.4207763671875,197.9151153564453,24.8697509765625,63.10984802246094,-1,-1,-1,-1
122,3,328.7948303222656,198.2841796875,25.544189453125,63.342681884765625,-1,-1,-1,-1
123,3,326.8353576660156,199.440673828125,25.706787109375,63.379791259765625,-1,-1,-1,-1
124,3,326.251953125,199.74574279785156,25.812255859375,63.91493225097656,-1,-1,-1,-1
125,3,324.3716735839844,200.9737548828125,25.12933349609375,63.19903564453125,-1,-1,-1,-1
126,3,324.0480041503906,201.55519104003906,24.888397216796875,62.71699523925781,-1,-1,-1,-1
127,3,323.03271484375,201.82061767578125,25.577606201171875,62.925079345703125,-1,-1,-1,-1
128,3,322.61016845703125,201.93795776367188,25.437744140625,63.080474853515625,-1,-1,-1,-1
129,3,321.9175109863281,201.88104248046875,25.33251953125,63.176025390625,-1,-1,-1,-1
130,3,321.61566162109375,202.02662658691406,25.151336669921875,63.28715515136719,-1,-1,-1,-1
131,3,320.825927734375,202.66673278808594,25.5262451171875,63.55381774902344,-1,-1,-1,-1
132,3,319.4549865722656,202.84683227539062,25.906524658203125,65.46978759765625,-1,-1,-1,-1
133,3,317.8428649902344,203.6588592529297,25.971466064453125,65.76255798339844,-1,-1,-1,-1
134,3,316.7039489746094,204.2889404296875,25.982086181640625,64.74365234375,-1,-1,-1,-1
135,3,315.9621887207031,204.90676879882812,26.15618896484375,64.61410522460938,-1,-1,-1,-1
136,3,315.2436828613281,205.19772338867188,26.455902099609375,64.43142700195312,-1,-1,-1,-1
137,3,314.69415283203125,204.98756408691406,26.5770263671875,65.01841735839844,-1,-1,-1,-1
138,3,314.25494384765625,204.91351318359375,25.9708251953125,64.96368408203125,-1,-1,-1,-1
139,3,314.0667419433594,205.47573852539062,24.6466064453125,64.35745239257812,-1,-1,-1,-1
140,3,313.6513671875,205.8020477294922,24.25738525390625,64.46339416503906,-1,-1,-1,-1
141,3,312.32275390625,206.67205810546875,24.30499267578125,64.99053955078125,-1,-1,-1,-1
142,3,311.8154602050781,206.97848510742188,24.240692138671875,65.62728881835938,-1,-1,-1,-1
143,3,311.3670654296875,207.82936096191406,24.184234619140625,65.67497253417969,-1,-1,-1,-1
144,3,311.1429138183594,208.3900909423828,24.189727783203125,65.49159240722656,-1,-1,-1,-1
145,3,309.7672119140625,209.03355407714844,24.813446044921875,65.04576110839844,-1,-1,-1,-1
146,3,309.00921630859375,209.42262268066406,25.41558837890625,65.01795959472656,-1,-1,-1,-1
147,3,307.9035339355469,209.6213836669922,26.536651611328125,64.80570983886719,-1,-1,-1,-1
148,3,307.19287109375,209.7262420654297,27.54827880859375,64.81388854980469,-1,-1,-1,-1
149,3,306.535888671875,209.86618041992188,28.13763427734375,64.87152099609375,-1,-1,-1,-1
150,3,306.1905822753906,210.3817596435547,28.665679931640625,65.16850280761719,-1,-1,-1,-1
151,3,305.3818359375,211.21237182617188,29.4468994140625,66.26718139648438,-1,-1,-1,-1
152,3,305.1162414550781,212.23902893066406,29.847412109375,66.50862121582031,-1,-1,-1,-1
153,3,305.2038269042969,213.4957733154297,29.048248291015625,65.78657531738281,-1,-1,-1,-1
154,3,305.16180419921875,214.106689453125,29.054473876953125,65.55014038085938,-1,-1,-1,-1
155,3,304.5152282714844,214.85801696777344,29.189239501953125,64.56309509277344,-1,-1,-1,-1
156,3,304.0726623535156,215.48422241210938,28.939422607421875,63.486785888671875,-1,-1,-1,-1
157,3,304.31304931640625,215.8099365234375,27.91400146484375,63.11651611328125,-1,-1,-1,-1
158,3,304.6862487792969,215.63894653320312,27.2237548828125,63.685760498046875,-1,-1,-1,-1
159,3,303.5491027832031,216.70677185058594,24.954071044921875,63.84519958496094,-1,-1,-1,-1
160,3,302.5831298828125,216.87254333496094,25.157745361328125,64.65281677246094,-1,-1,-1,-1
161,3,302.29510498046875,217.93397521972656,24.28387451171875,64.34025573730469,-1,-1,-1,-1
162,3,302.01812744140625,218.32408142089844,24.109954833984375,64.35417175292969,-1,-1,-1,-1
163,3,300.2261047363281,219.3174591064453,24.443878173828125,63.82566833496094,-1,-1,-1,-1
164,3,299.7188720703125,219.9768524169922,25.186309814453125,62.69523620605469,-1,-1,-1,-1
165,3,298.5857849121094,219.69386291503906,26.256805419921875,63.01853942871094,-1,-1,-1,-1
166,3,297.64581298828125,219.91012573242188,26.9376220703125,63.162628173828125,-1,-1,-1,-1
167,3,297.11090087890625,220.4753875732422,27.56097412109375,63.97602844238281,-1,-1,-1,-1
168,3,296.7347106933594,220.91476440429688,27.956207275390625,64.3775634765625,-1,-1,-1,-1
169,3,295.9456787109375,221.2325897216797,28.2200927734375,65.43019104003906,-1,-1,-1,-1
170,3,295.4152526855469,221.27479553222656,28.4775390625,66.27870178222656,-1,-1,-1,-1
171,3,294.9134826660156,221.62509155273438,28.93988037109375,66.66104125976562,-1,-1,-1,-1
172,3,294.7228088378906,222.0967559814453,29.102508544921875,66.61634826660156,-1,-1,-1,-1
173,3,294.3861999511719,222.34703063964844,28.988922119140625,66.72810363769531,-1,-1,-1,-1
174,3,294.0978088378906,222.3610382080078,28.879608154296875,66.91886901855469,-1,-1,-1,-1
175,3,294.8305358886719,223.1385040283203,26.641693115234375,66.13749694824219,-1,-1,-1,-1
176,3,295.4134521484375,223.81228637695312,25.73724365234375,65.8187255859375,-1,-1,-1,-1
177,3,295.428466796875,225.1685333251953,24.99383544921875,65.13716125488281,-1,-1,-1,-1
178,3,295.25140380859375,226.0988006591797,24.11907958984375,64.70652770996094,-1,-1,-1,-1
179,3,294.1567687988281,226.57437133789062,24.826751708984375,65.38034057617188,-1,-1,-1,-1
180,3,292.832275390625,226.78628540039062,26.12420654296875,66.06219482421875,-1,-1,-1,-1
181,3,291.11859130859375,227.13449096679688,27.05731201171875,66.53854370117188,-1,-1,-1,-1
182,3,290.7626647949219,227.2764892578125,26.970458984375,66.4969482421875,-1,-1,-1,-1
183,3,288.4736633300781,227.63902282714844,28.913665771484375,66.82136535644531,-1,-1,-1,-1
184,3,287.9082946777344,227.9942169189453,29.573699951171875,67.05635070800781,-1,-1,-1,-1
185,3,288.3141784667969,228.3795166015625,29.379852294921875,67.50100708007812,-1,-1,-1,-1
186,3,288.0847473144531,229.04722595214844,29.826934814453125,67.90446472167969,-1,-1,-1,-1
187,3,287.77508544921875,229.7834930419922,29.804351806640625,68.31736755371094,-1,-1,-1,-1
188,3,287.7037048339844,229.7368927001953,29.672393798828125,69.11564636230469,-1,-1,-1,-1
189,3,287.5709228515625,230.2693634033203,29.703460693359375,68.94447326660156,-1,-1,-1,-1
190,3,287.4479675292969,230.58538818359375,29.55914306640625,68.84619140625,-1,-1,-1,-1
191,3,287.1412658691406,231.0340576171875,29.344940185546875,68.94415283203125,-1,-1,-1,-1
192,3,287.24176025390625,231.71063232421875,28.6854248046875,68.31787109375,-1,-1,-1,-1
193,3,288.02178955078125,232.5328826904297,27.47637939453125,67.76570129394531,-1,-1,-1,-1
194,3,287.930908203125,233.0920867919922,27.243255615234375,67.73930358886719,-1,-1,-1,-1
195,3,287.39251708984375,234.19033813476562,27.5635986328125,68.0693359375,-1,-1,-1,-1
196,3,287.1066589355469,235.65536499023438,26.926910400390625,67.57208251953125,-1,-1,-1,-1
197,3,284.09320068359375,236.9811553955078,28.432861328125,67.97535705566406,-1,-1,-1,-1
198,3,283.5235595703125,237.77090454101562,28.32489013671875,66.94699096679688,-1,-1,-1,-1
199,3,282.8191223144531,238.2952117919922,29.133880615234375,66.34156799316406,-1,-1,-1,-1
200,3,282.4278869628906,238.68971252441406,29.614044189453125,66.04112243652344,-1,-1,-1,-1
27,4,411.1983947753906,116.08045196533203,22.634765625,55.094947814941406,-1,-1,-1,-1
29,4,413.3797302246094,114.23428344726562,22.822357177734375,55.99749755859375,-1,-1,-1,-1
30,4,412.9595947265625,114.17382049560547,22.85906982421875,55.46002960205078,-1,-1,-1,-1
31,4,413.3974304199219,114.72539520263672,22.7081298828125,54.11225128173828,-1,-1,-1,-1
32,4,413.7643737792969,113.87625885009766,22.938690185546875,56.014488220214844,-1,-1,-1,-1
33,4,415.0361022949219,114.387939453125,22.3900146484375,54.68096923828125,-1,-1,-1,-1
34,4,415.6780090332031,114.01065063476562,22.00653076171875,54.95072937011719,-1,-1,-1,-1
35,4,417.1026306152344,114.09363555908203,21.08935546875,54.510719299316406,-1,-1,-1,-1
36,4,417.5252990722656,113.25348663330078,21.338043212890625,55.717506408691406,-1,-1,-1,-1
37,4,419.2526550292969,113.58446502685547,21.287353515625,54.75641632080078,-1,-1,-1,-1
42,4,421.84442138671875,108.04388427734375,21.90985107421875,58.78718566894531,-1,-1,-1,-1
44,4,422.99609375,109.84538269042969,21.8084716796875,55.91893005371094,-1,-1,-1,-1
45,4,423.93487548828125,109.5995864868164,22.25933837890625,55.82512664794922,-1,-1,-1,-1
48,4,426.29986572265625,107.72154235839844,22.100555419921875,56.071990966796875,-1,-1,-1,-1
49,4,426.8906555175781,106.50138092041016,21.941192626953125,57.651283264160156,-1,-1,-1,-1
50,4,427.5153503417969,106.4120101928711,21.53924560546875,58.015785217285156,-1,-1,-1,-1
51,4,428.1082458496094,107.0115737915039,21.49102783203125,57.983421325683594,-1,-1,-1,-1
52,4,428.1534118652344,106.41439056396484,22.1356201171875,58.574806213378906,-1,-1,-1,-1
53,4,429.8454895019531,107.42230987548828,22.504638671875,57.234275817871094,-1,-1,-1,-1
54,4,430.4101257324219,108.38361358642578,21.7574462890625,55.889244079589844,-1,-1,-1,-1
55,4,430.5602722167969,107.54314422607422,22.305419921875,57.018165588378906,-1,-1,-1,-1
56,4,430.7701110839844,107.09402465820312,22.765625,57.06201171875,-1,-1,-1,-1
57,4,431.30841064453125,107.08405303955078,23.241668701171875,56.75438690185547,-1,-1,-1,-1
58,4,431.5562438964844,106.48441314697266,23.473907470703125,57.316078186035156,-1,-1,-1,-1
59,4,432.4051818847656,105.39651489257812,23.768585205078125,57.41371154785156,-1,-1,-1,-1
61,4,436.2296447753906,101.9659423828125,24.841705322265625,59.528228759765625,-1,-1,-1,-1
62,4,436.6127014160156,101.83939361572266,24.7657470703125,59.67375946044922,-1,-1,-1,-1
63,4,436.99859619140625,101.8808364868164,24.50592041015625,59.168235778808594,-1,-1,-1,-1
64,4,437.5313415527344,101.82275390625,23.9468994140625,58.94239807128906,-1,-1,-1,-1
65,4,438.24737548828125,101.7576904296875,24.108642578125,58.18476867675781,-1,-1,-1,-1
66,4,438.7616271972656,101.28385162353516,24.33392333984375,58.473670959472656,-1,-1,-1,-1
67,4,438.6340026855469,101.04595184326172,25.46441650390625,58.65784454345703,-1,-1,-1,-1
68,4,439.1455993652344,100.58265686035156,25.3526611328125,59.28022766113281,-1,-1,-1,-1
69,4,439.4167785644531,100.44474792480469,25.2568359375,60.04461669921875,-1,-1,-1,-1
70,4,439.86724853515625,100.18125915527344,25.0582275390625,59.37481689453125,-1,-1,-1,-1
71,4,441.21270751953125,101.15715789794922,23.559173583984375,57.61573028564453,-1,-1,-1,-1
73,4,441.84027099609375,101.16565704345703,24.33526611328125,58.10680389404297,-1,-1,-1,-1
75,4,444.3056335449219,100.73509216308594,24.052490234375,58.462310791015625,-1,-1,-1,-1
76,4,443.79449462890625,100.1469497680664,24.885650634765625,58.90886688232422,-1,-1,-1,-1
78,4,446.31365966796875,101.3853988647461,22.846466064453125,55.40991973876953,-1,-1,-1,-1
80,4,447.7493591308594,99.81079864501953,23.392913818359375,58.237327575683594,-1,-1,-1,-1
82,4,449.7181701660156,97.6325454711914,23.301361083984375,59.59589385986328,-1,-1,-1,-1
83,4,449.92449951171875,96.89520263671875,22.86944580078125,59.839874267578125,-1,-1,-1,-1
84,4,449.9550476074219,97.14832305908203,23.0015869140625,58.86913299560547,-1,-1,-1,-1
85,4,450.2160339355469,97.17657470703125,23.38104248046875,58.05961608886719,-1,-1,-1,-1
86,4,450.4704895019531,97.59978485107422,23.513031005859375,56.77478790283203,-1,-1,-1,-1
89,4,452.0158996582031,98.31791687011719,24.04718017578125,56.01153564453125,-1,-1,-1,-1
90,4,452.74017333984375,97.81725311279297,23.81781005859375,55.548622131347656,-1,-1,-1,-1
91,4,453.9330139160156,96.35188293457031,24.53167724609375,57.83958435058594,-1,-1,-1,-1
92,4,454.1244201660156,95.85941314697266,24.266265869140625,57.87763214111328,-1,-1,-1,-1
93,4,455.0091247558594,96.0848617553711,23.109466552734375,56.91291046142578,-1,-1,-1,-1
94,4,455.30615234375,95.72093200683594,22.88330078125,56.97148132324219,-1,-1,-1,-1
95,4,456.6593017578125,95.74435424804688,21.91290283203125,56.277313232421875,-1,-1,-1,-1
96,4,457.1199951171875,95.47136688232422,21.790313720703125,56.552467346191406,-1,-1,-1,-1
97,4,457.7997131347656,94.84090423583984,22.3123779296875,57.41663360595703,-1,-1,-1,-1
98,4,458.2426452636719,94.6060562133789,22.266815185546875,58.17333221435547,-1,-1,-1,-1
99,4,459.14111328125,94.67711639404297,22.4229736328125,58.107398986816406,-1,-1,-1,-1
100,4,459.2572326660156,94.54903411865234,22.743621826171875,58.050559997558594,-1,-1,-1,-1
101,4,459.5345153808594,94.83380889892578,22.572021484375,57.91388702392578,-1,-1,-1,-1
102,4,459.8963928222656,94.67011260986328,22.447723388671875,58.26128387451172,-1,-1,-1,-1
103,4,460.95977783203125,94.58013916015625,22.122314453125,58.28269958496094,-1,-1,-1,-1
104,4,461.1650390625,94.28887939453125,22.307098388671875,58.688751220703125,-1,-1,-1,-1
105,4,462.5187683105469,93.54290008544922,21.90802001953125,58.600730895996094,-1,-1,-1,-1
106,4,463.10302734375,93.47650146484375,21.34521484375,58.53955078125,-1,-1,-1,-1
107,4,463.1867980957031,93.71992492675781,21.312896728515625,58.243621826171875,-1,-1,-1,-1
108,4,463.858154296875,93.35670471191406,20.813568115234375,58.456817626953125,-1,-1,-1,-1
109,4,464.2425231933594,93.17774200439453,20.985382080078125,58.517784118652344,-1,-1,-1,-1
110,4,465.1410217285156,93.17967224121094,20.6541748046875,58.446380615234375,-1,-1,-1,-1
111,4,465.0927734375,92.71571350097656,21.018707275390625,58.87998962402344,-1,-1,-1,-1
112,4,465.9342041015625,93.32308197021484,20.30145263671875,57.161293029785156,-1,-1,-1,-1
113,4,466.8028564453125,92.44511413574219,19.91845703125,57.029815673828125,-1,-1,-1,-1
114,4,467.30438232421875,92.77826690673828,20.328399658203125,56.414634704589844,-1,-1,-1,-1
115,4,468.2164611816406,92.18333435058594,20.692413330078125,57.08198547363281,-1,-1,-1,-1
116,4,468.8374938964844,92.52198791503906,20.093353271484375,56.05357360839844,-1,-1,-1,-1
117,4,469.3331298828125,91.35955047607422,20.086334228515625,56.43596649169922,-1,-1,-1,-1
118,4,469.3620910644531,90.39016723632812,20.716278076171875,57.51399230957031,-1,-1,-1,-1
119,4,469.6718444824219,90.00260162353516,20.974517822265625,58.044822692871094,-1,-1,-1,-1
120,4,470.0639343261719,89.93903350830078,21.040008544921875,57.764732360839844,-1,-1,-1,-1
121,4,471.0709533691406,89.66520690917969,20.578948974609375,57.680328369140625,-1,-1,-1,-1
122,4,471.1157531738281,89.45685577392578,21.80694580078125,58.07386016845703,-1,-1,-1,-1
123,4,471.3243713378906,90.0374526977539,21.888946533203125,57.661170959472656,-1,-1,-1,-1
124,4,472.1230773925781,90.36119079589844,21.57379150390625,57.344696044921875,-1,-1,-1,-1
125,4,472.7539367675781,90.76075744628906,21.684173583984375,56.62651062011719,-1,-1,-1,-1
126,4,472.68798828125,90.51874542236328,22.088775634765625,56.674354553222656,-1,-1,-1,-1
127,4,474.1360778808594,90.56439208984375,20.8922119140625,56.308746337890625,-1,-1,-1,-1
128,4,474.11187744140625,90.05740356445312,21.034088134765625,56.89299011230469,-1,-1,-1,-1
129,4,475.6871032714844,89.82852935791016,20.2125244140625,57.05548858642578,-1,-1,-1,-1
130,4,475.9378967285156,88.9382553100586,20.1976318359375,58.032814025878906,-1,-1,-1,-1
131,4,476.7250671386719,88.47801208496094,19.871337890625,57.47271728515625,-1,-1,-1,-1
132,4,477.54156494140625,87.523681640625,20.055694580078125,58.01231384277344,-1,-1,-1,-1
133,4,477.7050476074219,87.16863250732422,20.6226806640625,58.41675567626953,-1,-1,-1,-1
134,4,477.89532470703125,87.02472686767578,20.897918701171875,58.72978973388672,-1,-1,-1,-1
135,4,479.0581359863281,87.0716781616211,20.559326171875,57.97205352783203,-1,-1,-1,-1
136,4,479.7276306152344,87.04185485839844,20.13531494140625,57.20660400390625,-1,-1,-1,-1
137,4,479.85699462890625,86.90400695800781,20.10809326171875,57.27857971191406,-1,-1,-1,-1
138,4,480.0463562011719,86.8862075805664,20.1781005859375,57.34540557861328,-1,-1,-1,-1
139,4,480.0927429199219,86.70008850097656,20.552947998046875,57.59783935546875,-1,-1,-1,-1
140,4,480.6862487792969,86.51189422607422,20.640777587890625,57.34923553466797,-1,-1,-1,-1
141,4,481.8957214355469,86.0018310546875,20.6102294921875,56.759307861328125,-1,-1,-1,-1
142,4,482.01708984375,86.1015396118164,20.694305419921875,56.796607971191406,-1,-1,-1,-1
143,4,483.18414306640625,85.2239990234375,20.25946044921875,57.07963562011719,-1,-1,-1,-1
144,4,483.3785705566406,84.41584777832031,20.5120849609375,57.91191101074219,-1,-1,-1,-1
145,4,483.7910461425781,84.08631896972656,20.679534912109375,58.866302490234375,-1,-1,-1,-1
146,4,484.2116394042969,84.04006958007812,20.459136962890625,58.92425537109375,-1,-1,-1,-1
147,4,484.4183044433594,83.9354476928711,20.346343994140625,58.64844512939453,-1,-1,-1,-1
148,4,484.59393310546875,83.86039733886719,20.218841552734375,58.339935302734375,-1,-1,-1,-1
149,4,484.9405517578125,84.35185241699219,19.93231201171875,57.640380859375,-1,-1,-1,-1
150,4,485.15582275390625,84.44123840332031,19.905426025390625,57.31767272949219,-1,-1,-1,-1
151,4,485.9130554199219,84.0387191772461,19.709716796875,56.89447784423828,-1,-1,-1,-1
152,4,486.11572265625,83.81095123291016,19.796600341796875,56.703514099121094,-1,-1,-1,-1
153,4,486.1241760253906,83.36038208007812,20.4013671875,56.4171142578125,-1,-1,-1,-1
154,4,486.2372131347656,83.21664428710938,20.36566162109375,56.052490234375,-1,-1,-1,-1
155,4,486.4313659667969,82.51886749267578,21.867279052734375,56.532630920410156,-1,-1,-1,-1
156,4,486.35833740234375,82.27212524414062,22.25921630859375,57.436126708984375,-1,-1,-1,-1
157,4,486.5498962402344,82.37651062011719,22.180999755859375,56.662017822265625,-1,-1,-1,-1
158,4,486.8454284667969,82.20520782470703,22.016845703125,56.713218688964844,-1,-1,-1,-1
159,4,487.4352111816406,82.35545349121094,21.882232666015625,55.76446533203125,-1,-1,-1,-1
160,4,487.634033203125,82.15901184082031,21.769378662109375,56.400543212890625,-1,-1,-1,-1
161,4,487.5161437988281,81.90678405761719,22.00067138671875,57.06532287597656,-1,-1,-1,-1
162,4,487.452880859375,81.95439147949219,22.381805419921875,56.912353515625,-1,-1,-1,-1
163,4,487.4626159667969,81.29576873779297,22.75225830078125,56.954734802246094,-1,-1,-1,-1
164,4,487.5203552246094,80.68331146240234,22.97882080078125,57.34972381591797,-1,-1,-1,-1
165,4,487.80133056640625,80.4756851196289,22.501861572265625,56.991920471191406,-1,-1,-1,-1
166,4,488.1805114746094,80.69683837890625,22.11279296875,56.38995361328125,-1,-1,-1,-1
167,4,488.91827392578125,79.83100891113281,22.35345458984375,57.10247802734375,-1,-1,-1,-1
168,4,489.1257629394531,79.45093536376953,22.485748291015625,57.33080291748047,-1,-1,-1,-1
169,4,489.50445556640625,78.48306274414062,22.589385986328125,58.178314208984375,-1,-1,-1,-1
170,4,489.84735107421875,78.49057006835938,22.422149658203125,57.69120788574219,-1,-1,-1,-1
171,4,490.2124938964844,78.10289001464844,22.2655029296875,57.82716369628906,-1,-1,-1,-1
172,4,490.6595153808594,78.33838653564453,22.1038818359375,57.374656677246094,-1,-1,-1,-1
173,4,490.8889465332031,78.67072296142578,22.087310791015625,57.193565368652344,-1,-1,-1,-1
174,4,490.89239501953125,78.19662475585938,22.301116943359375,57.342193603515625,-1,-1,-1,-1
175,4,491.6632995605469,77.0820083618164,22.722686767578125,58.02558135986328,-1,-1,-1,-1
176,4,491.6899719238281,76.32637786865234,23.108673095703125,58.724403381347656,-1,-1,-1,-1
177,4,492.3964538574219,75.64982604980469,23.077056884765625,59.54661560058594,-1,-1,-1,-1
178,4,492.6728210449219,75.1689453125,23.132476806640625,59.87176513671875,-1,-1,-1,-1
179,4,493.77264404296875,74.33879852294922,22.92535400390625,60.45178985595703,-1,-1,-1,-1
180,4,494.254150390625,74.10440063476562,23.10516357421875,60.88641357421875,-1,-1,-1,-1
181,4,494.6796875,74.02960968017578,23.0870361328125,60.512657165527344,-1,-1,-1,-1
182,4,494.9399108886719,73.54216766357422,23.323760986328125,60.613563537597656,-1,-1,-1,-1
183,4,495.2805480957031,73.51141357421875,23.249114990234375,60.13690185546875,-1,-1,-1,-1
184,4,495.56683349609375,73.68458557128906,23.044921875,59.758636474609375,-1,-1,-1,-1
185,4,495.744140625,72.7612533569336,23.07269287109375,61.056251525878906,-1,-1,-1,-1
186,4,496.0193176269531,72.46210479736328,22.886749267578125,61.232139587402344,-1,-1,-1,-1
187,4,496.81011962890625,71.24493408203125,22.3251953125,62.25367736816406,-1,-1,-1,-1
188,4,497.0331115722656,70.85000610351562,22.347259521484375,62.19425964355469,-1,-1,-1,-1
189,4,497.52703857421875,70.20257568359375,22.10400390625,62.49028015136719,-1,-1,-1,-1
190,4,497.7055358886719,69.16841125488281,22.441741943359375,63.34129333496094,-1,-1,-1,-1
191,4,498.5235290527344,68.4190902709961,21.986236572265625,63.658119201660156,-1,-1,-1,-1
192,4,499.14019775390625,67.83816528320312,21.89678955078125,64.01835632324219,-1,-1,-1,-1
193,4,499.5641174316406,68.82939147949219,21.467559814453125,63.23878479003906,-1,-1,-1,-1
194,4,499.8972473144531,69.05157470703125,21.296600341796875,62.79838562011719,-1,-1,-1,-1
195,4,500.2301330566406,69.48332214355469,20.849884033203125,61.703125,-1,-1,-1,-1
196,4,500.41790771484375,69.84538269042969,20.73223876953125,61.141937255859375,-1,-1,-1,-1
197,4,500.5586242675781,69.2044448852539,20.961761474609375,61.588157653808594,-1,-1,-1,-1
198,4,500.8250427246094,68.69229888916016,21.170013427734375,61.734397888183594,-1,-1,-1,-1
199,4,501.5473937988281,69.40026092529297,21.216522216796875,60.879737854003906,-1,-1,-1,-1
200,4,501.6944274902344,69.28421020507812,21.198516845703125,60.901519775390625,-1,-1,-1,-1
