1,1,97.8386459350586,323.6031494140625,37.63433074951172,88.06973266601562,-1,-1,-1,-1
2,1,97.6890640258789,324.99029541015625,35.95665740966797,85.49447631835938,-1,-1,-1,-1
3,1,94.97650146484375,324.92816162109375,33.07892608642578,84.92251586914062,-1,-1,-1,-1
4,1,95.3793716430664,321.9616394042969,31.712249755859375,86.23077392578125,-1,-1,-1,-1
5,1,94.09921264648438,325.0393371582031,32.64818572998047,86.82952880859375,-1,-1,-1,-1
6,1,93.5428466796875,327.5322265625,31.538307189941406,85.60321044921875,-1,-1,-1,-1
7,1,92.47221374511719,330.1532287597656,31.247802734375,84.35919189453125,-1,-1,-1,-1
8,1,91.94452667236328,330.4689636230469,31.30664825439453,84.71115112304688,-1,-1,-1,-1
9,1,90.06179809570312,330.59539794921875,31.70067596435547,86.05630493164062,-1,-1,-1,-1
11,1,84.20623016357422,326.3997497558594,33.768959045410156,91.21380615234375,-1,-1,-1,-1
12,1,83.68701934814453,329.6511535644531,32.480079650878906,88.3138427734375,-1,-1,-1,-1
13,1,81.66098022460938,330.5691223144531,33.91248321533203,88.78933715820312,-1,-1,-1,-1
14,1,80.38553619384766,332.3543395996094,34.394371032714844,89.05987548828125,-1,-1,-1,-1
15,1,78.1800537109375,335.8465576171875,35.79559326171875,89.17861938476562,-1,-1,-1,-1
16,1,77.85546875,337.32318115234375,35.34703063964844,87.62127685546875,-1,-1,-1,-1
17,1,76.35785675048828,338.5289001464844,35.63981628417969,88.61428833007812,-1,-1,-1,-1
18,1,74.83458709716797,339.1693420410156,36.6138916015625,90.240478515625,-1,-1,-1,-1
19,1,72.07254791259766,344.8106689453125,36.29619598388672,84.16958618164062,-1,-1,-1,-1
23,1,62.67121505737305,341.9189147949219,31.25040054321289,89.1248779296875,-1,-1,-1,-1
24,1,59.23701858520508,338.4815979003906,33.84700393676758,93.93988037109375,-1,-1,-1,-1
25,1,55.75083541870117,347.8139953613281,34.6837043762207,87.24569702148438,-1,-1,-1,-1
26,1,56.06182098388672,350.3861083984375,32.65430450439453,85.03561401367188,-1,-1,-1,-1
27,1,56.92865753173828,350.4933776855469,31.892059326171875,84.93218994140625,-1,-1,-1,-1
28,1,56.80350875854492,344.91552734375,32.2340202331543,89.64077758789062,-1,-1,-1,-1
29,1,52.66695785522461,349.2709045410156,33.0538444519043,88.17803955078125,-1,-1,-1,-1
30,1,50.657615661621094,347.8152160644531,33.085411071777344,90.36358642578125,-1,-1,-1,-1
31,1,44.23396682739258,351.61578369140625,33.96457290649414,86.74404907226562,-1,-1,-1,-1
32,1,43.643714904785156,351.60845947265625,34.171234130859375,87.90090942382812,-1,-1,-1,-1
33,1,42.90969467163086,353.237060546875,34.26589584350586,89.68450927734375,-1,-1,-1,-1
34,1,41.66181945800781,354.91986083984375,34.851898193359375,88.2607421875,-1,-1,-1,-1
35,1,39.15056228637695,357.3869323730469,35.5695915222168,87.9119873046875,-1,-1,-1,-1
36,1,36.43010711669922,358.4627990722656,35.927040100097656,89.1619873046875,-1,-1,-1,-1
37,1,33.252037048339844,357.4573974609375,38.07738494873047,91.2911376953125,-1,-1,-1,-1
38,1,33.61478042602539,360.4716491699219,35.08902359008789,88.28057861328125,-1,-1,-1,-1
39,1,28.87629508972168,362.5301513671875,35.04464912414551,86.82577514648438,-1,-1,-1,-1
40,1,26.049694061279297,357.3697509765625,33.012176513671875,91.70834350585938,-1,-1,-1,-1
41,1,22.824419021606445,359.1094970703125,32.63376808166504,90.78372192382812,-1,-1,-1,-1
42,1,18.001035690307617,353.2234191894531,35.52903938293457,98.84027099609375,-1,-1,-1,-1
43,1,14.554093360900879,358.3849792480469,37.31453609466553,98.51861572265625,-1,-1,-1,-1
44,1,15.096874237060547,365.131591796875,35.305782318115234,90.74835205078125,-1,-1,-1,-1
45,1,13.633365631103516,364.3769226074219,35.29741287231445,92.97000122070312,-1,-1,-1,-1
46,1,12.509625434875488,361.72467041015625,35.104586601257324,97.69662475585938,-1,-1,-1,-1
49,1,2.7779988050460815,365.8465270996094,34.19495499134064,95.94927978515625,-1,-1,-1,-1
50,1,2.1079037189483643,363.948974609375,34.205504179000854,99.16592407226562,-1,-1,-1,-1
51,1,1.0001853942958405,370.5477294921875,34.261483764639706,95.88217163085938,-1,-1,-1,-1
52,1,1.0,372.08251953125,34.37844467163086,93.92617797851562,-1,-1,-1,-1
53,1,1.0,376.63189697265625,33.930233001708984,88.98843383789062,-1,-1,-1,-1
54,1,1.0,380.57452392578125,32.07549858093262,83.84359741210938,-1,-1,-1,-1
1,2,414.52203369140625,188.12966918945312,25.674652099609375,68.94023132324219,-1,-1,-1,-1
2,2,414.3604431152344,188.35870361328125,24.997802734375,68.44305419921875,-1,-1,-1,-1
3,2,412.9031066894531,188.6751708984375,24.364105224609375,68.11331176757812,-1,-1,-1,-1
4,2,412.36993408203125,189.31011962890625,23.924957275390625,67.84965515136719,-1,-1,-1,-1
5,2,411.7834167480469,190.73956298828125,23.957305908203125,67.14634704589844,-1,-1,-1,-1
6,2,410.9450378417969,192.00059509277344,24.38104248046875,66.51750183105469,-1,-1,-1,-1
7,2,410.6543884277344,192.423828125,24.263824462890625,66.97738647460938,-1,-1,-1,-1
8,2,410.4139709472656,193.13841247558594,24.07830810546875,66.55439758300781,-1,-1,-1,-1
9,2,409.8488464355469,193.44638061523438,24.1260986328125,66.61575317382812,-1,-1,-1,-1
10,2,409.05999755859375,193.3988494873047,24.732147216796875,67.02165222167969,-1,-1,-1,-1
11,2,408.4781799316406,193.23605346679688,25.106201171875,68.11376953125,-1,-1,-1,-1
12,2,408.4168395996094,193.1750946044922,25.199859619140625,68.80769348144531,-1,-1,-1,-1
13,2,407.83203125,194.13043212890625,26.04150390625,69.682373046875,-1,-1,-1,-1
14,2,407.6680603027344,195.69142150878906,26.745819091796875,69.58467102050781,-1,-1,-1,-1
15,2,407.3667297363281,197.53086853027344,28.627532958984375,69.32316589355469,-1,-1,-1,-1
16,2,407.3012390136719,198.1627197265625,29.09716796875,69.49447631835938,-1,-1,-1,-1
17,2,407.380859375,199.17015075683594,29.021636962890625,69.17515563964844,-1,-1,-1,-1
18,2,407.4944763183594,199.9239959716797,28.859283447265625,68.65046691894531,-1,-1,-1,-1
19,2,407.8399658203125,199.9548797607422,27.011810302734375,68.33213806152344,-1,-1,-1,-1
20,2,407.6712341308594,199.7191619873047,26.40704345703125,68.68797302246094,-1,-1,-1,-1
21,2,407.2524719238281,200.0253448486328,25.8878173828125,68.71336364746094,-1,-1,-1,-1
22,2,406.8507385253906,200.86691284179688,25.37762451171875,68.21969604492188,-1,-1,-1,-1
23,2,406.1730651855469,202.1956329345703,24.88360595703125,68.66130065917969,-1,-1,-1,-1
24,2,405.7966613769531,202.93690490722656,24.684539794921875,68.19725036621094,-1,-1,-1,-1
25,2,405.89117431640625,204.26177978515625,24.37188720703125,67.35903930664062,-1,-1,-1,-1
26,2,406.0005798339844,205.13873291015625,23.91864013671875,67.1103515625,-1,-1,-1,-1
27,2,405.56890869140625,205.53665161132812,24.28662109375,67.39810180664062,-1,-1,-1,-1
28,2,405.1954040527344,205.07850646972656,24.792724609375,68.37120056152344,-1,-1,-1,-1
29,2,404.8918762207031,205.0041046142578,25.385986328125,69.24055480957031,-1,-1,-1,-1
30,2,404.7303161621094,205.1184539794922,26.135772705078125,70.20658874511719,-1,-1,-1,-1
31,2,405.0168762207031,206.0375213623047,27.79998779296875,70.80369567871094,-1,-1,-1,-1
32,2,405.1517333984375,206.9158935546875,28.334930419921875,70.78732299804688,-1,-1,-1,-1
33,2,405.1871337890625,207.9445037841797,29.306121826171875,71.00032043457031,-1,-1,-1,-1
34,2,405.611572265625,208.98130798339844,29.125091552734375,70.46363830566406,-1,-1,-1,-1
35,2,405.93988037109375,209.9423065185547,28.999755859375,70.03660583496094,-1,-1,-1,-1
36,2,406.2176818847656,210.1655731201172,28.3360595703125,69.50486755371094,-1,-1,-1,-1
37,2,406.1379089355469,209.9778594970703,26.99658203125,69.67814636230469,-1,-1,-1,-1
38,2,405.8994445800781,209.9010467529297,26.3046875,70.05122375488281,-1,-1,-1,-1
39,2,405.1670837402344,210.5047607421875,26.277557373046875,70.03271484375,-1,-1,-1,-1
40,2,404.8536376953125,210.94943237304688,26.158905029296875,70.23977661132812,-1,-1,-1,-1
41,2,404.7811279296875,212.5931396484375,25.668914794921875,69.59182739257812,-1,-1,-1,-1
42,2,404.4469909667969,213.79212951660156,25.783843994140625,69.74879455566406,-1,-1,-1,-1
43,2,404.57861328125,215.07275390625,25.628570556640625,69.69473266601562,-1,-1,-1,-1
44,2,404.7484436035156,215.3816375732422,25.27685546875,69.96513366699219,-1,-1,-1,-1
45,2,405.0489807128906,215.40274047851562,25.06671142578125,70.08999633789062,-1,-1,-1,-1
46,2,405.13751220703125,215.26145935058594,25.09405517578125,70.22834777832031,-1,-1,-1,-1
47,2,404.9440612792969,215.26341247558594,25.6571044921875,71.26106262207031,-1,-1,-1,-1
48,2,404.8529052734375,215.59107971191406,26.195526123046875,71.75370788574219,-1,-1,-1,-1
49,2,404.93994140625,217.2010040283203,27.124755859375,71.88713073730469,-1,-1,-1,-1
50,2,404.8002014160156,218.40562438964844,28.27716064453125,71.48289489746094,-1,-1,-1,-1
51,2,404.6264343261719,220.22662353515625,29.23516845703125,70.51931762695312,-1,-1,-1,-1
52,2,404.9232482910156,220.93692016601562,29.562408447265625,70.39566040039062,-1,-1,-1,-1
53,2,405.0535583496094,221.1954345703125,29.408935546875,70.8924560546875,-1,-1,-1,-1
54,2,405.1715393066406,221.2262420654297,28.989501953125,71.17442321777344,-1,-1,-1,-1
55,2,405.29986572265625,220.9873809814453,27.758819580078125,71.60783386230469,-1,-1,-1,-1
56,2,405.0722961425781,220.79977416992188,27.204803466796875,72.21554565429688,-1,-1,-1,-1
57,2,404.81390380859375,221.68258666992188,26.781097412109375,72.38662719726562,-1,-1,-1,-1
58,2,404.48565673828125,222.7288818359375,26.089324951171875,72.14389038085938,-1,-1,-1,-1
59,2,404.514892578125,224.70162963867188,25.125885009765625,71.36062622070312,-1,-1,-1,-1
60,2,404.7577819824219,225.7980194091797,24.9808349609375,70.76567077636719,-1,-1,-1,-1
61,2,404.9371032714844,226.68968200683594,24.861846923828125,70.84556579589844,-1,-1,-1,-1
62,2,405.092041015625,227.14610290527344,24.770751953125,70.94587707519531,-1,-1,-1,-1
63,2,405.0652160644531,227.17886352539062,24.965576171875,71.2354736328125,-1,-1,-1,-1
64,2,404.95880126953125,226.97918701171875,25.210662841796875,71.85940551757812,-1,-1,-1,-1
65,2,404.73486328125,227.18023681640625,25.85760498046875,72.80767822265625,-1,-1,-1,-1
66,2,404.5632019042969,228.00389099121094,26.5440673828125,72.55622863769531,-1,-1,-1,-1
67,2,404.72808837890625,229.52647399902344,28.518280029296875,72.22172546386719,-1,-1,-1,-1
68,2,404.82733154296875,230.29183959960938,29.317108154296875,72.41436767578125,-1,-1,-1,-1
69,2,405.47021484375,231.52471923828125,30.176971435546875,72.95709228515625,-1,-1,-1,-1
70,2,405.8820495605469,232.3091583251953,30.169219970703125,72.99397277832031,-1,-1,-1,-1
71,2,406.3912353515625,232.546875,29.495452880859375,72.93646240234375,-1,-1,-1,-1
72,2,406.68798828125,232.41835021972656,29.094146728515625,73.27430725097656,-1,-1,-1,-1
73,2,406.1932373046875,232.47866821289062,27.641265869140625,73.25909423828125,-1,-1,-1,-1
74,2,405.97467041015625,232.85914611816406,27.150543212890625,73.58012390136719,-1,-1,-1,-1
75,2,405.6831970214844,234.2160186767578,26.923065185546875,74.22868347167969,-1,-1,-1,-1
76,2,405.7957763671875,235.9398193359375,26.542694091796875,73.38894653320312,-1,-1,-1,-1
77,2,405.8700256347656,238.21243286132812,26.3638916015625,72.59201049804688,-1,-1,-1,-1
78,2,405.96087646484375,239.3855438232422,26.121856689453125,71.88972473144531,-1,-1,-1,-1
79,2,406.0144348144531,239.4524688720703,26.208740234375,72.72764587402344,-1,-1,-1,-1
80,2,405.9732971191406,239.57835388183594,26.22027587890625,73.10621643066406,-1,-1,-1,-1
81,2,405.7657165527344,239.25474548339844,26.54937744140625,73.65858459472656,-1,-1,-1,-1
82,2,405.9201965332031,238.98512268066406,26.760498046875,74.20729064941406,-1,-1,-1,-1
83,2,406.2454833984375,239.97496032714844,27.122039794921875,75.10111999511719,-1,-1,-1,-1
84,2,406.7598571777344,240.70127868652344,27.106689453125,76.02082824707031,-1,-1,-1,-1
85,2,406.9953918457031,242.6985626220703,28.4520263671875,76.17488098144531,-1,-1,-1,-1
86,2,407.0318603515625,244.08169555664062,29.180572509765625,75.5050048828125,-1,-1,-1,-1
87,2,407.3371887207031,245.0835418701172,29.660125732421875,75.31800842285156,-1,-1,-1,-1
88,2,407.7174987792969,245.48025512695312,29.557586669921875,75.35232543945312,-1,-1,-1,-1
89,2,407.8599548339844,245.33316040039062,28.7064208984375,75.529052734375,-1,-1,-1,-1
90,2,407.6683349609375,245.14280700683594,27.810455322265625,75.88215637207031,-1,-1,-1,-1
91,2,407.1145935058594,245.51731872558594,27.0943603515625,75.83625793457031,-1,-1,-1,-1
92,2,406.4415588378906,246.0769500732422,27.051361083984375,76.03294372558594,-1,-1,-1,-1
93,2,405.7706604003906,247.54196166992188,26.97467041015625,75.99392700195312,-1,-1,-1,-1
94,2,405.5649108886719,249.0531463623047,26.7222900390625,75.14579772949219,-1,-1,-1,-1
95,2,405.6487121582031,250.3287353515625,26.23883056640625,75.26632690429688,-1,-1,-1,-1
96,2,405.5196533203125,250.95574951171875,26.120391845703125,75.70623779296875,-1,-1,-1,-1
97,2,405.267822265625,251.49044799804688,26.39569091796875,75.78775024414062,-1,-1,-1,-1
98,2,405.3020324707031,251.84556579589844,26.23602294921875,75.60432434082031,-1,-1,-1,-1
99,2,404.8898010253906,251.7703857421875,26.50836181640625,76.18060302734375,-1,-1,-1,-1
100,2,404.547119140625,252.07058715820312,26.594696044921875,76.3587646484375,-1,-1,-1,-1
101,2,404.0058288574219,253.24880981445312,27.643798828125,76.68548583984375,-1,-1,-1,-1
102,2,403.3407287597656,254.1908416748047,29.397186279296875,76.73176574707031,-1,-1,-1,-1
103,2,403.3030090332031,255.96975708007812,30.331817626953125,77.09332275390625,-1,-1,-1,-1
104,2,403.2919006347656,257.1117858886719,31.64678955078125,77.51510620117188,-1,-1,-1,-1
105,2,403.71478271484375,258.2138977050781,30.9622802734375,77.18167114257812,-1,-1,-1,-1
106,2,403.9333190917969,258.4560241699219,30.520904541015625,77.32315063476562,-1,-1,-1,-1
107,2,403.5455017089844,258.3755798339844,28.16009521484375,76.86099243164062,-1,-1,-1,-1
108,2,403.0482482910156,258.3194885253906,27.32281494140625,76.97171020507812,-1,-1,-1,-1
109,2,402.13641357421875,258.6243896484375,27.233245849609375,78.09768676757812,-1,-1,-1,-1
110,2,401.8091125488281,259.34613037109375,26.59454345703125,78.2529296875,-1,-1,-1,-1
111,2,401.15216064453125,261.4403076171875,26.34619140625,77.05551147460938,-1,-1,-1,-1
112,2,400.9430847167969,262.695068359375,25.83355712890625,76.33688354492188,-1,-1,-1,-1
113,2,400.27093505859375,263.7366638183594,26.106170654296875,75.99581909179688,-1,-1,-1,-1
114,2,399.7867126464844,264.3990173339844,26.3675537109375,76.06442260742188,-1,-1,-1,-1
115,2,399.1715393066406,264.7509460449219,26.394744873046875,76.23831176757812,-1,-1,-1,-1
116,2,398.79083251953125,264.8128662109375,26.265899658203125,76.6890869140625,-1,-1,-1,-1
117,2,398.1636657714844,264.70758056640625,26.740081787109375,77.99325561523438,-1,-1,-1,-1
118,2,397.7197265625,265.11639404296875,27.368133544921875,78.29730224609375,-1,-1,-1,-1
119,2,397.00335693359375,266.2701416015625,28.511505126953125,80.11819458007812,-1,-1,-1,-1
120,2,396.7689514160156,267.0076904296875,29.368804931640625,80.54931640625,-1,-1,-1,-1
121,2,396.6053161621094,269.43280029296875,30.704254150390625,80.05374145507812,-1,-1,-1,-1
122,2,396.8374938964844,271.1217041015625,30.720001220703125,79.0260009765625,-1,-1,-1,-1
123,2,397.0042419433594,272.07391357421875,30.216796875,78.61520385742188,-1,-1,-1,-1
124,2,396.53973388671875,272.1571044921875,28.63470458984375,78.5828857421875,-1,-1,-1,-1
125,2,394.79296875,271.35540771484375,27.31005859375,79.14437866210938,-1,-1,-1,-1
126,2,394.2178039550781,271.2322692871094,26.84271240234375,79.70339965820312,-1,-1,-1,-1
127,2,392.4407958984375,272.16827392578125,27.933502197265625,80.221435546875,-1,-1,-1,-1
128,2,391.3921813964844,273.5368347167969,28.11822509765625,80.00149536132812,-1,-1,-1,-1
129,2,389.7979431152344,275.3160400390625,29.1898193359375,79.97360229492188,-1,-1,-1,-1
130,2,389.5868835449219,276.84014892578125,28.761871337890625,78.808349609375,-1,-1,-1,-1
131,2,389.0879821777344,277.75836181640625,28.141143798828125,78.81646728515625,-1,-1,-1,-1
132,2,388.942138671875,277.96490478515625,27.593658447265625,79.1182861328125,-1,-1,-1,-1
133,2,388.2908935546875,277.8660888671875,27.688140869140625,80.075439453125,-1,-1,-1,-1
134,2,387.8031921386719,278.07733154296875,27.87078857421875,80.46014404296875,-1,-1,-1,-1
135,2,386.66217041015625,278.4017333984375,29.00921630859375,81.98831176757812,-1,-1,-1,-1
136,2,386.2316589355469,279.26727294921875,29.518524169921875,82.26806640625,-1,-1,-1,-1
137,2,386.0375061035156,281.61279296875,30.57122802734375,82.450439453125,-1,-1,-1,-1
138,2,385.97259521484375,282.59881591796875,31.22113037109375,82.81024169921875,-1,-1,-1,-1
139,2,385.7104187011719,283.4189147949219,31.840545654296875,83.22402954101562,-1,-1,-1,-1
140,2,385.3221130371094,284.1402282714844,32.158905029296875,82.86032104492188,-1,-1,-1,-1
141,2,383.9658203125,284.3955383300781,32.430511474609375,82.39950561523438,-1,-1,-1,-1
142,2,383.1079406738281,284.2945251464844,31.810516357421875,81.83346557617188,-1,-1,-1,-1
143,2,380.62725830078125,284.970458984375,29.334991455078125,81.203857421875,-1,-1,-1,-1
144,2,379.9794006347656,285.4794921875,28.974853515625,81.94403076171875,-1,-1,-1,-1
145,2,377.86322021484375,286.77569580078125,29.5347900390625,83.77310180664062,-1,-1,-1,-1
146,2,377.19891357421875,288.2058410644531,29.332122802734375,82.86111450195312,-1,-1,-1,-1
147,2,376.53070068359375,290.27813720703125,28.296630859375,81.94937133789062,-1,-1,-1,-1
148,2,376.1960754394531,291.6438903808594,27.5693359375,81.10671997070312,-1,-1,-1,-1
149,2,374.4781799316406,292.3999328613281,28.320068359375,80.96954345703125,-1,-1,-1,-1
150,2,373.2251281738281,292.90277099609375,28.506622314453125,80.66278076171875,-1,-1,-1,-1
151,2,372.60577392578125,293.0975341796875,27.937835693359375,80.82858276367188,-1,-1,-1,-1
152,2,371.2078857421875,293.3081970214844,28.48773193359375,81.40847778320312,-1,-1,-1,-1
153,2,369.91412353515625,294.06201171875,29.496124267578125,84.56976318359375,-1,-1,-1,-1
154,2,369.5932922363281,295.39324951171875,29.916534423828125,84.06747436523438,-1,-1,-1,-1
155,2,369.0719299316406,297.46002197265625,30.512786865234375,83.91961669921875,-1,-1,-1,-1
156,2,368.7542419433594,298.53692626953125,31.126495361328125,83.86630249023438,-1,-1,-1,-1
157,2,368.06878662109375,299.46136474609375,32.057861328125,83.93365478515625,-1,-1,-1,-1
158,2,367.08837890625,300.19287109375,32.66326904296875,83.86053466796875,-1,-1,-1,-1
159,2,365.0071716308594,300.6995849609375,30.134490966796875,82.61453247070312,-1,-1,-1,-1
160,2,364.0999755859375,300.46331787109375,29.468963623046875,82.77557373046875,-1,-1,-1,-1
161,2,361.6754455566406,301.1376037597656,29.246002197265625,82.92477416992188,-1,-1,-1,-1
162,2,360.5811462402344,301.5596923828125,29.23046875,83.62179565429688,-1,-1,-1,-1
163,2,358.6747131347656,302.7127990722656,29.499725341796875,84.99676513671875,-1,-1,-1,-1
164,2,357.76934814453125,304.54302978515625,29.95965576171875,83.56842041015625,-1,-1,-1,-1
165,2,357.07708740234375,306.48834228515625,29.2469482421875,83.39437866210938,-1,-1,-1,-1
166,2,356.28814697265625,307.2590026855469,28.70703125,83.3179931640625,-1,-1,-1,-1
167,2,354.72552490234375,307.6466369628906,28.977935791015625,83.28262329101562,-1,-1,-1,-1
168,2,354.0928955078125,307.842041015625,28.723419189453125,83.3385009765625,-1,-1,-1,-1
169,2,351.9578552246094,307.58642578125,28.9473876953125,84.34213256835938,-1,-1,-1,-1
170,2,351.1187744140625,308.116943359375,29.418243408203125,85.61257934570312,-1,-1,-1,-1
171,2,350.237548828125,310.31695556640625,32.181243896484375,87.93768310546875,-1,-1,-1,-1
172,2,349.9007568359375,311.5682373046875,33.770233154296875,86.98846435546875,-1,-1,-1,-1
173,2,349.13189697265625,313.9735107421875,35.1026611328125,85.80770874023438,-1,-1,-1,-1
174,2,348.62506103515625,315.50750732421875,35.815155029296875,85.12588500976562,-1,-1,-1,-1
175,2,348.0283203125,316.245361328125,35.0804443359375,84.8922119140625,-1,-1,-1,-1
176,2,347.0136413574219,315.94915771484375,33.699432373046875,85.1058349609375,-1,-1,-1,-1
177,2,342.9764404296875,315.36834716796875,31.22265625,85.27011108398438,-1,-1,-1,-1
178,2,342.15740966796875,315.6338806152344,31.24468994140625,86.05938720703125,-1,-1,-1,-1
179,2,340.45849609375,317.2047424316406,30.9200439453125,86.32708740234375,-1,-1,-1,-1
180,2,339.07989501953125,318.33294677734375,30.97540283203125,86.2669677734375,-1,-1,-1,-1
181,2,338.03594970703125,320.29193115234375,30.60784912109375,85.88015747070312,-1,-1,-1,-1
182,2,337.3056945800781,321.8154296875,30.333770751953125,85.38388061523438,-1,-1,-1,-1
183,2,336.1895751953125,323.2040710449219,29.663116455078125,85.5166015625,-1,-1,-1,-1
184,2,335.5666198730469,323.75860595703125,29.109619140625,85.12985229492188,-1,-1,-1,-1
185,2,334.5502014160156,323.7106628417969,28.824188232421875,85.4969482421875,-1,-1,-1,-1
186,2,333.7331848144531,323.62371826171875,28.83966064453125,86.17913818359375,-1,-1,-1,-1
187,2,331.59698486328125,323.9231262207031,29.834197998046875,88.00784301757812,-1,-1,-1,-1
188,2,331.4080505371094,324.8976135253906,29.700531005859375,88.9071044921875,-1,-1,-1,-1
189,2,330.549072265625,328.70013427734375,32.841064453125,88.58358764648438,-1,-1,-1,-1
190,2,329.95880126953125,330.3958740234375,34.63531494140625,87.7366943359375,-1,-1,-1,-1
191,2,329.2415466308594,332.08880615234375,35.386749267578125,87.62725830078125,-1,-1,-1,-1
192,2,328.8308410644531,333.547119140625,35.41943359375,86.86474609375,-1,-1,-1,-1
193,2,326.9606018066406,333.616455078125,35.096710205078125,87.09457397460938,-1,-1,-1,-1
194,2,325.09033203125,333.35302734375,34.616973876953125,87.26312255859375,-1,-1,-1,-1
195,2,321.4822692871094,333.6750793457031,33.770904541015625,87.34771728515625,-1,-1,-1,-1
196,2,321.10614013671875,334.52337646484375,33.183563232421875,87.66900634765625,-1,-1,-1,-1
197,2,319.2838134765625,335.9945068359375,33.758087158203125,88.53817749023438,-1,-1,-1,-1
198,2,318.2614440917969,337.6367492675781,33.418365478515625,87.79470825195312,-1,-1,-1,-1
199,2,317.3640441894531,339.6973876953125,32.294769287109375,88.44778442382812,-1,-1,-1,-1
200,2,317.34259033203125,341.2563781738281,31.147216796875,87.18978881835938,-1,-1,-1,-1
8,3,555.2556762695312,74.13139343261719,23.19036865234375,61.50682067871094,-1,-1,-1,-1
9,3,554.7343139648438,77.6545181274414,21.94287109375,58.08692169189453,-1,-1,-1,-1
10,3,554.5864868164062,78.67607879638672,21.95452880859375,57.28771209716797,-1,-1,-1,-1
11,3,552.1170043945312,80.41128540039062,22.16485595703125,56.005462646484375,-1,-1,-1,-1
12,3,552.128173828125,79.80355834960938,21.8365478515625,56.93821716308594,-1,-1,-1,-1
13,3,550.3317260742188,79.4535903930664,21.60797119140625,57.01782989501953,-1,-1,-1,-1
14,3,549.542724609375,80.06368255615234,21.28265380859375,56.887184143066406,-1,-1,-1,-1
15,3,548.6522216796875,80.0019760131836,21.84832763671875,57.30998992919922,-1,-1,-1,-1
16,3,548.0811157226562,79.8791275024414,22.3427734375,57.213462829589844,-1,-1,-1,-1
17,3,547.3758544921875,80.02297973632812,23.0303955078125,57.7305908203125,-1,-1,-1,-1
18,3,547.1396484375,80.50322723388672,22.9979248046875,57.54413604736328,-1,-1,-1,-1
19,3,546.1664428710938,80.74723815917969,23.03662109375,57.61273193359375,-1,-1,-1,-1
20,3,545.9317016601562,81.09439849853516,22.9296875,57.383201599121094,-1,-1,-1,-1
21,3,545.4514770507812,81.74568176269531,22.91455078125,56.53251647949219,-1,-1,-1,-1
22,3,545.385009765625,81.83799743652344,22.94110107421875,56.417724609375,-1,-1,-1,-1
23,3,545.2103271484375,82.70550537109375,23.08538818359375,56.12580871582031,-1,-1,-1,-1
24,3,544.7632446289062,82.6912841796875,23.05621337890625,56.792205810546875,-1,-1,-1,-1
25,3,544.2366943359375,82.57606506347656,22.77459716796875,57.376953125,-1,-1,-1,-1
26,3,543.786865234375,82.70256042480469,22.68109130859375,57.51261901855469,-1,-1,-1,-1
27,3,543.3917846679688,82.67668914794922,22.58697509765625,58.10118865966797,-1,-1,-1,-1
28,3,542.98486328125,82.83257293701172,22.5091552734375,58.274497985839844,-1,-1,-1,-1
29,3,542.5948486328125,82.9920654296875,22.79534912109375,58.245513916015625,-1,-1,-1,-1
30,3,542.3465576171875,83.66119384765625,22.73760986328125,57.760284423828125,-1,-1,-1,-1
31,3,542.1058959960938,83.88990783691406,23.2510986328125,57.70849609375,-1,-1,-1,-1
32,3,541.7887573242188,84.14849090576172,23.44683837890625,58.109458923339844,-1,-1,-1,-1
33,3,541.3119506835938,84.50384521484375,23.3529052734375,58.45379638671875,-1,-1,-1,-1
34,3,541.1353759765625,84.80233764648438,22.9281005859375,58.50331115722656,-1,-1,-1,-1
35,3,540.3175048828125,85.06843566894531,22.9212646484375,58.18426513671875,-1,-1,-1,-1
36,3,539.3756713867188,85.11881256103516,23.31793212890625,58.17444610595703,-1,-1,-1,-1
37,3,538.5389404296875,84.85031127929688,23.9029541015625,58.62828063964844,-1,-1,-1,-1
38,3,537.70166015625,84.91754150390625,24.48736572265625,58.74336242675781,-1,-1,-1,-1
39,3,537.412353515625,85.1910400390625,24.75909423828125,58.975830078125,-1,-1,-1,-1
40,3,537.175537109375,85.39160919189453,24.65234375,58.933204650878906,-1,-1,-1,-1
41,3,537.1361083984375,86.37628173828125,24.79766845703125,57.55229187011719,-1,-1,-1,-1
42,3,537.1296997070312,87.09309387207031,24.14154052734375,57.015533447265625,-1,-1,-1,-1
43,3,537.1162719726562,87.81230926513672,23.7705078125,56.735694885253906,-1,-1,-1,-1
44,3,537.079345703125,88.46615600585938,23.6583251953125,56.37359619140625,-1,-1,-1,-1
45,3,537.0900268554688,88.90798950195312,23.3819580078125,55.81233215332031,-1,-1,-1,-1
46,3,537.1967163085938,89.78689575195312,23.18133544921875,54.70152282714844,-1,-1,-1,-1
47,3,537.159912109375,89.46954345703125,22.90704345703125,55.04985046386719,-1,-1,-1,-1
48,3,537.1340942382812,89.63301086425781,22.748291015625,55.126220703125,-1,-1,-1,-1
49,3,537.0201416015625,90.10169982910156,22.63018798828125,55.40409851074219,-1,-1,-1,-1
50,3,536.9982299804688,90.78858947753906,22.6236572265625,54.97529602050781,-1,-1,-1,-1
51,3,536.6052856445312,91.15531158447266,23.07647705078125,55.33782196044922,-1,-1,-1,-1
52,3,536.3707275390625,90.58612823486328,23.40350341796875,55.985694885253906,-1,-1,-1,-1
53,3,535.9816284179688,91.56578063964844,23.27374267578125,55.64350891113281,-1,-1,-1,-1
54,3,535.774169921875,91.02046203613281,23.2275390625,56.594390869140625,-1,-1,-1,-1
55,3,535.486328125,91.0323486328125,22.99310302734375,56.82977294921875,-1,-1,-1,-1
56,3,535.1868896484375,91.45150756835938,22.826416015625,57.14093017578125,-1,-1,-1,-1
57,3,534.2942504882812,91.54283142089844,23.342041015625,57.01496887207031,-1,-1,-1,-1
58,3,533.927978515625,91.59378814697266,23.51312255859375,57.27222442626953,-1,-1,-1,-1
59,3,533.5441284179688,91.56221771240234,23.6373291015625,57.663108825683594,-1,-1,-1,-1
60,3,533.3093872070312,91.49113464355469,23.56842041015625,57.93760681152344,-1,-1,-1,-1
61,3,533.0863037109375,91.16558837890625,23.81591796875,58.36051940917969,-1,-1,-1,-1
62,3,533.0255737304688,91.2243423461914,24.03338623046875,58.13854217529297,-1,-1,-1,-1
63,3,532.8571166992188,92.38517761230469,23.7674560546875,57.76371765136719,-1,-1,-1,-1
64,3,532.7023315429688,92.85447692871094,24.0887451171875,57.84930419921875,-1,-1,-1,-1
65,3,532.5662841796875,93.67804718017578,23.85833740234375,57.511756896972656,-1,-1,-1,-1
66,3,532.5673217773438,93.68235778808594,23.77276611328125,58.18914794921875,-1,-1,-1,-1
67,3,532.5401000976562,93.73751068115234,24.213623046875,58.59911346435547,-1,-1,-1,-1
68,3,532.6727294921875,93.84001159667969,24.4412841796875,58.40803527832031,-1,-1,-1,-1
69,3,532.7159423828125,94.05563354492188,23.67095947265625,58.20465087890625,-1,-1,-1,-1
70,3,532.4329833984375,93.92357635498047,23.94171142578125,58.818077087402344,-1,-1,-1,-1
71,3,531.7431030273438,93.53746032714844,24.0545654296875,59.984405517578125,-1,-1,-1,-1
72,3,531.4302978515625,93.33110809326172,23.96331787109375,60.708457946777344,-1,-1,-1,-1
73,3,531.17236328125,93.719482421875,23.68280029296875,60.525054931640625,-1,-1,-1,-1
74,3,530.7266235351562,94.15646362304688,23.783447265625,60.486358642578125,-1,-1,-1,-1
75,3,529.5408935546875,95.46441650390625,24.006103515625,59.37123107910156,-1,-1,-1,-1
76,3,529.4963989257812,96.33222961425781,23.3521728515625,58.63737487792969,-1,-1,-1,-1
77,3,529.0830688476562,97.69413757324219,22.264404296875,57.351593017578125,-1,-1,-1,-1
78,3,528.600830078125,98.08724212646484,22.21923828125,57.437705993652344,-1,-1,-1,-1
79,3,527.94287109375,98.14750671386719,22.6641845703125,57.74925231933594,-1,-1,-1,-1
80,3,527.6830444335938,98.23387908935547,22.40020751953125,57.859703063964844,-1,-1,-1,-1
81,3,526.9970092773438,98.56522369384766,22.41558837890625,57.53687286376953,-1,-1,-1,-1
82,3,526.47900390625,98.58293151855469,22.340576171875,57.677459716796875,-1,-1,-1,-1
83,3,525.8744506835938,98.26782989501953,22.5025634765625,57.86951446533203,-1,-1,-1,-1
84,3,525.1339721679688,98.66019439697266,23.02099609375,57.21210479736328,-1,-1,-1,-1
85,3,524.4318237304688,99.44886016845703,23.70379638671875,56.57402801513672,-1,-1,-1,-1
86,3,523.6823120117188,99.19927215576172,24.264404296875,57.04816436767578,-1,-1,-1,-1
87,3,523.5942993164062,98.93248748779297,24.24432373046875,57.09168243408203,-1,-1,-1,-1
88,3,523.4956665039062,99.26898956298828,23.81072998046875,56.59697723388672,-1,-1,-1,-1
89,3,522.9599609375,100.79240417480469,22.6202392578125,55.82991027832031,-1,-1,-1,-1
90,3,522.4922485351562,100.17523956298828,22.9913330078125,57.55463409423828,-1,-1,-1,-1
91,3,520.753173828125,102.48200225830078,22.1300048828125,55.66107940673828,-1,-1,-1,-1
92,3,520.4948120117188,102.09728240966797,21.95819091796875,55.86461639404297,-1,-1,-1,-1
93,3,520.0109252929688,101.64888763427734,22.1431884765625,57.34882354736328,-1,-1,-1,-1
94,3,519.609619140625,102.06622314453125,22.2015380859375,57.58168029785156,-1,-1,-1,-1
95,3,518.5120849609375,102.11595153808594,22.553466796875,57.79307556152344,-1,-1,-1,-1
96,3,517.9634399414062,102.41629028320312,22.7518310546875,57.9100341796875,-1,-1,-1,-1
97,3,516.4586791992188,103.30162811279297,23.37158203125,57.67053985595703,-1,-1,-1,-1
98,3,516.2083740234375,103.66544342041016,23.42987060546875,57.655113220214844,-1,-1,-1,-1
99,3,515.4031982421875,104.0678482055664,23.54443359375,57.676597595214844,-1,-1,-1,-1
100,3,514.337646484375,104.26748657226562,24.25836181640625,57.961822509765625,-1,-1,-1,-1
101,3,513.7705688476562,104.53848266601562,24.31903076171875,57.97157287597656,-1,-1,-1,-1
102,3,512.8879699707031,104.79369354248047,24.432952880859375,57.645957946777344,-1,-1,-1,-1
103,3,511.1515197753906,105.14928436279297,24.349700927734375,57.39429473876953,-1,-1,-1,-1
104,3,510.8017883300781,104.89546966552734,24.200469970703125,57.74401092529297,-1,-1,-1,-1
105,3,509.958740234375,104.4592056274414,24.4261474609375,58.396995544433594,-1,-1,-1,-1
106,3,509.5492858886719,104.33544921875,24.193511962890625,58.9407958984375,-1,-1,-1,-1
107,3,509.1131591796875,105.01004791259766,24.2061767578125,58.92864227294922,-1,-1,-1,-1
108,3,508.9178161621094,106.0306625366211,24.015106201171875,58.17546844482422,-1,-1,-1,-1
109,3,508.2610168457031,106.8852310180664,23.958892822265625,57.502708435058594,-1,-1,-1,-1
110,3,507.91363525390625,107.19784545898438,23.6217041015625,57.337890625,-1,-1,-1,-1
111,3,507.0604248046875,107.81893157958984,23.62420654296875,56.991371154785156,-1,-1,-1,-1
112,3,506.7180480957031,107.39126586914062,23.610076904296875,57.6826171875,-1,-1,-1,-1
113,3,505.7425231933594,107.34632110595703,24.322784423828125,58.226051330566406,-1,-1,-1,-1
114,3,505.39581298828125,107.27398681640625,24.29693603515625,58.30793762207031,-1,-1,-1,-1
115,3,504.6085510253906,107.47740936279297,24.610992431640625,58.595314025878906,-1,-1,-1,-1
116,3,504.281005859375,107.12387084960938,24.17059326171875,59.10821533203125,-1,-1,-1,-1
117,3,503.5315856933594,107.3144760131836,24.369232177734375,59.236854553222656,-1,-1,-1,-1
118,3,503.14581298828125,107.99304962158203,24.32562255859375,58.90599822998047,-1,-1,-1,-1
119,3,502.5111083984375,109.40348815917969,24.09832763671875,57.84730529785156,-1,-1,-1,-1
120,3,502.0141296386719,110.21388244628906,24.333953857421875,57.44783020019531,-1,-1,-1,-1
121,3,501.127197265625,111.88045501708984,23.80328369140625,56.13097381591797,-1,-1,-1,-1
122,3,500.6577453613281,111.47776794433594,23.852020263671875,56.84919738769531,-1,-1,-1,-1
123,3,499.8937072753906,111.1763687133789,23.691375732421875,57.39598846435547,-1,-1,-1,-1
124,3,499.3675231933594,111.02208709716797,23.703460693359375,57.63872528076172,-1,-1,-1,-1
125,3,498.08001708984375,110.6578598022461,23.95892333984375,58.082603454589844,-1,-1,-1,-1
126,3,497.391357421875,111.005126953125,23.99591064453125,57.97029113769531,-1,-1,-1,-1
127,3,496.37744140625,110.90573120117188,24.40966796875,58.3255615234375,-1,-1,-1,-1
128,3,495.7422180175781,110.38721466064453,24.659149169921875,59.26630401611328,-1,-1,-1,-1
129,3,494.8766174316406,111.74391174316406,24.726287841796875,58.50730895996094,-1,-1,-1,-1
130,3,494.6099853515625,112.50402069091797,24.51470947265625,58.277427673339844,-1,-1,-1,-1
131,3,494.220703125,113.78993225097656,24.27691650390625,57.40907287597656,-1,-1,-1,-1
132,3,493.9554138183594,113.55572509765625,24.177947998046875,58.01411437988281,-1,-1,-1,-1
133,3,493.5730285644531,113.27490997314453,24.547271728515625,58.83452606201172,-1,-1,-1,-1
134,3,493.343017578125,112.88784790039062,24.6461181640625,59.570648193359375,-1,-1,-1,-1
135,3,493.1156005859375,113.12654113769531,24.34619140625,59.54219055175781,-1,-1,-1,-1
136,3,492.94720458984375,113.12390899658203,24.13238525390625,59.75090789794922,-1,-1,-1,-1
137,3,492.4700012207031,113.032470703125,24.002471923828125,60.38751220703125,-1,-1,-1,-1
138,3,492.06463623046875,112.7877426147461,23.950439453125,60.96308135986328,-1,-1,-1,-1
139,3,491.25787353515625,113.1595458984375,24.0726318359375,61.12553405761719,-1,-1,-1,-1
140,3,490.8228454589844,113.80840301513672,23.776824951171875,60.665550231933594,-1,-1,-1,-1
141,3,490.0548400878906,114.01764678955078,23.9002685546875,60.76555633544922,-1,-1,-1,-1
142,3,489.507568359375,114.7261734008789,23.638641357421875,60.193397521972656,-1,-1,-1,-1
143,3,488.4829406738281,114.79340362548828,23.878082275390625,60.558921813964844,-1,-1,-1,-1
144,3,487.9942932128906,115.17337799072266,23.9000244140625,60.450111389160156,-1,-1,-1,-1
145,3,487.1671142578125,115.60974884033203,23.870697021484375,60.26917266845703,-1,-1,-1,-1
146,3,486.4725341796875,115.74755859375,24.101226806640625,59.96611022949219,-1,-1,-1,-1
147,3,485.1181640625,115.40222930908203,24.974365234375,60.452796936035156,-1,-1,-1,-1
148,3,484.9034729003906,115.23761749267578,24.83197021484375,60.680946350097656,-1,-1,-1,-1
149,3,484.30169677734375,114.99950408935547,25.007781982421875,61.11652374267578,-1,-1,-1,-1
150,3,483.9379577636719,114.96485137939453,24.925933837890625,61.316078186035156,-1,-1,-1,-1
151,3,483.3318176269531,115.4045639038086,25.258544921875,61.39423370361328,-1,-1,-1,-1
152,3,482.89068603515625,115.8604965209961,25.122833251953125,61.44023895263672,-1,-1,-1,-1
153,3,482.5239562988281,115.7316665649414,25.036407470703125,62.10430145263672,-1,-1,-1,-1
154,3,482.2622375488281,115.95696258544922,25.08416748046875,62.593360900878906,-1,-1,-1,-1
155,3,481.4784851074219,116.33503723144531,25.406707763671875,62.71321105957031,-1,-1,-1,-1
156,3,481.18994140625,116.21784210205078,25.4306640625,63.131385803222656,-1,-1,-1,-1
157,3,480.7518005371094,116.51477813720703,25.303802490234375,63.159629821777344,-1,-1,-1,-1
158,3,480.4658203125,116.43265533447266,25.007110595703125,63.706504821777344,-1,-1,-1,-1
159,3,480.1764831542969,116.47061920166016,24.66522216796875,64.21324920654297,-1,-1,-1,-1
160,3,479.7767639160156,116.2118148803711,24.70306396484375,64.90001678466797,-1,-1,-1,-1
161,3,479.1734619140625,117.35919952392578,24.916717529296875,64.16301727294922,-1,-1,-1,-1
162,3,478.3777770996094,117.63471221923828,25.51385498046875,64.41211700439453,-1,-1,-1,-1
163,3,477.8843994140625,119.1251449584961,24.885223388671875,63.06829071044922,-1,-1,-1,-1
164,3,477.5580749511719,120.02088165283203,24.506561279296875,62.205299377441406,-1,-1,-1,-1
165,3,476.68963623046875,120.50384521484375,24.611907958984375,61.90631103515625,-1,-1,-1,-1
166,3,476.2580871582031,121.14379119873047,24.34033203125,61.36884307861328,-1,-1,-1,-1
167,3,475.2088317871094,121.07927703857422,24.70086669921875,61.84278106689453,-1,-1,-1,-1
168,3,474.645263671875,121.03726959228516,24.7978515625,62.05980682373047,-1,-1,-1,-1
169,3,474.1742858886719,121.0558853149414,24.826995849609375,62.21794891357422,-1,-1,-1,-1
170,3,473.58062744140625,120.83808135986328,25.220306396484375,62.93158721923828,-1,-1,-1,-1
171,3,473.086669921875,120.92156219482422,25.435577392578125,63.153297424316406,-1,-1,-1,-1
172,3,472.5142517089844,121.46131896972656,25.80242919921875,63.06431579589844,-1,-1,-1,-1
173,3,472.1092224121094,122.80648803710938,25.91107177734375,62.34735107421875,-1,-1,-1,-1
174,3,472.1464538574219,123.98799896240234,25.35186767578125,61.501197814941406,-1,-1,-1,-1
175,3,471.9080505371094,125.00613403320312,25.0911865234375,60.91862487792969,-1,-1,-1,-1
176,3,471.9585876464844,125.23809051513672,24.48095703125,60.864830017089844,-1,-1,-1,-1
177,3,471.7331848144531,125.4799575805664,24.538726806640625,61.00977325439453,-1,-1,-1,-1
178,3,471.3630676269531,125.75015258789062,24.54913330078125,61.267791748046875,-1,-1,-1,-1
179,3,470.8710021972656,125.6532211303711,23.99267578125,61.62610626220703,-1,-1,-1,-1
180,3,470.7021179199219,125.52422332763672,23.91998291015625,62.046836853027344,-1,-1,-1,-1
181,3,469.3212890625,125.20869445800781,24.5272216796875,62.836883544921875,-1,-1,-1,-1
182,3,468.8417053222656,125.5309066772461,24.58392333984375,62.77953338623047,-1,-1,-1,-1
183,3,467.4990539550781,125.99549102783203,25.135955810546875,62.46501922607422,-1,-1,-1,-1
184,3,466.75921630859375,126.51920318603516,25.514068603515625,62.360374450683594,-1,-1,-1,-1
185,3,466.4554443359375,126.77824401855469,25.014862060546875,62.14338684082031,-1,-1,-1,-1
186,3,466.1790466308594,127.04338073730469,24.7860107421875,62.237396240234375,-1,-1,-1,-1
187,3,466.11688232421875,127.5119857788086,24.45587158203125,62.172645568847656,-1,-1,-1,-1
188,3,465.6717224121094,127.64058685302734,24.3658447265625,62.28766632080078,-1,-1,-1,-1
189,3,464.0067443847656,127.87615203857422,25.060272216796875,62.65814971923828,-1,-1,-1,-1
190,3,463.3316650390625,127.77520751953125,25.368927001953125,63.003814697265625,-1,-1,-1,-1
191,3,461.9628601074219,127.74156188964844,25.95391845703125,63.30998229980469,-1,-1,-1,-1
192,3,461.03662109375,127.7112808227539,26.11480712890625,63.60694122314453,-1,-1,-1,-1
193,3,460.14862060546875,127.7434310913086,26.279541015625,63.986961364746094,-1,-1,-1,-1
194,3,459.9504699707031,128.47057342529297,25.820465087890625,63.62384796142578,-1,-1,-1,-1
195,3,459.21734619140625,129.14889526367188,25.76751708984375,63.45756530761719,-1,-1,-1,-1
196,3,458.8925476074219,129.9700927734375,25.634796142578125,63.03242492675781,-1,-1,-1,-1
197,3,458.41827392578125,130.21612548828125,25.491912841796875,63.58241271972656,-1,-1,-1,-1
198,3,457.9066162109375,130.5682373046875,25.612152099609375,63.63273620605469,-1,-1,-1,-1
199,3,457.594482421875,130.628173828125,25.598236083984375,64.03921508789062,-1,-1,-1,-1
200,3,457.4653015136719,130.81307983398438,25.4879150390625,64.14700317382812,-1,-1,-1,-1
9,4,582.6663818359375,72.67288208007812,21.75360107421875,64.12155151367188,-1,-1,-1,-1
15,4,574.1990356445312,61.47688293457031,24.6494140625,75.52769470214844,-1,-1,-1,-1
16,4,573.7080688476562,63.96236801147461,24.58251953125,72.68245315551758,-1,-1,-1,-1
17,4,574.5948486328125,70.41000366210938,23.55938720703125,67.2017822265625,-1,-1,-1,-1
18,4,574.6369018554688,68.60263061523438,23.44073486328125,69.7603759765625,-1,-1,-1,-1
19,4,573.5808715820312,68.22936248779297,23.610595703125,70.37967681884766,-1,-1,-1,-1
20,4,572.8047485351562,67.08509826660156,23.7508544921875,71.51683044433594,-1,-1,-1,-1
21,4,570.8025512695312,62.793731689453125,26.17901611328125,76.55418395996094,-1,-1,-1,-1
22,4,570.8128662109375,64.86503982543945,26.16192626953125,74.40087509155273,-1,-1,-1,-1
23,4,571.3978881835938,67.56532287597656,25.180908203125,71.83274841308594,-1,-1,-1,-1
24,4,571.86572265625,67.35610961914062,24.61114501953125,72.59182739257812,-1,-1,-1,-1
25,4,571.9135131835938,69.56617736816406,23.8985595703125,70.53262329101562,-1,-1,-1,-1
26,4,571.3222045898438,68.65650177001953,24.14984130859375,71.64488983154297,-1,-1,-1,-1
27,4,570.3397216796875,68.59491729736328,24.64654541015625,72.38349151611328,-1,-1,-1,-1
28,4,570.77001953125,69.34393310546875,24.46734619140625,71.62135314941406,-1,-1,-1,-1
29,4,570.4625854492188,67.69503784179688,25.51214599609375,73.50361633300781,-1,-1,-1,-1
30,4,569.4564208984375,67.33587646484375,25.82763671875,73.29617309570312,-1,-1,-1,-1
31,4,569.4525756835938,66.47565460205078,27.19232177734375,74.22472381591797,-1,-1,-1,-1
32,4,569.2131958007812,67.67538452148438,26.449462890625,73.20256042480469,-1,-1,-1,-1
33,4,569.232421875,73.31031036376953,24.2470703125,68.98937225341797,-1,-1,-1,-1
34,4,568.802490234375,72.8185806274414,24.865478515625,70.3220443725586,-1,-1,-1,-1
35,4,568.1484375,74.45344543457031,24.62298583984375,69.32981872558594,-1,-1,-1,-1
36,4,568.0333251953125,75.69145965576172,24.15692138671875,68.42609405517578,-1,-1,-1,-1
37,4,568.9891967773438,83.30999755859375,21.37091064453125,60.74604797363281,-1,-1,-1,-1
38,4,568.4791259765625,83.41512298583984,21.37957763671875,60.93456268310547,-1,-1,-1,-1
39,4,566.125,81.73201751708984,22.43023681640625,62.708030700683594,-1,-1,-1,-1
40,4,566.1346435546875,81.89775085449219,22.0234375,62.6409912109375,-1,-1,-1,-1
41,4,565.7437744140625,82.14585876464844,21.50244140625,62.475067138671875,-1,-1,-1,-1
42,4,565.1896362304688,81.45899963378906,21.33111572265625,63.28759765625,-1,-1,-1,-1
43,4,564.7236938476562,83.27346801757812,21.51593017578125,61.91304016113281,-1,-1,-1,-1
44,4,564.1593627929688,83.713623046875,21.7451171875,61.50260925292969,-1,-1,-1,-1
45,4,563.8129272460938,86.0933609008789,21.95477294921875,59.75446319580078,-1,-1,-1,-1
46,4,563.1556396484375,87.37518310546875,22.2071533203125,58.854705810546875,-1,-1,-1,-1
47,4,561.864013671875,90.45967864990234,21.83074951171875,55.971778869628906,-1,-1,-1,-1
48,4,561.7311401367188,90.88084411621094,21.56365966796875,55.389923095703125,-1,-1,-1,-1
49,4,561.5130004882812,91.81697082519531,21.63055419921875,55.017791748046875,-1,-1,-1,-1
50,4,561.4607543945312,92.87319946289062,21.53741455078125,54.17503356933594,-1,-1,-1,-1
51,4,561.415283203125,93.42520141601562,21.43243408203125,54.03697204589844,-1,-1,-1,-1
52,4,561.1119384765625,92.47335815429688,21.77203369140625,55.027252197265625,-1,-1,-1,-1
53,4,560.6048583984375,91.19678497314453,22.1712646484375,56.442283630371094,-1,-1,-1,-1
54,4,560.4902954101562,91.78230285644531,21.86370849609375,56.284942626953125,-1,-1,-1,-1
55,4,560.1768798828125,92.23387908935547,21.7593994140625,56.33161163330078,-1,-1,-1,-1
56,4,559.5501708984375,92.89664459228516,21.9072265625,55.95948028564453,-1,-1,-1,-1
57,4,558.3868408203125,93.42269134521484,22.26629638671875,55.663047790527344,-1,-1,-1,-1
58,4,557.8741455078125,93.80404663085938,22.2054443359375,55.34367370605469,-1,-1,-1,-1
59,4,556.7728271484375,94.56033325195312,22.9254150390625,54.908416748046875,-1,-1,-1,-1
60,4,556.0083618164062,95.3581314086914,23.12530517578125,54.26586151123047,-1,-1,-1,-1
61,4,555.067626953125,95.53646850585938,23.3232421875,54.274139404296875,-1,-1,-1,-1
62,4,554.1083984375,95.51942443847656,23.53466796875,54.42887878417969,-1,-1,-1,-1
63,4,553.4199829101562,95.51532745361328,23.50335693359375,54.44408416748047,-1,-1,-1,-1
64,4,552.7813720703125,95.2907943725586,23.47027587890625,54.98802947998047,-1,-1,-1,-1
65,4,552.361572265625,95.13127136230469,23.0074462890625,55.55694580078125,-1,-1,-1,-1
66,4,552.1815185546875,95.08108520507812,22.6483154296875,55.9400634765625,-1,-1,-1,-1
67,4,551.7828369140625,95.49454498291016,22.53851318359375,55.937965393066406,-1,-1,-1,-1
68,4,551.0755615234375,95.82624816894531,22.8951416015625,55.99128723144531,-1,-1,-1,-1
69,4,550.7645874023438,96.41580200195312,22.9786376953125,55.56256103515625,-1,-1,-1,-1
70,4,550.3716430664062,96.9581069946289,23.05419921875,55.167076110839844,-1,-1,-1,-1
71,4,550.4898071289062,97.1187515258789,22.4844970703125,55.24175262451172,-1,-1,-1,-1
72,4,550.48046875,97.3421401977539,22.31219482421875,55.03911590576172,-1,-1,-1,-1
73,4,550.0675048828125,97.37982940673828,22.818359375,55.50249481201172,-1,-1,-1,-1
74,4,549.6344604492188,97.4428939819336,23.380126953125,55.94048309326172,-1,-1,-1,-1
75,4,549.5545043945312,97.60888671875,23.1849365234375,56.14662170410156,-1,-1,-1,-1
76,4,549.2345581054688,97.52320861816406,23.16595458984375,56.80134582519531,-1,-1,-1,-1
77,4,548.828125,98.05567932128906,22.6953125,56.809326171875,-1,-1,-1,-1
78,4,548.5435180664062,98.45992279052734,22.36083984375,56.77312469482422,-1,-1,-1,-1
79,4,547.7838745117188,99.68241119384766,22.23089599609375,55.980552673339844,-1,-1,-1,-1
80,4,547.3114624023438,100.0591812133789,22.32977294921875,55.99877166748047,-1,-1,-1,-1
81,4,546.680908203125,100.59362030029297,22.1275634765625,55.52465057373047,-1,-1,-1,-1
82,4,545.4180908203125,100.81697845458984,22.198974609375,55.42133331298828,-1,-1,-1,-1
83,4,544.141357421875,100.72455596923828,22.4615478515625,56.230857849121094,-1,-1,-1,-1
84,4,543.600830078125,100.70197296142578,22.36749267578125,56.11524200439453,-1,-1,-1,-1
85,4,542.9786376953125,100.05912780761719,22.2320556640625,56.819854736328125,-1,-1,-1,-1
86,4,542.849853515625,99.81946563720703,22.00408935546875,57.11760711669922,-1,-1,-1,-1
87,4,542.3213500976562,99.66448211669922,21.90155029296875,57.81806182861328,-1,-1,-1,-1
88,4,541.6473999023438,99.70919036865234,21.99273681640625,58.099281311035156,-1,-1,-1,-1
89,4,541.6400756835938,101.22175598144531,21.3392333984375,57.01100158691406,-1,-1,-1,-1
90,4,541.1188354492188,101.58914184570312,21.71551513671875,56.99613952636719,-1,-1,-1,-1
91,4,540.920654296875,102.71515655517578,21.8709716796875,56.48180389404297,-1,-1,-1,-1
92,4,540.6400146484375,103.06890106201172,22.099609375,56.71778106689453,-1,-1,-1,-1
93,4,540.3779907226562,103.42850494384766,22.1766357421875,56.693626403808594,-1,-1,-1,-1
94,4,540.1926879882812,103.57571411132812,22.281494140625,56.82917785644531,-1,-1,-1,-1
95,4,540.192626953125,103.69247436523438,22.06048583984375,56.83099365234375,-1,-1,-1,-1
96,4,540.1663208007812,103.58489227294922,21.87945556640625,57.119789123535156,-1,-1,-1,-1
97,4,539.4447631835938,103.71887969970703,22.07244873046875,57.484336853027344,-1,-1,-1,-1
98,4,539.0203857421875,104.14643859863281,22.2315673828125,57.47746276855469,-1,-1,-1,-1
99,4,538.2714233398438,104.7975845336914,22.775390625,57.38855743408203,-1,-1,-1,-1
100,4,537.9166259765625,105.39718627929688,22.89654541015625,56.975677490234375,-1,-1,-1,-1
101,4,537.28857421875,106.17027282714844,23.09942626953125,56.400726318359375,-1,-1,-1,-1
102,4,536.8825073242188,106.8036117553711,23.0740966796875,55.83881378173828,-1,-1,-1,-1
103,4,536.3456420898438,107.19144439697266,22.91552734375,55.923912048339844,-1,-1,-1,-1
104,4,535.8013916015625,107.30662536621094,22.71820068359375,55.88401794433594,-1,-1,-1,-1
105,4,534.7546997070312,107.45695495605469,22.5780029296875,55.96978759765625,-1,-1,-1,-1
106,4,534.0872192382812,107.28955841064453,22.77471923828125,56.516746520996094,-1,-1,-1,-1
107,4,533.1683959960938,107.05622863769531,22.98394775390625,57.426483154296875,-1,-1,-1,-1
108,4,532.7122192382812,107.12760162353516,22.9884033203125,57.62505340576172,-1,-1,-1,-1
109,4,532.5416870117188,107.16506958007812,22.86212158203125,58.259735107421875,-1,-1,-1,-1
110,4,532.6068115234375,107.31940460205078,22.65460205078125,58.474143981933594,-1,-1,-1,-1
111,4,532.4335327148438,107.64573669433594,22.50738525390625,58.50941467285156,-1,-1,-1,-1
112,4,532.3795776367188,108.10047912597656,22.386962890625,58.38557434082031,-1,-1,-1,-1
113,4,532.179443359375,108.89270782470703,22.33758544921875,58.275718688964844,-1,-1,-1,-1
114,4,532.0239868164062,109.37081909179688,22.36126708984375,58.189971923828125,-1,-1,-1,-1
115,4,531.6737060546875,109.85206604003906,22.44964599609375,57.94268798828125,-1,-1,-1,-1
116,4,531.537841796875,110.0086441040039,22.37786865234375,57.862754821777344,-1,-1,-1,-1
117,4,531.311767578125,109.99203491210938,22.309814453125,57.728240966796875,-1,-1,-1,-1
118,4,531.0755004882812,109.89102172851562,22.3739013671875,57.9605712890625,-1,-1,-1,-1
119,4,530.62109375,109.86932373046875,22.48876953125,58.4210205078125,-1,-1,-1,-1
120,4,530.0548706054688,110.22144317626953,22.6339111328125,58.415931701660156,-1,-1,-1,-1
121,4,529.4971313476562,110.77396392822266,22.65869140625,58.379417419433594,-1,-1,-1,-1
122,4,529.0493774414062,111.0594253540039,22.70819091796875,58.464988708496094,-1,-1,-1,-1
123,4,528.6250610351562,111.58875274658203,22.62664794921875,58.591087341308594,-1,-1,-1,-1
124,4,528.2447509765625,111.83832550048828,22.47503662109375,58.754112243652344,-1,-1,-1,-1
125,4,527.498046875,111.8768310546875,22.51641845703125,58.94667053222656,-1,-1,-1,-1
126,4,526.9403686523438,111.97515869140625,22.536376953125,58.893218994140625,-1,-1,-1,-1
127,4,526.1802978515625,112.07816314697266,22.8001708984375,58.90856170654297,-1,-1,-1,-1
128,4,525.7102661132812,112.00067901611328,22.96575927734375,59.237876892089844,-1,-1,-1,-1
129,4,525.1880493164062,111.56295013427734,23.18768310546875,60.12042999267578,-1,-1,-1,-1
130,4,524.747802734375,111.56108093261719,23.44171142578125,60.35694885253906,-1,-1,-1,-1
131,4,524.0471801757812,111.8076171875,23.70465087890625,60.77250671386719,-1,-1,-1,-1
132,4,523.6862182617188,112.48812866210938,23.73590087890625,60.548370361328125,-1,-1,-1,-1
133,4,523.3456420898438,113.44434356689453,23.661376953125,59.660011291503906,-1,-1,-1,-1
134,4,523.3052368164062,114.05926513671875,23.5059814453125,59.386993408203125,-1,-1,-1,-1
135,4,522.9557495117188,114.3675308227539,23.2669677734375,59.555076599121094,-1,-1,-1,-1
136,4,522.7691650390625,114.62267303466797,23.1666259765625,59.48918914794922,-1,-1,-1,-1
137,4,522.5299072265625,114.99017333984375,23.17987060546875,59.4071044921875,-1,-1,-1,-1
138,4,522.3081665039062,115.0575942993164,23.23541259765625,59.599632263183594,-1,-1,-1,-1
139,4,521.9632568359375,115.03987884521484,23.43218994140625,60.024147033691406,-1,-1,-1,-1
140,4,521.4694213867188,115.08309173583984,23.53790283203125,60.35338592529297,-1,-1,-1,-1
141,4,520.8297119140625,115.13846588134766,23.64794921875,60.71393585205078,-1,-1,-1,-1
142,4,520.4352416992188,115.30465698242188,23.452392578125,60.870574951171875,-1,-1,-1,-1
143,4,519.8002319335938,115.6692123413086,23.2545166015625,60.85088348388672,-1,-1,-1,-1
144,4,519.1739501953125,115.96842956542969,23.39202880859375,60.93940734863281,-1,-1,-1,-1
145,4,518.3738403320312,116.74980926513672,23.37420654296875,60.547340393066406,-1,-1,-1,-1
146,4,517.8623657226562,117.09574890136719,23.32391357421875,60.35404968261719,-1,-1,-1,-1
147,4,516.1512451171875,117.50882720947266,23.6732177734375,60.249839782714844,-1,-1,-1,-1
148,4,515.5775756835938,117.79737091064453,23.6024169921875,59.98900604248047,-1,-1,-1,-1
149,4,514.2901611328125,117.90164184570312,24.10919189453125,60.030364990234375,-1,-1,-1,-1
150,4,513.8272094726562,117.81663513183594,23.83660888671875,60.29612731933594,-1,-1,-1,-1
151,4,513.3443603515625,117.82098388671875,23.66412353515625,60.49372863769531,-1,-1,-1,-1
152,4,512.9196472167969,117.83092498779297,23.740264892578125,60.802040100097656,-1,-1,-1,-1
153,4,512.1982727050781,118.41412353515625,23.778594970703125,60.97674560546875,-1,-1,-1,-1
154,4,511.650634765625,119.02816009521484,23.79327392578125,60.68895721435547,-1,-1,-1,-1
155,4,511.0494689941406,119.5834732055664,23.790557861328125,60.295494079589844,-1,-1,-1,-1
156,4,510.5588073730469,119.7695541381836,23.926910400390625,60.42259979248047,-1,-1,-1,-1
157,4,510.1600341796875,120.1574478149414,23.52587890625,60.69135284423828,-1,-1,-1,-1
158,4,509.8531494140625,120.43204498291016,23.223388671875,60.76958465576172,-1,-1,-1,-1
159,4,509.4330139160156,120.94112396240234,22.993133544921875,60.72020721435547,-1,-1,-1,-1
160,4,509.0712585449219,121.1740493774414,23.007171630859375,60.85657501220703,-1,-1,-1,-1
161,4,508.633056640625,121.31062316894531,22.96600341796875,60.98796081542969,-1,-1,-1,-1
162,4,507.8305969238281,121.26411437988281,23.130279541015625,61.45899963378906,-1,-1,-1,-1
163,4,506.2691955566406,121.61497497558594,23.858734130859375,61.83198547363281,-1,-1,-1,-1
164,4,505.5604553222656,121.8827133178711,24.065948486328125,61.831932067871094,-1,-1,-1,-1
165,4,504.73516845703125,122.59038543701172,24.20928955078125,61.35388946533203,-1,-1,-1,-1
166,4,504.2707824707031,123.07684326171875,24.066009521484375,61.14007568359375,-1,-1,-1,-1
167,4,503.782958984375,123.71317291259766,23.766357421875,60.68500518798828,-1,-1,-1,-1
168,4,503.4127502441406,124.2935562133789,23.658233642578125,60.31035614013672,-1,-1,-1,-1
169,4,502.483154296875,124.6555404663086,23.5394287109375,60.290306091308594,-1,-1,-1,-1
170,4,501.7220153808594,124.72577667236328,23.728546142578125,60.407554626464844,-1,-1,-1,-1
171,4,500.4003601074219,124.74146270751953,24.234649658203125,60.61493682861328,-1,-1,-1,-1
172,4,499.7703552246094,124.41658782958984,24.458587646484375,61.21086883544922,-1,-1,-1,-1
173,4,499.2742614746094,124.26525115966797,24.348663330078125,61.934791564941406,-1,-1,-1,-1
174,4,498.9248962402344,124.58006286621094,24.448944091796875,61.85697937011719,-1,-1,-1,-1
175,4,498.5590515136719,125.20589447021484,24.291961669921875,61.92119598388672,-1,-1,-1,-1
176,4,498.1275634765625,125.76777648925781,24.194580078125,61.28289794921875,-1,-1,-1,-1
177,4,497.73370361328125,126.82108306884766,24.165771484375,60.754554748535156,-1,-1,-1,-1
178,4,497.49078369140625,127.4450454711914,24.0302734375,60.37645721435547,-1,-1,-1,-1
179,4,497.1647033691406,127.87963104248047,23.815277099609375,60.49706268310547,-1,-1,-1,-1
180,4,496.7557678222656,128.52933502197266,23.751800537109375,60.42816925048828,-1,-1,-1,-1
181,4,496.1767883300781,129.0166778564453,23.722808837890625,60.22831726074219,-1,-1,-1,-1
182,4,495.74554443359375,129.38543701171875,23.7322998046875,59.99522399902344,-1,-1,-1,-1
183,4,494.98992919921875,129.1140594482422,23.76812744140625,60.717681884765625,-1,-1,-1,-1
184,4,494.6454772949219,128.9765167236328,23.585113525390625,61.15809631347656,-1,-1,-1,-1
185,4,493.9331970214844,128.85743713378906,23.836212158203125,61.597900390625,-1,-1,-1,-1
186,4,493.46539306640625,128.83837127685547,23.86370849609375,62.13574981689453,-1,-1,-1,-1
187,4,492.9179382324219,130.07144165039062,23.765167236328125,61.30938720703125,-1,-1,-1,-1
188,4,492.440185546875,130.68150329589844,23.98065185546875,61.02613830566406,-1,-1,-1,-1
189,4,491.6320495605469,131.38143920898438,24.076995849609375,60.632171630859375,-1,-1,-1,-1
190,4,491.2320861816406,131.68795776367188,23.921173095703125,60.45256042480469,-1,-1,-1,-1
191,4,490.5198669433594,131.928955078125,23.934906005859375,60.29051208496094,-1,-1,-1,-1
192,4,490.0950927734375,131.8484344482422,23.878204345703125,60.4019775390625,-1,-1,-1,-1
193,4,489.4310607910156,131.23451232910156,24.048736572265625,61.05329895019531,-1,-1,-1,-1
194,4,488.9899597167969,130.9847412109375,24.186431884765625,61.69805908203125,-1,-1,-1,-1
195,4,488.7594299316406,131.01731872558594,24.239105224609375,62.24333190917969,-1,-1,-1,-1
196,4,488.4217834472656,131.16563415527344,24.430328369140625,62.60792541503906,-1,-1,-1,-1
197,4,488.172119140625,131.5726318359375,24.4158935546875,62.88603210449219,-1,-1,-1,-1
198,4,487.92877197265625,131.914306640625,24.420928955078125,62.91368103027344,-1,-1,-1,-1
199,4,487.69366455078125,132.61131286621094,24.540313720703125,62.554779052734375,-1,-1,-1,-1
200,4,487.6242980957031,133.3699951171875,24.537841796875,62.07716369628906,-1,-1,-1,-1
