1,1,518.7013549804688,153.69749450683594,24.251708984375,65.08424377441406,-1,-1,-1,-1
2,1,518.604248046875,153.9638214111328,24.28045654296875,65.04129028320312,-1,-1,-1,-1
3,1,518.2119140625,154.28176879882812,23.951171875,64.90495300292969,-1,-1,-1,-1
4,1,517.7695922851562,154.2589111328125,23.80523681640625,64.8900146484375,-1,-1,-1,-1
5,1,517.1646728515625,154.40914916992188,23.805419921875,64.78802490234375,-1,-1,-1,-1
6,1,516.469482421875,154.3776397705078,23.9884033203125,64.81130981445312,-1,-1,-1,-1
7,1,515.6361083984375,154.6917724609375,24.00244140625,64.73500061035156,-1,-1,-1,-1
8,1,514.77685546875,155.02601623535156,24.17657470703125,64.61949157714844,-1,-1,-1,-1
9,1,514.14306640625,155.90428161621094,23.92181396484375,64.38812255859375,-1,-1,-1,-1
10,1,513.806884765625,156.47598266601562,23.404296875,64.54623413085938,-1,-1,-1,-1
11,1,513.3615112304688,157.22430419921875,23.26922607421875,64.0096435546875,-1,-1,-1,-1
12,1,513.00927734375,157.83599853515625,23.10345458984375,63.34114074707031,-1,-1,-1,-1
13,1,512.0346069335938,157.9060821533203,23.5133056640625,64.137451171875,-1,-1,-1,-1
14,1,511.4106140136719,157.8767852783203,23.786224365234375,64.32073974609375,-1,-1,-1,-1
15,1,510.69158935546875,157.79884338378906,24.0008544921875,65.13180541992188,-1,-1,-1,-1
16,1,510.0405578613281,157.94662475585938,23.732818603515625,65.48252868652344,-1,-1,-1,-1
17,1,506.8321838378906,158.48965454101562,24.792938232421875,65.8798828125,-1,-1,-1,-1
18,1,506.27996826171875,158.6572265625,24.77520751953125,65.98049926757812,-1,-1,-1,-1
19,1,505.3291015625,159.52197265625,25.0018310546875,65.3692626953125,-1,-1,-1,-1
20,1,504.9190979003906,160.05491638183594,24.811676025390625,64.89271545410156,-1,-1,-1,-1
21,1,504.4643249511719,160.49020385742188,24.485198974609375,64.69418334960938,-1,-1,-1,-1
22,1,504.0393371582031,160.79495239257812,24.136627197265625,64.74839782714844,-1,-1,-1,-1
23,1,503.0303955078125,161.0478515625,24.06732177734375,64.74971008300781,-1,-1,-1,-1
24,1,502.4198913574219,161.35528564453125,23.629974365234375,64.47149658203125,-1,-1,-1,-1
25,1,500.9513244628906,161.24098205566406,23.560028076171875,64.91644287109375,-1,-1,-1,-1
26,1,500.3811340332031,161.40292358398438,23.287628173828125,65.06344604492188,-1,-1,-1,-1
27,1,499.2862548828125,161.63938903808594,23.20440673828125,65.71580505371094,-1,-1,-1,-1
28,1,498.7496337890625,162.05690002441406,23.0772705078125,65.74310302734375,-1,-1,-1,-1
29,1,497.9318542480469,163.31893920898438,23.283050537109375,64.33131408691406,-1,-1,-1,-1
30,1,497.2834167480469,163.87625122070312,23.446502685546875,63.770538330078125,-1,-1,-1,-1
31,1,496.5326843261719,164.30963134765625,23.496246337890625,63.36564636230469,-1,-1,-1,-1
32,1,496.0600280761719,164.66915893554688,23.541351318359375,63.476470947265625,-1,-1,-1,-1
33,1,494.48162841796875,164.4940185546875,24.57647705078125,64.93833923339844,-1,-1,-1,-1
34,1,494.033935546875,164.44163513183594,24.360107421875,65.20198059082031,-1,-1,-1,-1
35,1,493.2106628417969,164.4044189453125,24.475494384765625,65.94953918457031,-1,-1,-1,-1
36,1,492.65545654296875,164.403564453125,24.2762451171875,66.3258056640625,-1,-1,-1,-1
37,1,490.5977783203125,164.75062561035156,24.7110595703125,66.59892272949219,-1,-1,-1,-1
38,1,489.6836853027344,164.99899291992188,24.989288330078125,66.55586242675781,-1,-1,-1,-1
39,1,488.1451721191406,165.96656799316406,24.64923095703125,65.97080993652344,-1,-1,-1,-1
40,1,487.6476135253906,166.71131896972656,24.39013671875,65.34483337402344,-1,-1,-1,-1
41,1,487.1768493652344,167.49310302734375,24.011383056640625,64.79164123535156,-1,-1,-1,-1
42,1,486.78070068359375,167.6881866455078,23.860565185546875,65.02714538574219,-1,-1,-1,-1
43,1,485.32379150390625,167.90281677246094,23.905609130859375,65.5096435546875,-1,-1,-1,-1
44,1,485.0732421875,168.02389526367188,23.19384765625,65.74591064453125,-1,-1,-1,-1
45,1,483.7966003417969,167.7996826171875,22.82147216796875,66.23216247558594,-1,-1,-1,-1
46,1,483.0318603515625,167.90283203125,23.02496337890625,66.51429748535156,-1,-1,-1,-1
47,1,481.6826477050781,168.4331512451172,22.884765625,66.53363037109375,-1,-1,-1,-1
48,1,481.2480163574219,168.68743896484375,22.661376953125,67.10643005371094,-1,-1,-1,-1
49,1,480.5127868652344,169.55938720703125,22.609588623046875,66.76530456542969,-1,-1,-1,-1
50,1,480.0001220703125,170.24755859375,22.626068115234375,66.1683349609375,-1,-1,-1,-1
51,1,479.2486877441406,171.11585998535156,22.79351806640625,64.65179443359375,-1,-1,-1,-1
52,1,478.66583251953125,171.4804229736328,22.891937255859375,64.18482971191406,-1,-1,-1,-1
53,1,477.6476135253906,171.90390014648438,23.45941162109375,64.5863037109375,-1,-1,-1,-1
54,1,476.7665100097656,172.2216796875,23.941650390625,64.94430541992188,-1,-1,-1,-1
55,1,475.3591613769531,171.99595642089844,24.7158203125,65.80322265625,-1,-1,-1,-1
56,1,474.4654235839844,172.07791137695312,25.039031982421875,66.24803161621094,-1,-1,-1,-1
57,1,472.36663818359375,172.8297882080078,25.75372314453125,66.3466796875,-1,-1,-1,-1
58,1,470.8960266113281,173.16943359375,26.664794921875,66.60478210449219,-1,-1,-1,-1
59,1,469.01458740234375,174.03228759765625,26.951324462890625,66.11418151855469,-1,-1,-1,-1
60,1,468.75567626953125,174.32928466796875,26.267181396484375,65.71736145019531,-1,-1,-1,-1
61,1,468.60198974609375,175.3516845703125,24.86859130859375,65.20852661132812,-1,-1,-1,-1
62,1,468.0967712402344,175.82240295410156,24.64520263671875,64.89462280273438,-1,-1,-1,-1
63,1,466.58856201171875,175.96270751953125,24.878570556640625,65.18678283691406,-1,-1,-1,-1
64,1,466.07904052734375,176.13833618164062,24.735015869140625,65.10655212402344,-1,-1,-1,-1
65,1,464.4659118652344,176.07569885253906,24.1507568359375,65.26284790039062,-1,-1,-1,-1
66,1,464.1114807128906,176.20140075683594,23.99951171875,65.45986938476562,-1,-1,-1,-1
67,1,463.3114929199219,176.86351013183594,23.803070068359375,64.92562866210938,-1,-1,-1,-1
68,1,462.76953125,177.8198699951172,23.77618408203125,64.82041931152344,-1,-1,-1,-1
69,1,461.9280700683594,178.8401641845703,23.412200927734375,64.98884582519531,-1,-1,-1,-1
70,1,461.5587463378906,179.37062072753906,23.0806884765625,65.149169921875,-1,-1,-1,-1
71,1,460.6810302734375,180.29974365234375,23.168365478515625,64.24031066894531,-1,-1,-1,-1
72,1,460.0396423339844,180.70895385742188,23.26165771484375,63.85298156738281,-1,-1,-1,-1
73,1,459.22698974609375,180.96160888671875,23.6263427734375,64.87725830078125,-1,-1,-1,-1
74,1,458.61395263671875,181.0531768798828,23.98126220703125,64.99507141113281,-1,-1,-1,-1
75,1,457.4924621582031,181.027587890625,24.579071044921875,65.81358337402344,-1,-1,-1,-1
76,1,456.2027282714844,181.2094268798828,25.243896484375,65.74737548828125,-1,-1,-1,-1
77,1,454.8387451171875,181.9709014892578,25.38958740234375,65.81828308105469,-1,-1,-1,-1
78,1,453.72833251953125,182.53237915039062,25.787139892578125,65.94960021972656,-1,-1,-1,-1
79,1,450.7068176269531,183.14495849609375,26.63909912109375,66.09257507324219,-1,-1,-1,-1
80,1,450.44512939453125,183.29965209960938,26.042449951171875,66.12112426757812,-1,-1,-1,-1
81,1,450.1594543457031,183.905517578125,25.195770263671875,66.13037109375,-1,-1,-1,-1
82,1,449.6078796386719,184.05828857421875,24.9609375,66.356201171875,-1,-1,-1,-1
83,1,448.89532470703125,184.2761688232422,24.660614013671875,66.33287048339844,-1,-1,-1,-1
84,1,448.4453430175781,184.3450469970703,24.523468017578125,66.47796630859375,-1,-1,-1,-1
85,1,446.9912414550781,183.93458557128906,24.75048828125,67.11349487304688,-1,-1,-1,-1
86,1,446.6199645996094,183.88162231445312,24.46173095703125,67.77308654785156,-1,-1,-1,-1
87,1,445.8064880371094,184.2904510498047,24.498504638671875,67.84649658203125,-1,-1,-1,-1
88,1,445.0899353027344,184.90603637695312,24.61663818359375,67.80331420898438,-1,-1,-1,-1
89,1,444.79681396484375,186.34754943847656,24.271240234375,67.059326171875,-1,-1,-1,-1
90,1,444.5834045410156,187.06625366210938,24.12762451171875,67.33369445800781,-1,-1,-1,-1
91,1,444.2841491699219,187.55947875976562,23.841827392578125,67.55859375,-1,-1,-1,-1
92,1,443.9271240234375,187.81985473632812,23.81524658203125,67.82943725585938,-1,-1,-1,-1
93,1,443.05352783203125,187.9760284423828,24.124755859375,68.1400146484375,-1,-1,-1,-1
94,1,442.4233093261719,188.09503173828125,24.125732421875,68.32803344726562,-1,-1,-1,-1
95,1,441.2995300292969,188.09713745117188,24.66351318359375,68.87455749511719,-1,-1,-1,-1
96,1,440.9226989746094,188.07485961914062,24.468048095703125,69.17982482910156,-1,-1,-1,-1
97,1,440.0154724121094,188.56503295898438,24.588531494140625,68.9764404296875,-1,-1,-1,-1
98,1,439.2195739746094,188.99903869628906,24.905059814453125,69.07646179199219,-1,-1,-1,-1
99,1,437.59515380859375,190.3812713623047,25.628936767578125,68.27876281738281,-1,-1,-1,-1
100,1,436.9887390136719,191.31167602539062,25.477783203125,67.52987670898438,-1,-1,-1,-1
101,1,436.5373229980469,192.24948120117188,25.31610107421875,67.2603759765625,-1,-1,-1,-1
102,1,435.9488830566406,192.5387420654297,25.389434814453125,67.45133972167969,-1,-1,-1,-1
103,1,434.29278564453125,192.5079803466797,25.358154296875,68.49696350097656,-1,-1,-1,-1
104,1,433.6181335449219,192.6378936767578,25.398590087890625,68.80522155761719,-1,-1,-1,-1
105,1,432.717529296875,192.48170471191406,25.323516845703125,69.35115051269531,-1,-1,-1,-1
106,1,432.0374755859375,192.4346160888672,25.373016357421875,69.92503356933594,-1,-1,-1,-1
107,1,431.55743408203125,192.66944885253906,24.887359619140625,69.98280334472656,-1,-1,-1,-1
108,1,431.20068359375,192.98822021484375,24.616943359375,70.59658813476562,-1,-1,-1,-1
109,1,430.6700439453125,194.51332092285156,24.33935546875,69.95030212402344,-1,-1,-1,-1
110,1,430.3531494140625,195.75192260742188,24.067413330078125,69.12112426757812,-1,-1,-1,-1
111,1,430.0611267089844,197.0891876220703,23.59222412109375,68.13084411621094,-1,-1,-1,-1
112,1,429.7554016113281,197.36480712890625,23.591827392578125,68.18997192382812,-1,-1,-1,-1
113,1,429.0117492675781,197.65101623535156,23.8958740234375,68.37159729003906,-1,-1,-1,-1
114,1,428.1937561035156,197.58897399902344,24.4093017578125,68.90934753417969,-1,-1,-1,-1
115,1,427.1700439453125,197.37362670898438,25.032440185546875,69.54299926757812,-1,-1,-1,-1
116,1,426.3874816894531,197.37130737304688,25.228515625,69.922607421875,-1,-1,-1,-1
117,1,424.9959411621094,197.7072296142578,25.483154296875,70.24806213378906,-1,-1,-1,-1
118,1,423.91790771484375,198.25831604003906,25.809844970703125,70.54295349121094,-1,-1,-1,-1
119,1,421.1438293457031,200.1155242919922,26.4871826171875,69.29060363769531,-1,-1,-1,-1
120,1,420.8029479980469,200.82717895507812,26.543670654296875,68.967041015625,-1,-1,-1,-1
121,1,420.8997802734375,201.8438262939453,25.409942626953125,68.19703674316406,-1,-1,-1,-1
122,1,420.4537048339844,202.05723571777344,25.16705322265625,68.29228210449219,-1,-1,-1,-1
123,1,419.2128601074219,202.01548767089844,25.3653564453125,68.73341369628906,-1,-1,-1,-1
124,1,418.631103515625,202.29153442382812,25.2376708984375,68.65496826171875,-1,-1,-1,-1
125,1,417.6495666503906,202.15809631347656,25.026580810546875,68.91261291503906,-1,-1,-1,-1
126,1,416.9637145996094,202.16551208496094,24.686676025390625,69.30073547363281,-1,-1,-1,-1
127,1,415.63604736328125,202.4045867919922,25.037811279296875,69.37843322753906,-1,-1,-1,-1
128,1,414.9852294921875,202.56466674804688,24.91107177734375,69.936767578125,-1,-1,-1,-1
129,1,413.7784423828125,203.88766479492188,24.46051025390625,69.2767333984375,-1,-1,-1,-1
130,1,413.66339111328125,204.8556365966797,23.786956787109375,68.75740051269531,-1,-1,-1,-1
131,1,412.83087158203125,205.84820556640625,23.312286376953125,68.53610229492188,-1,-1,-1,-1
132,1,412.46649169921875,206.1090087890625,23.22900390625,68.79522705078125,-1,-1,-1,-1
133,1,411.6983337402344,206.1353302001953,23.34759521484375,69.85188293457031,-1,-1,-1,-1
134,1,410.8360900878906,206.08119201660156,23.8533935546875,70.65309143066406,-1,-1,-1,-1
135,1,409.9571228027344,206.0532989501953,24.240234375,71.21165466308594,-1,-1,-1,-1
136,1,409.0608215332031,205.84349060058594,24.623443603515625,71.94816589355469,-1,-1,-1,-1
137,1,407.9048767089844,205.95750427246094,25.04986572265625,72.43928527832031,-1,-1,-1,-1
138,1,406.9727478027344,206.2901153564453,25.352813720703125,72.55369567871094,-1,-1,-1,-1
139,1,403.4111022949219,207.61476135253906,27.050628662109375,72.14494323730469,-1,-1,-1,-1
140,1,402.8835754394531,208.52850341796875,26.8482666015625,71.46295166015625,-1,-1,-1,-1
141,1,402.3125305175781,209.66348266601562,25.892608642578125,70.76449584960938,-1,-1,-1,-1
142,1,401.75262451171875,209.84823608398438,25.740692138671875,70.83425903320312,-1,-1,-1,-1
143,1,400.51922607421875,209.7837677001953,26.151214599609375,71.71247863769531,-1,-1,-1,-1
144,1,399.8775329589844,209.5971221923828,26.01153564453125,72.40968322753906,-1,-1,-1,-1
145,1,398.1563720703125,208.71487426757812,25.854156494140625,73.50314331054688,-1,-1,-1,-1
146,1,397.6764831542969,208.66505432128906,25.7869873046875,74.07179260253906,-1,-1,-1,-1
147,1,396.81591796875,209.0974884033203,25.436004638671875,73.88386535644531,-1,-1,-1,-1
148,1,396.228515625,209.57997131347656,25.3486328125,74.24516296386719,-1,-1,-1,-1
149,1,395.1410217285156,210.4420623779297,25.191680908203125,74.61070251464844,-1,-1,-1,-1
150,1,394.91583251953125,211.01634216308594,24.928741455078125,75.08308410644531,-1,-1,-1,-1
151,1,393.1897277832031,211.8011932373047,24.362518310546875,75.26011657714844,-1,-1,-1,-1
152,1,392.9707336425781,212.1915740966797,24.04302978515625,74.87919616699219,-1,-1,-1,-1
153,1,392.2127380371094,212.30796813964844,24.248443603515625,75.24528503417969,-1,-1,-1,-1
154,1,391.28863525390625,212.2783660888672,24.436187744140625,75.43675231933594,-1,-1,-1,-1
155,1,389.94866943359375,212.06381225585938,25.059600830078125,75.9891357421875,-1,-1,-1,-1
156,1,389.4382629394531,212.21018981933594,25.286163330078125,76.21397399902344,-1,-1,-1,-1
157,1,387.2480163574219,212.50135803222656,26.44805908203125,77.14732360839844,-1,-1,-1,-1
158,1,386.6498107910156,213.52963256835938,26.26055908203125,76.19625854492188,-1,-1,-1,-1
159,1,385.21453857421875,215.0320281982422,26.513916015625,74.85023498535156,-1,-1,-1,-1
160,1,384.591552734375,215.8565673828125,26.268707275390625,74.20449829101562,-1,-1,-1,-1
161,1,384.0771179199219,216.84451293945312,25.99896240234375,73.94552612304688,-1,-1,-1,-1
162,1,383.47052001953125,217.57212829589844,25.838409423828125,74.18095397949219,-1,-1,-1,-1
163,1,382.3961486816406,218.10426330566406,25.83966064453125,74.07374572753906,-1,-1,-1,-1
164,1,381.65380859375,218.3685760498047,25.919403076171875,74.29924011230469,-1,-1,-1,-1
165,1,380.2152404785156,218.41921997070312,25.72393798828125,74.47213745117188,-1,-1,-1,-1
166,1,379.48345947265625,218.50946044921875,25.584747314453125,74.54180908203125,-1,-1,-1,-1
167,1,378.82354736328125,218.75701904296875,25.608551025390625,74.57537841796875,-1,-1,-1,-1
168,1,378.03863525390625,219.26193237304688,25.556427001953125,74.5096435546875,-1,-1,-1,-1
169,1,376.7356872558594,220.70167541503906,25.230224609375,73.90904235839844,-1,-1,-1,-1
170,1,375.8997497558594,221.1471710205078,25.212982177734375,74.22416687011719,-1,-1,-1,-1
171,1,374.5738525390625,222.19879150390625,24.798797607421875,74.182861328125,-1,-1,-1,-1
172,1,374.3871154785156,222.7632293701172,24.413909912109375,74.01707458496094,-1,-1,-1,-1
173,1,373.755859375,223.30979919433594,24.45245361328125,74.18293762207031,-1,-1,-1,-1
174,1,372.79132080078125,223.44459533691406,24.894805908203125,74.72004699707031,-1,-1,-1,-1
175,1,371.3301696777344,223.01663208007812,25.420989990234375,75.1673583984375,-1,-1,-1,-1
176,1,370.2796630859375,222.88475036621094,25.565216064453125,75.56800842285156,-1,-1,-1,-1
177,1,369.2560119628906,223.38096618652344,25.602569580078125,75.59620666503906,-1,-1,-1,-1
178,1,368.1018981933594,223.8960723876953,26.007232666015625,75.46611022949219,-1,-1,-1,-1
179,1,363.9437255859375,225.33346557617188,28.200897216796875,74.9764404296875,-1,-1,-1,-1
180,1,363.3182373046875,225.80056762695312,28.093017578125,74.61416625976562,-1,-1,-1,-1
181,1,362.9732971191406,225.92059326171875,27.630950927734375,75.22506713867188,-1,-1,-1,-1
182,1,362.5044860839844,226.2178497314453,27.398101806640625,75.42985534667969,-1,-1,-1,-1
183,1,360.6591491699219,226.6158447265625,27.80548095703125,75.8348388671875,-1,-1,-1,-1
184,1,360.0888366699219,226.78201293945312,27.07861328125,75.98818969726562,-1,-1,-1,-1
185,1,358.28680419921875,226.80543518066406,25.5040283203125,75.87925720214844,-1,-1,-1,-1
186,1,357.6561279296875,226.8166046142578,25.4522705078125,76.24403381347656,-1,-1,-1,-1
187,1,355.1265869140625,227.05458068847656,26.19610595703125,76.75294494628906,-1,-1,-1,-1
188,1,354.9225158691406,227.5775604248047,25.83636474609375,76.77061462402344,-1,-1,-1,-1
189,1,354.3485107421875,228.51353454589844,25.23095703125,77.06956481933594,-1,-1,-1,-1
190,1,353.86126708984375,229.67640686035156,24.77691650390625,76.03547668457031,-1,-1,-1,-1
191,1,352.53497314453125,230.41061401367188,24.5689697265625,76.30770874023438,-1,-1,-1,-1
192,1,351.8070068359375,230.92176818847656,24.637237548828125,75.98149108886719,-1,-1,-1,-1
193,1,349.99664306640625,231.61473083496094,25.0244140625,76.25733947753906,-1,-1,-1,-1
194,1,349.348876953125,232.19496154785156,24.83892822265625,76.21061706542969,-1,-1,-1,-1
195,1,347.3470764160156,232.63099670410156,25.50933837890625,76.91734313964844,-1,-1,-1,-1
196,1,346.3895263671875,233.0769500732422,25.766693115234375,76.56172180175781,-1,-1,-1,-1
197,1,344.144287109375,233.84608459472656,26.623992919921875,76.47987365722656,-1,-1,-1,-1
198,1,343.20745849609375,234.19041442871094,26.79437255859375,76.58811950683594,-1,-1,-1,-1
199,1,341.141357421875,235.1982879638672,27.233001708984375,75.98646545410156,-1,-1,-1,-1
200,1,340.73681640625,236.08384704589844,26.636474609375,74.96263122558594,-1,-1,-1,-1
1,2,554.5903930664062,120.61072540283203,23.596923828125,60.38434600830078,-1,-1,-1,-1
2,2,554.6715087890625,120.42163848876953,23.6917724609375,60.081382751464844,-1,-1,-1,-1
3,2,554.9701538085938,120.54643249511719,23.630126953125,60.123809814453125,-1,-1,-1,-1
4,2,555.3136596679688,120.67601776123047,23.81585693359375,59.94536590576172,-1,-1,-1,-1
5,2,555.8937377929688,120.818603515625,23.65301513671875,60.07881164550781,-1,-1,-1,-1
6,2,556.3406982421875,120.81255340576172,23.75799560546875,60.227760314941406,-1,-1,-1,-1
7,2,557.1923217773438,120.83029174804688,24.3255615234375,60.860015869140625,-1,-1,-1,-1
8,2,557.9837036132812,120.6943359375,24.13800048828125,61.29966735839844,-1,-1,-1,-1
9,2,558.88330078125,120.19046783447266,24.0506591796875,60.33000946044922,-1,-1,-1,-1
10,2,559.3881225585938,119.5994644165039,23.9149169921875,59.746849060058594,-1,-1,-1,-1
11,2,560.2047119140625,118.51647186279297,24.23974609375,60.406227111816406,-1,-1,-1,-1
12,2,560.8106079101562,117.83382415771484,24.02069091796875,59.868080139160156,-1,-1,-1,-1
13,2,561.3756103515625,117.52193450927734,23.6964111328125,59.130287170410156,-1,-1,-1,-1
14,2,561.76708984375,117.6336441040039,23.81402587890625,58.46337127685547,-1,-1,-1,-1
15,2,562.4896850585938,117.93309020996094,23.4698486328125,57.643096923828125,-1,-1,-1,-1
16,2,562.8338012695312,117.8055648803711,23.48248291015625,58.183815002441406,-1,-1,-1,-1
17,2,563.225341796875,117.32256317138672,23.3792724609375,57.989402770996094,-1,-1,-1,-1
18,2,563.508056640625,116.88785552978516,23.36712646484375,57.818397521972656,-1,-1,-1,-1
19,2,563.804443359375,115.84847259521484,23.51055908203125,58.178810119628906,-1,-1,-1,-1
20,2,564.0247192382812,115.0294189453125,23.60894775390625,59.112762451171875,-1,-1,-1,-1
21,2,564.5850219726562,113.8850326538086,23.44586181640625,59.921669006347656,-1,-1,-1,-1
22,2,565.0263061523438,113.38568878173828,23.4683837890625,60.46440887451172,-1,-1,-1,-1
23,2,565.6490478515625,113.22176361083984,23.49822998046875,60.400062561035156,-1,-1,-1,-1
24,2,565.9239501953125,113.07628631591797,23.767822265625,60.44335174560547,-1,-1,-1,-1
25,2,566.6669311523438,113.3900146484375,24.1260986328125,61.16764831542969,-1,-1,-1,-1
26,2,567.259033203125,113.58457946777344,23.6055908203125,61.3380126953125,-1,-1,-1,-1
27,2,568.75341796875,113.6778564453125,22.70654296875,61.39421081542969,-1,-1,-1,-1
28,2,569.19091796875,113.19048309326172,22.64117431640625,63.24561309814453,-1,-1,-1,-1
29,2,569.7485961914062,112.07584381103516,22.9461669921875,66.3095932006836,-1,-1,-1,-1
30,2,570.4981079101562,110.93018341064453,22.95794677734375,66.99515533447266,-1,-1,-1,-1
31,2,570.8207397460938,108.6302261352539,23.50347900390625,67.67194366455078,-1,-1,-1,-1
32,2,571.0935668945312,108.52654266357422,23.55474853515625,65.0624771118164,-1,-1,-1,-1
33,2,571.4121704101562,108.24026489257812,23.37957763671875,62.55229187011719,-1,-1,-1,-1
34,2,571.59765625,107.472412109375,23.80731201171875,63.20356750488281,-1,-1,-1,-1
35,2,572.1668701171875,107.66510009765625,23.24481201171875,62.408447265625,-1,-1,-1,-1
36,2,572.6254272460938,107.66744232177734,23.1722412109375,61.761878967285156,-1,-1,-1,-1
37,2,573.0057983398438,107.85652160644531,22.9393310546875,61.26493835449219,-1,-1,-1,-1
38,2,573.3651733398438,107.88776397705078,22.94818115234375,60.456275939941406,-1,-1,-1,-1
39,2,573.8577880859375,107.44796752929688,22.505615234375,59.404144287109375,-1,-1,-1,-1
40,2,574.34716796875,106.85828399658203,22.50830078125,58.80937957763672,-1,-1,-1,-1
41,2,574.6930541992188,106.35431671142578,22.455810546875,57.80126190185547,-1,-1,-1,-1
42,2,575.079345703125,105.57611846923828,22.3614501953125,57.542259216308594,-1,-1,-1,-1
43,2,575.7797241210938,103.93437957763672,23.390869140625,59.346900939941406,-1,-1,-1,-1
44,2,575.98486328125,103.3602523803711,23.24468994140625,59.753089904785156,-1,-1,-1,-1
45,2,576.3602294921875,102.05748748779297,23.37164306640625,61.063087463378906,-1,-1,-1,-1
46,2,576.7659301757812,102.02555084228516,22.91064453125,61.315208435058594,-1,-1,-1,-1
47,2,577.3790893554688,104.37619018554688,22.30859375,59.3389892578125,-1,-1,-1,-1
48,2,577.801513671875,105.69374084472656,21.94244384765625,57.62052917480469,-1,-1,-1,-1
49,2,578.1427001953125,105.119873046875,22.04180908203125,57.541717529296875,-1,-1,-1,-1
50,2,578.5414428710938,104.75970458984375,22.080078125,57.908843994140625,-1,-1,-1,-1
51,2,579.526123046875,103.96298217773438,22.3363037109375,57.72108459472656,-1,-1,-1,-1
52,2,580.1383056640625,102.70038604736328,22.3460693359375,58.615501403808594,-1,-1,-1,-1
53,2,580.994140625,100.99869537353516,23.11187744140625,59.11962127685547,-1,-1,-1,-1
54,2,581.4406127929688,100.6319351196289,23.34747314453125,58.277137756347656,-1,-1,-1,-1
55,2,581.6907958984375,95.89783477783203,25.0853271484375,62.545860290527344,-1,-1,-1,-1
56,2,582.4217529296875,95.14593505859375,24.49969482421875,63.23016357421875,-1,-1,-1,-1
57,2,583.0923461914062,94.88768768310547,24.765380859375,64.42082977294922,-1,-1,-1,-1
58,2,583.5709838867188,96.28836059570312,24.14605712890625,61.898651123046875,-1,-1,-1,-1
59,2,583.78076171875,96.9053726196289,24.13922119140625,60.460304260253906,-1,-1,-1,-1
60,2,583.8856811523438,96.93574523925781,24.22613525390625,60.07743835449219,-1,-1,-1,-1
61,2,584.0901489257812,96.88459014892578,24.01116943359375,58.10832977294922,-1,-1,-1,-1
62,2,584.2877197265625,95.74122619628906,24.4422607421875,59.01776123046875,-1,-1,-1,-1
63,2,584.379638671875,95.00825500488281,24.47308349609375,59.83650207519531,-1,-1,-1,-1
64,2,584.5530395507812,94.55782318115234,24.5037841796875,60.299110412597656,-1,-1,-1,-1
65,2,584.7953491210938,94.64286041259766,24.55206298828125,60.11341094970703,-1,-1,-1,-1
66,2,585.01416015625,94.28074645996094,25.08758544921875,60.851898193359375,-1,-1,-1,-1
67,2,585.5978393554688,94.58522033691406,25.15655517578125,60.36976623535156,-1,-1,-1,-1
68,2,586.1995239257812,93.518310546875,25.2247314453125,61.32563781738281,-1,-1,-1,-1
69,2,586.9351196289062,93.83650970458984,24.57049560546875,60.71027374267578,-1,-1,-1,-1
70,2,587.4785766601562,93.58029174804688,24.462158203125,61.21012878417969,-1,-1,-1,-1
71,2,588.22509765625,93.58990478515625,24.26495361328125,60.774627685546875,-1,-1,-1,-1
72,2,588.3826904296875,93.19208526611328,24.69683837890625,60.43596649169922,-1,-1,-1,-1
73,2,589.773193359375,95.40619659423828,23.24151611328125,57.04772186279297,-1,-1,-1,-1
74,2,590.1094970703125,94.88419342041016,23.81689453125,57.25963592529297,-1,-1,-1,-1
75,2,591.3824462890625,91.28430938720703,24.4798583984375,59.97058868408203,-1,-1,-1,-1
76,2,592.0614624023438,93.14691162109375,23.69598388671875,57.024627685546875,-1,-1,-1,-1
77,2,592.4780883789062,94.73236083984375,23.068115234375,55.23741149902344,-1,-1,-1,-1
78,2,592.7401123046875,95.5307388305664,22.818603515625,54.402137756347656,-1,-1,-1,-1
79,2,593.1357421875,96.72331237792969,22.77655029296875,52.74742126464844,-1,-1,-1,-1
80,2,594.0569458007812,97.28099060058594,22.202880859375,51.702789306640625,-1,-1,-1,-1
81,2,594.8010864257812,97.14752960205078,21.78350830078125,51.29084014892578,-1,-1,-1,-1
82,2,595.2554931640625,96.98881530761719,21.63092041015625,50.77156066894531,-1,-1,-1,-1
83,2,596.2626953125,96.7919921875,20.75396728515625,50.54603576660156,-1,-1,-1,-1
84,2,596.9033813476562,97.65209197998047,20.2027587890625,48.940330505371094,-1,-1,-1,-1
85,2,596.8815307617188,86.50822448730469,20.1322021484375,59.72169494628906,-1,-1,-1,-1
86,2,597.9016723632812,93.56053924560547,19.30938720703125,52.60639190673828,-1,-1,-1,-1
87,2,597.9146728515625,93.64673614501953,19.46856689453125,52.94824981689453,-1,-1,-1,-1
88,2,598.3989868164062,94.69741821289062,19.6221923828125,52.462921142578125,-1,-1,-1,-1
89,2,598.836669921875,94.67618560791016,19.26483154296875,51.882423400878906,-1,-1,-1,-1
90,2,599.4935302734375,90.43283081054688,19.6138916015625,55.71629333496094,-1,-1,-1,-1
1,3,568.5419311523438,160.59783935546875,24.9434814453125,67.76681518554688,-1,-1,-1,-1
2,3,568.1731567382812,160.5207061767578,25.27154541015625,67.75274658203125,-1,-1,-1,-1
3,3,568.083984375,160.0550079345703,25.29656982421875,66.97608947753906,-1,-1,-1,-1
4,3,568.037841796875,159.39852905273438,25.20489501953125,67.08064270019531,-1,-1,-1,-1
5,3,568.1878662109375,158.61058044433594,25.00689697265625,67.65995788574219,-1,-1,-1,-1
6,3,568.3562622070312,157.97091674804688,24.81561279296875,68.03913879394531,-1,-1,-1,-1
7,3,568.7932739257812,157.73739624023438,24.503662109375,68.23310852050781,-1,-1,-1,-1
8,3,569.09716796875,157.6116943359375,24.31591796875,68.24085998535156,-1,-1,-1,-1
9,3,569.5643920898438,157.6844940185547,24.06988525390625,67.58363342285156,-1,-1,-1,-1
10,3,569.9423828125,157.75094604492188,23.96429443359375,67.11787414550781,-1,-1,-1,-1
11,3,570.457275390625,157.79832458496094,23.73687744140625,66.75398254394531,-1,-1,-1,-1
12,3,570.749267578125,157.75180053710938,23.70562744140625,66.52104187011719,-1,-1,-1,-1
13,3,571.4619140625,157.06118774414062,24.194580078125,65.74855041503906,-1,-1,-1,-1
14,3,571.9655151367188,156.6341552734375,24.37353515625,64.91081237792969,-1,-1,-1,-1
15,3,572.4246826171875,155.0071563720703,24.64239501953125,65.27320861816406,-1,-1,-1,-1
16,3,572.830078125,154.2485809326172,24.83648681640625,65.97073364257812,-1,-1,-1,-1
17,3,573.0716552734375,153.47547912597656,25.047607421875,66.6171875,-1,-1,-1,-1
18,3,573.6828002929688,153.36952209472656,24.81024169921875,66.56478881835938,-1,-1,-1,-1
19,3,574.3026733398438,153.57321166992188,24.55670166015625,65.65081787109375,-1,-1,-1,-1
20,3,574.4312744140625,153.70022583007812,24.74847412109375,65.04872131347656,-1,-1,-1,-1
21,3,574.4779052734375,153.81143188476562,24.90228271484375,64.76602172851562,-1,-1,-1,-1
22,3,574.6492309570312,153.87579345703125,24.9716796875,64.557373046875,-1,-1,-1,-1
23,3,574.5997924804688,153.20729064941406,25.18511962890625,65.07559204101562,-1,-1,-1,-1
24,3,574.6710205078125,153.08334350585938,25.11871337890625,64.67518615722656,-1,-1,-1,-1
25,3,574.8865356445312,152.48590087890625,24.89862060546875,63.78944396972656,-1,-1,-1,-1
26,3,575.0511474609375,151.55136108398438,24.890380859375,64.37136840820312,-1,-1,-1,-1
27,3,575.2222290039062,150.50460815429688,24.911376953125,65.33705139160156,-1,-1,-1,-1
28,3,575.5687866210938,149.53187561035156,24.63433837890625,66.26020812988281,-1,-1,-1,-1
29,3,575.9625244140625,149.01722717285156,24.51007080078125,66.46430969238281,-1,-1,-1,-1
30,3,576.5623168945312,149.13710021972656,24.17681884765625,66.22567749023438,-1,-1,-1,-1
31,3,577.0908203125,149.77041625976562,24.05206298828125,65.12712097167969,-1,-1,-1,-1
32,3,577.4594116210938,149.78115844726562,24.070556640625,65.0853271484375,-1,-1,-1,-1
33,3,578.0490112304688,149.7729949951172,23.958984375,64.60740661621094,-1,-1,-1,-1
34,3,578.6532592773438,149.72677612304688,23.94989013671875,64.56690979003906,-1,-1,-1,-1
35,3,579.604248046875,149.22059631347656,23.7896728515625,64.2569580078125,-1,-1,-1,-1
36,3,580.3574829101562,149.01260375976562,23.65673828125,63.753936767578125,-1,-1,-1,-1
37,3,581.48681640625,148.45921325683594,23.33331298828125,63.171295166015625,-1,-1,-1,-1
38,3,581.8325805664062,147.89114379882812,23.57470703125,63.55101013183594,-1,-1,-1,-1
39,3,582.966552734375,147.33982849121094,23.0621337890625,63.45960998535156,-1,-1,-1,-1
40,3,583.7953491210938,146.83139038085938,22.9239501953125,63.765625,-1,-1,-1,-1
41,3,584.1213989257812,146.36981201171875,23.24591064453125,64.237060546875,-1,-1,-1,-1
42,3,584.3114013671875,146.2450408935547,23.4698486328125,64.489013671875,-1,-1,-1,-1
43,3,584.8378295898438,146.44699096679688,23.30047607421875,64.39567565917969,-1,-1,-1,-1
44,3,584.7694702148438,146.37405395507812,23.76788330078125,64.48231506347656,-1,-1,-1,-1
45,3,584.908935546875,146.2647247314453,23.95184326171875,64.31132507324219,-1,-1,-1,-1
46,3,585.1810302734375,146.07183837890625,23.97314453125,64.04127502441406,-1,-1,-1,-1
47,3,585.5995483398438,145.08059692382812,23.79962158203125,63.61479187011719,-1,-1,-1,-1
48,3,586.1162109375,144.763427734375,23.32647705078125,62.70295715332031,-1,-1,-1,-1
49,3,586.7659912109375,143.6157989501953,23.327880859375,63.61042785644531,-1,-1,-1,-1
50,3,587.1256713867188,143.4472198486328,23.3570556640625,63.92498779296875,-1,-1,-1,-1
51,3,588.0912475585938,143.65420532226562,22.95904541015625,63.23036193847656,-1,-1,-1,-1
52,3,588.400390625,143.41949462890625,23.27618408203125,63.53532409667969,-1,-1,-1,-1
53,3,589.9271240234375,144.02691650390625,23.50262451171875,62.1187744140625,-1,-1,-1,-1
54,3,590.22900390625,143.8365020751953,23.6668701171875,62.37017822265625,-1,-1,-1,-1
55,3,590.7687377929688,143.7726287841797,23.76177978515625,62.33624267578125,-1,-1,-1,-1
56,3,591.117919921875,143.6128387451172,23.9053955078125,62.71832275390625,-1,-1,-1,-1
57,3,592.0860595703125,143.52694702148438,23.7984619140625,62.381561279296875,-1,-1,-1,-1
58,3,592.838623046875,143.16297912597656,23.8116455078125,62.3966064453125,-1,-1,-1,-1
59,3,594.2391967773438,141.79525756835938,23.75927734375,62.718597412109375,-1,-1,-1,-1
60,3,594.6857299804688,140.98870849609375,23.8607177734375,63.19728088378906,-1,-1,-1,-1
61,3,595.441650390625,139.6581573486328,24.2474365234375,63.78636169433594,-1,-1,-1,-1
62,3,596.1936645507812,139.7061309814453,23.679443359375,63.410736083984375,-1,-1,-1,-1
63,3,596.661376953125,139.7238006591797,23.4215087890625,63.20756530761719,-1,-1,-1,-1
64,3,597.1128540039062,139.67398071289062,23.35400390625,63.15724182128906,-1,-1,-1,-1
65,3,597.9378662109375,139.8629913330078,23.00128173828125,62.6275634765625,-1,-1,-1,-1
66,3,598.3643798828125,140.0693817138672,22.95782470703125,62.523345947265625,-1,-1,-1,-1
67,3,598.5223999023438,140.00270080566406,23.24359130859375,62.625213623046875,-1,-1,-1,-1
68,3,598.4638061523438,139.68150329589844,23.75738525390625,63.01731872558594,-1,-1,-1,-1
69,3,598.596923828125,139.105224609375,24.0406494140625,62.9830322265625,-1,-1,-1,-1
70,3,599.0338134765625,138.720703125,23.83319091796875,62.428955078125,-1,-1,-1,-1
71,3,599.7258911132812,138.14120483398438,23.7496337890625,62.02659606933594,-1,-1,-1,-1
72,3,600.039794921875,137.67074584960938,24.02581787109375,62.59382629394531,-1,-1,-1,-1
73,3,600.4114990234375,137.0859375,24.1356201171875,63.21156311035156,-1,-1,-1,-1
74,3,600.7628173828125,136.4516143798828,24.1741943359375,63.442413330078125,-1,-1,-1,-1
75,3,601.1643676757812,136.21072387695312,23.9818115234375,63.2906494140625,-1,-1,-1,-1
76,3,601.5219116210938,136.20132446289062,23.92120361328125,63.08808898925781,-1,-1,-1,-1
77,3,602.7632446289062,136.84286499023438,23.3358154296875,62.09477233886719,-1,-1,-1,-1
78,3,603.3097534179688,137.22410583496094,23.18341064453125,61.57183837890625,-1,-1,-1,-1
79,3,604.106201171875,136.47642517089844,23.0927734375,61.76019287109375,-1,-1,-1,-1
80,3,604.3348999023438,135.55352783203125,23.647216796875,62.5477294921875,-1,-1,-1,-1
81,3,605.2747192382812,134.68218994140625,23.32421875,62.60496520996094,-1,-1,-1,-1
82,3,605.9906005859375,134.51927185058594,22.896484375,62.418182373046875,-1,-1,-1,-1
83,3,606.7071533203125,133.66539001464844,22.8497314453125,62.78656005859375,-1,-1,-1,-1
84,3,607.0404052734375,133.06466674804688,22.923583984375,63.16532897949219,-1,-1,-1,-1
85,3,607.405029296875,133.1654815673828,22.75030517578125,62.41099548339844,-1,-1,-1,-1
86,3,607.4882202148438,133.18533325195312,23.0350341796875,62.162384033203125,-1,-1,-1,-1
87,3,607.9459228515625,133.2479248046875,22.94293212890625,61.7296142578125,-1,-1,-1,-1
88,3,607.9715576171875,133.17025756835938,23.37054443359375,61.90069580078125,-1,-1,-1,-1
89,3,608.0362548828125,133.062255859375,23.64166259765625,62.16865539550781,-1,-1,-1,-1
90,3,607.9461059570312,132.78611755371094,23.99859619140625,62.50956726074219,-1,-1,-1,-1
91,3,608.6974487304688,132.8411865234375,23.18084716796875,61.35197448730469,-1,-1,-1,-1
92,3,608.9869384765625,132.52664184570312,23.0247802734375,60.47309875488281,-1,-1,-1,-1
93,3,609.2899780273438,131.90052795410156,22.7366943359375,60.724609375,-1,-1,-1,-1
94,3,609.4070434570312,131.16455078125,22.595458984375,61.54193115234375,-1,-1,-1,-1
95,3,609.66064453125,130.71282958984375,22.2315673828125,61.601806640625,-1,-1,-1,-1
96,3,609.8588256835938,130.3944091796875,22.16009521484375,61.739044189453125,-1,-1,-1,-1
97,3,610.07470703125,130.4093475341797,22.2861328125,61.58341979980469,-1,-1,-1,-1
98,3,610.3118286132812,130.3685760498047,22.44793701171875,61.404632568359375,-1,-1,-1,-1
99,3,610.7640380859375,130.61965942382812,22.50341796875,60.84941101074219,-1,-1,-1,-1
100,3,611.1736450195312,130.81924438476562,22.46246337890625,60.52558898925781,-1,-1,-1,-1
101,3,611.937255859375,130.7900390625,22.32989501953125,60.33477783203125,-1,-1,-1,-1
102,3,612.6138305664062,130.34588623046875,22.5780029296875,60.519683837890625,-1,-1,-1,-1
103,3,613.9566650390625,129.7125701904297,22.78448486328125,60.38670349121094,-1,-1,-1,-1
104,3,614.227294921875,129.12603759765625,23.15399169921875,60.513458251953125,-1,-1,-1,-1
105,3,614.6259765625,128.1057891845703,23.2493896484375,60.8331298828125,-1,-1,-1,-1
106,3,615.0827026367188,127.94770050048828,23.11846923828125,60.903770446777344,-1,-1,-1,-1
107,3,615.3856201171875,127.7622299194336,23.15985107421875,60.78870391845703,-1,-1,-1,-1
108,3,615.5361938476562,127.48499298095703,23.33709716796875,60.41564178466797,-1,-1,-1,-1
109,3,615.90087890625,127.73087310791016,22.97161865234375,60.02696990966797,-1,-1,-1,-1
110,3,616.1890869140625,127.94818115234375,22.8475341796875,59.57865905761719,-1,-1,-1,-1
111,3,616.5081176757812,127.55758666992188,22.69171142578125,59.87812805175781,-1,-1,-1,-1
112,3,616.555419921875,126.13285064697266,23.18695068359375,60.849891662597656,-1,-1,-1,-1
113,3,616.721923828125,125.89329528808594,23.27557373046875,59.97900390625,-1,-1,-1,-1
114,3,616.9308471679688,125.75440979003906,23.26507568359375,59.49806213378906,-1,-1,-1,-1
115,3,617.134765625,124.00792694091797,23.59857177734375,59.94812774658203,-1,-1,-1,-1
116,3,617.336669921875,123.37198638916016,23.688232421875,60.56816864013672,-1,-1,-1,-1
117,3,617.4920654296875,123.49474334716797,23.6077880859375,60.14423370361328,-1,-1,-1,-1
118,3,617.6077880859375,123.84583282470703,23.388671875,59.821556091308594,-1,-1,-1,-1
119,3,617.9465942382812,123.6517562866211,23.2598876953125,59.96350860595703,-1,-1,-1,-1
120,3,618.3161010742188,123.51777648925781,23.08502197265625,59.85273742675781,-1,-1,-1,-1
121,3,618.6593017578125,123.77735900878906,23.0823974609375,59.13084411621094,-1,-1,-1,-1
122,3,619.1947631835938,124.76394653320312,22.74359130859375,57.9212646484375,-1,-1,-1,-1
123,3,619.48876953125,123.91265106201172,22.7353515625,58.71721649169922,-1,-1,-1,-1
124,3,619.7125854492188,122.91852569580078,22.92816162109375,59.61365509033203,-1,-1,-1,-1
125,3,620.9465942382812,121.52101135253906,23.80523681640625,59.96049499511719,-1,-1,-1,-1
1,4,351.1578063964844,174.30552673339844,21.29437255859375,63.14610290527344,-1,-1,-1,-1
2,4,350.1618957519531,173.97341918945312,22.667510986328125,61.25126647949219,-1,-1,-1,-1
3,4,348.70684814453125,171.66049194335938,24.45684814453125,63.50804138183594,-1,-1,-1,-1
4,4,348.71331787109375,174.2918243408203,23.9754638671875,61.673095703125,-1,-1,-1,-1
5,4,347.58367919921875,175.81423950195312,24.2015380859375,62.265045166015625,-1,-1,-1,-1
6,4,347.0821533203125,174.2218017578125,24.529510498046875,63.85722351074219,-1,-1,-1,-1
7,4,346.7952880859375,180.23980712890625,23.054962158203125,58.89326477050781,-1,-1,-1,-1
8,4,346.53265380859375,178.26564025878906,23.3897705078125,61.078765869140625,-1,-1,-1,-1
9,4,346.0448303222656,181.72885131835938,23.294769287109375,58.02685546875,-1,-1,-1,-1
10,4,345.7104187011719,183.73291015625,22.820587158203125,56.705230712890625,-1,-1,-1,-1
11,4,343.28839111328125,182.86740112304688,23.6607666015625,56.866180419921875,-1,-1,-1,-1
12,4,342.9228515625,180.35269165039062,24.19580078125,59.62791442871094,-1,-1,-1,-1
14,4,342.223876953125,176.68438720703125,23.8739013671875,65.759765625,-1,-1,-1,-1
15,4,341.53790283203125,176.207763671875,23.843017578125,66.73114013671875,-1,-1,-1,-1
16,4,341.3721618652344,181.7932891845703,23.477020263671875,61.849945068359375,-1,-1,-1,-1
17,4,341.4071350097656,184.32423400878906,22.831146240234375,60.173126220703125,-1,-1,-1,-1
18,4,341.1282653808594,185.3177032470703,22.860015869140625,60.071807861328125,-1,-1,-1,-1
19,4,341.038330078125,184.99806213378906,22.5606689453125,60.81971740722656,-1,-1,-1,-1
20,4,340.7305603027344,183.11553955078125,22.70709228515625,62.12599182128906,-1,-1,-1,-1
21,4,339.8114013671875,183.6376953125,23.562255859375,61.39082336425781,-1,-1,-1,-1
22,4,339.0047607421875,183.66619873046875,24.0870361328125,62.173675537109375,-1,-1,-1,-1
23,4,336.4938049316406,185.34490966796875,25.080108642578125,62.081939697265625,-1,-1,-1,-1
24,4,335.6887512207031,183.3030548095703,25.880096435546875,63.84812927246094,-1,-1,-1,-1
25,4,336.201416015625,187.1828155517578,23.83258056640625,61.42448425292969,-1,-1,-1,-1
26,4,335.7815246582031,188.14447021484375,23.787841796875,60.92295837402344,-1,-1,-1,-1
27,4,333.20770263671875,189.0743865966797,24.47845458984375,61.42704772949219,-1,-1,-1,-1
28,4,332.7844543457031,189.31947326660156,24.256072998046875,61.1776123046875,-1,-1,-1,-1
29,4,331.6898193359375,189.0094451904297,23.77288818359375,60.742523193359375,-1,-1,-1,-1
30,4,331.36181640625,188.77053833007812,23.3330078125,61.05335998535156,-1,-1,-1,-1
31,4,330.817626953125,188.7493438720703,23.243011474609375,61.58110046386719,-1,-1,-1,-1
32,4,330.52130126953125,189.06085205078125,23.143096923828125,61.16413879394531,-1,-1,-1,-1
33,4,329.2433776855469,190.2215576171875,23.876983642578125,61.51519775390625,-1,-1,-1,-1
34,4,328.61883544921875,190.96856689453125,24.318328857421875,61.12590026855469,-1,-1,-1,-1
35,4,327.9979553222656,192.46905517578125,23.858734130859375,58.96250915527344,-1,-1,-1,-1
36,4,325.9211730957031,193.6375274658203,24.658050537109375,60.224945068359375,-1,-1,-1,-1
37,4,326.4085998535156,194.310791015625,23.101409912109375,59.50212097167969,-1,-1,-1,-1
38,4,325.61834716796875,194.17527770996094,23.62701416015625,59.69786071777344,-1,-1,-1,-1
39,4,324.2845153808594,194.22300720214844,24.30279541015625,60.01408386230469,-1,-1,-1,-1
40,4,323.65966796875,194.17739868164062,24.606414794921875,60.01661682128906,-1,-1,-1,-1
41,4,322.4936218261719,194.4401397705078,25.03875732421875,60.92572021484375,-1,-1,-1,-1
42,4,322.05670166015625,194.70822143554688,25.062774658203125,61.36262512207031,-1,-1,-1,-1
43,4,321.3486633300781,195.90301513671875,25.043060302734375,61.08203125,-1,-1,-1,-1
44,4,320.7430419921875,196.5569610595703,24.874298095703125,61.13230895996094,-1,-1,-1,-1
45,4,319.88092041015625,197.95352172851562,23.99871826171875,60.813232421875,-1,-1,-1,-1
46,4,319.4784240722656,198.4080047607422,23.082733154296875,60.39237976074219,-1,-1,-1,-1
47,4,317.19268798828125,198.5750274658203,22.898529052734375,59.91468811035156,-1,-1,-1,-1
48,4,316.2412414550781,198.46951293945312,22.92364501953125,60.545989990234375,-1,-1,-1,-1
49,4,314.9884338378906,197.9761199951172,23.17340087890625,62.23957824707031,-1,-1,-1,-1
50,4,314.5651550292969,198.1324005126953,23.224395751953125,62.66740417480469,-1,-1,-1,-1
51,4,313.6470642089844,198.88890075683594,23.426025390625,62.56831359863281,-1,-1,-1,-1
52,4,313.1218566894531,199.65724182128906,23.325103759765625,62.21971130371094,-1,-1,-1,-1
53,4,312.605224609375,200.73626708984375,23.30615234375,61.248291015625,-1,-1,-1,-1
54,4,311.9827575683594,201.73574829101562,23.316741943359375,60.81011962890625,-1,-1,-1,-1
55,4,310.8237609863281,202.2882537841797,23.607147216796875,60.60133361816406,-1,-1,-1,-1
56,4,310.2255859375,202.54396057128906,23.947601318359375,60.96864318847656,-1,-1,-1,-1
57,4,308.2904968261719,202.60862731933594,24.5543212890625,62.74449157714844,-1,-1,-1,-1
58,4,307.9522399902344,202.92750549316406,24.131561279296875,62.68119812011719,-1,-1,-1,-1
59,4,306.704345703125,203.00576782226562,24.591217041015625,63.57861328125,-1,-1,-1,-1
60,4,306.0684814453125,203.17372131347656,24.85833740234375,64.09913635253906,-1,-1,-1,-1
61,4,303.69610595703125,203.7217559814453,26.6334228515625,65.05009460449219,-1,-1,-1,-1
62,4,303.3369445800781,204.37576293945312,25.96197509765625,63.96405029296875,-1,-1,-1,-1
63,4,301.5858459472656,205.6196746826172,25.73760986328125,64.10517883300781,-1,-1,-1,-1
64,4,301.631103515625,206.24545288085938,24.49346923828125,62.962310791015625,-1,-1,-1,-1
65,4,300.2103576660156,206.08311462402344,25.980621337890625,64.14570617675781,-1,-1,-1,-1
66,4,298.8843078613281,206.23292541503906,27.084747314453125,64.48963928222656,-1,-1,-1,-1
67,4,297.4671630859375,206.75852966308594,26.596832275390625,64.31935119628906,-1,-1,-1,-1
68,4,297.04730224609375,206.9135284423828,26.90826416015625,64.80082702636719,-1,-1,-1,-1
69,4,296.7615661621094,207.57252502441406,26.272735595703125,64.19017028808594,-1,-1,-1,-1
70,4,296.0396728515625,207.78079223632812,26.181640625,63.252471923828125,-1,-1,-1,-1
71,4,294.6565856933594,208.25765991210938,26.56671142578125,65.5028076171875,-1,-1,-1,-1
72,4,294.4564208984375,208.81121826171875,26.673309326171875,64.59469604492188,-1,-1,-1,-1
73,4,293.50189208984375,208.5706787109375,26.616912841796875,63.467864990234375,-1,-1,-1,-1
74,4,292.6672668457031,208.75425720214844,26.986358642578125,64.97279357910156,-1,-1,-1,-1
75,4,290.9923400878906,208.84756469726562,25.996673583984375,65.74545288085938,-1,-1,-1,-1
76,4,290.8738708496094,209.35400390625,25.518463134765625,65.60836791992188,-1,-1,-1,-1
77,4,289.57427978515625,211.27349853515625,25.899169921875,65.128173828125,-1,-1,-1,-1
78,4,288.8973693847656,211.4236297607422,26.44073486328125,65.77507019042969,-1,-1,-1,-1
79,4,286.6927795410156,213.05152893066406,26.67559814453125,64.86253356933594,-1,-1,-1,-1
80,4,286.8110656738281,214.365966796875,25.682403564453125,62.666961669921875,-1,-1,-1,-1
81,4,284.26483154296875,216.8196258544922,25.193389892578125,60.59083557128906,-1,-1,-1,-1
82,4,283.40338134765625,217.77015686035156,25.53253173828125,60.46455383300781,-1,-1,-1,-1
83,4,282.8454284667969,216.45741271972656,25.143951416015625,62.20075988769531,-1,-1,-1,-1
84,4,282.0408630371094,216.4341278076172,25.267669677734375,62.68699645996094,-1,-1,-1,-1
85,4,279.8707275390625,217.3280029296875,26.1859130859375,62.805389404296875,-1,-1,-1,-1
86,4,279.297607421875,218.00372314453125,25.63134765625,62.76995849609375,-1,-1,-1,-1
87,4,279.01837158203125,218.08934020996094,24.403533935546875,61.94252014160156,-1,-1,-1,-1
88,4,278.23834228515625,218.3419189453125,24.2122802734375,63.33404541015625,-1,-1,-1,-1
89,4,276.4341125488281,219.36614990234375,23.848907470703125,63.275543212890625,-1,-1,-1,-1
90,4,275.5774841308594,220.39932250976562,23.63470458984375,62.980377197265625,-1,-1,-1,-1
91,4,274.5855712890625,220.08018493652344,23.79046630859375,63.85325622558594,-1,-1,-1,-1
92,4,273.9541931152344,220.45956420898438,23.717681884765625,64.52871704101562,-1,-1,-1,-1
93,4,272.9956359863281,222.25294494628906,23.655609130859375,63.58958435058594,-1,-1,-1,-1
94,4,272.0025634765625,221.489990234375,23.92572021484375,64.87716674804688,-1,-1,-1,-1
95,4,268.6396789550781,221.325927734375,25.86016845703125,66.07855224609375,-1,-1,-1,-1
96,4,267.7562255859375,221.5338592529297,26.165863037109375,66.36735534667969,-1,-1,-1,-1
97,4,266.6280822753906,223.47720336914062,26.330352783203125,64.38418579101562,-1,-1,-1,-1
98,4,264.8791809082031,224.0581512451172,27.12353515625,64.30110168457031,-1,-1,-1,-1
99,4,263.2774963378906,224.32022094726562,25.70953369140625,63.189453125,-1,-1,-1,-1
100,4,262.9944152832031,224.7564697265625,24.72216796875,64.07650756835938,-1,-1,-1,-1
101,4,261.6230773925781,224.42384338378906,25.570404052734375,65.27870178222656,-1,-1,-1,-1
102,4,260.8782043457031,224.16773986816406,25.998016357421875,65.69810485839844,-1,-1,-1,-1
103,4,259.217041015625,224.09776306152344,26.079833984375,66.42823791503906,-1,-1,-1,-1
104,4,259.06103515625,224.43191528320312,25.061553955078125,67.71661376953125,-1,-1,-1,-1
105,4,257.33526611328125,226.23287963867188,24.40435791015625,67.12203979492188,-1,-1,-1,-1
106,4,256.69805908203125,226.66334533691406,24.426177978515625,66.68186950683594,-1,-1,-1,-1
107,4,255.59840393066406,227.46202087402344,24.279983520507812,66.10658264160156,-1,-1,-1,-1
108,4,255.05877685546875,227.646728515625,24.39825439453125,66.61648559570312,-1,-1,-1,-1
109,4,254.10267639160156,228.24253845214844,24.816146850585938,67.00755310058594,-1,-1,-1,-1
110,4,253.8893280029297,229.3757781982422,24.169540405273438,66.15080261230469,-1,-1,-1,-1
111,4,252.6714630126953,230.9595489501953,24.620315551757812,66.77980041503906,-1,-1,-1,-1
112,4,251.64891052246094,229.93385314941406,25.074783325195312,68.16111755371094,-1,-1,-1,-1
113,4,249.33087158203125,231.0010528564453,25.46417236328125,67.30873107910156,-1,-1,-1,-1
114,4,248.8911590576172,230.4049072265625,25.346328735351562,67.87155151367188,-1,-1,-1,-1
115,4,245.6804656982422,231.09010314941406,26.253952026367188,67.11219787597656,-1,-1,-1,-1
116,4,245.05772399902344,229.51451110839844,26.462875366210938,68.10893249511719,-1,-1,-1,-1
117,4,243.5124053955078,231.47691345214844,25.233413696289062,66.43580627441406,-1,-1,-1,-1
118,4,242.55398559570312,230.7552947998047,25.2633056640625,67.14497375488281,-1,-1,-1,-1
120,4,239.5237274169922,231.58876037597656,26.229476928710938,68.83641052246094,-1,-1,-1,-1
121,4,238.549560546875,233.07286071777344,24.83074951171875,67.31047058105469,-1,-1,-1,-1
122,4,237.5237579345703,232.46932983398438,25.235702514648438,68.79931640625,-1,-1,-1,-1
130,4,227.76602172851562,241.64491271972656,23.659347534179688,65.64396667480469,-1,-1,-1,-1
131,4,225.2849578857422,240.52882385253906,24.7139892578125,68.18040466308594,-1,-1,-1,-1
132,4,224.11843872070312,238.3767547607422,25.484893798828125,70.07460021972656,-1,-1,-1,-1
30,5,1.0,369.68133544921875,23.654094696044922,99.81082153320312,-1,-1,-1,-1
31,5,1.0,368.44781494140625,24.579540252685547,100.96945190429688,-1,-1,-1,-1
32,5,1.0,366.7027282714844,24.623645782470703,102.61019897460938,-1,-1,-1,-1
33,5,1.0,363.4905700683594,25.17224884033203,104.197021484375,-1,-1,-1,-1
34,5,1.0,362.6784362792969,25.76654052734375,105.4774169921875,-1,-1,-1,-1
37,5,1.0,363.0915222167969,25.520126342773438,101.21148681640625,-1,-1,-1,-1
38,5,1.0,361.3898010253906,27.84788703918457,103.20083618164062,-1,-1,-1,-1
39,5,1.0,359.591796875,29.66349220275879,104.92486572265625,-1,-1,-1,-1
40,5,1.0,358.6189880371094,31.567184448242188,105.72702026367188,-1,-1,-1,-1
41,5,1.0,356.0972595214844,36.20482635498047,106.97772216796875,-1,-1,-1,-1
42,5,1.0497966781258583,355.5240173339844,37.69134559482336,106.290283203125,-1,-1,-1,-1
43,5,1.5612480640411377,354.25543212890625,39.325722455978394,107.4619140625,-1,-1,-1,-1
44,5,2.1369980573654175,353.74847412109375,40.52532112598419,105.91094970703125,-1,-1,-1,-1
45,5,4.6439385414123535,352.2464294433594,42.03062200546265,105.89395141601562,-1,-1,-1,-1
46,5,5.982853889465332,351.9134521484375,41.76744365692139,104.9742431640625,-1,-1,-1,-1
47,5,7.952828407287598,351.9292297363281,42.84423351287842,104.10977172851562,-1,-1,-1,-1
48,5,8.738282203674316,350.3536376953125,43.766493797302246,105.297607421875,-1,-1,-1,-1
49,5,9.367835998535156,351.0336608886719,44.03534698486328,103.926513671875,-1,-1,-1,-1
50,5,10.492499351501465,351.4857177734375,43.17085361480713,102.50787353515625,-1,-1,-1,-1
51,5,12.88000202178955,350.5652770996094,41.97423076629639,101.60708618164062,-1,-1,-1,-1
52,5,14.564984321594238,349.0450134277344,41.315794944763184,101.92041015625,-1,-1,-1,-1
53,5,18.365161895751953,348.0501403808594,39.77671813964844,101.00796508789062,-1,-1,-1,-1
54,5,20.31694984436035,346.35333251953125,38.95966148376465,101.78704833984375,-1,-1,-1,-1
55,5,25.236568450927734,343.0703125,37.512359619140625,103.3990478515625,-1,-1,-1,-1
56,5,26.1630916595459,344.3599853515625,37.04043006896973,101.71957397460938,-1,-1,-1,-1
57,5,28.31844711303711,342.9027404785156,36.36237335205078,102.45947265625,-1,-1,-1,-1
58,5,29.600488662719727,341.3832702636719,36.158090591430664,103.29348754882812,-1,-1,-1,-1
59,5,31.316173553466797,340.64068603515625,35.978694915771484,103.55459594726562,-1,-1,-1,-1
60,5,33.62187576293945,341.2544250488281,36.0195426940918,102.78372192382812,-1,-1,-1,-1
61,5,36.77251434326172,339.8155212402344,35.4622802734375,102.92471313476562,-1,-1,-1,-1
62,5,37.47224044799805,338.02484130859375,35.070919036865234,104.18997192382812,-1,-1,-1,-1
63,5,39.78248977661133,334.699462890625,36.48222732543945,106.23388671875,-1,-1,-1,-1
64,5,40.14151382446289,331.9896545410156,37.2071418762207,106.03472900390625,-1,-1,-1,-1
65,5,42.44706726074219,329.24835205078125,37.328155517578125,106.91693115234375,-1,-1,-1,-1
66,5,41.6121826171875,308.00091552734375,44.88018035888672,129.55337524414062,-1,-1,-1,-1
67,5,42.56328582763672,304.63287353515625,47.7579345703125,130.16409301757812,-1,-1,-1,-1
68,5,43.78965377807617,309.759765625,47.29543685913086,123.88150024414062,-1,-1,-1,-1
69,5,44.53166961669922,305.9629821777344,49.41321563720703,127.20037841796875,-1,-1,-1,-1
70,5,46.68112564086914,311.0724182128906,47.61110305786133,121.70101928710938,-1,-1,-1,-1
71,5,44.29866409301758,298.3601379394531,53.105167388916016,134.022705078125,-1,-1,-1,-1
72,5,46.16508102416992,294.8814697265625,51.93034744262695,137.00738525390625,-1,-1,-1,-1
73,5,48.439064025878906,296.652587890625,48.42961883544922,133.22763061523438,-1,-1,-1,-1
74,5,51.71699905395508,296.3799743652344,47.81538009643555,134.87698364257812,-1,-1,-1,-1
75,5,56.90941619873047,304.85821533203125,44.67457580566406,122.84622192382812,-1,-1,-1,-1
76,5,59.042659759521484,309.46954345703125,43.130558013916016,117.87081909179688,-1,-1,-1,-1
77,5,58.28300094604492,298.3201599121094,46.003482818603516,128.47454833984375,-1,-1,-1,-1
78,5,58.895469665527344,293.74365234375,47.21351623535156,131.52447509765625,-1,-1,-1,-1
79,5,60.39093780517578,298.95855712890625,45.828216552734375,124.45547485351562,-1,-1,-1,-1
80,5,60.37281036376953,296.1287841796875,47.88610076904297,127.19943237304688,-1,-1,-1,-1
81,5,57.42692947387695,290.72821044921875,52.3597297668457,132.27490234375,-1,-1,-1,-1
82,5,57.38623809814453,287.1261901855469,54.09089660644531,134.95907592773438,-1,-1,-1,-1
83,5,61.34489059448242,295.53131103515625,49.99052810668945,125.56344604492188,-1,-1,-1,-1
84,5,61.463443756103516,300.4651184082031,49.80778884887695,121.05508422851562,-1,-1,-1,-1
85,5,77.21343994140625,315.07208251953125,36.952491760253906,102.89730834960938,-1,-1,-1,-1
86,5,80.7173843383789,320.4774169921875,34.797645568847656,96.64434814453125,-1,-1,-1,-1
87,5,81.93260955810547,320.0436096191406,34.93506622314453,97.37149047851562,-1,-1,-1,-1
88,5,82.82421875,319.1839904785156,35.58795928955078,98.57772827148438,-1,-1,-1,-1
89,5,85.60260009765625,317.42498779296875,36.297889709472656,99.16949462890625,-1,-1,-1,-1
90,5,86.36210632324219,317.7958984375,36.543975830078125,98.06790161132812,-1,-1,-1,-1
91,5,87.25116729736328,317.932861328125,38.02638244628906,97.32351684570312,-1,-1,-1,-1
92,5,88.28311157226562,318.06488037109375,38.227561950683594,96.88436889648438,-1,-1,-1,-1
93,5,89.79324340820312,318.373291015625,38.30680847167969,95.6358642578125,-1,-1,-1,-1
94,5,91.51702117919922,318.5335388183594,37.71257019042969,94.79776000976562,-1,-1,-1,-1
95,5,95.89049530029297,318.0248718261719,36.24805450439453,93.68081665039062,-1,-1,-1,-1
96,5,96.24685668945312,317.3228454589844,36.61505126953125,93.58493041992188,-1,-1,-1,-1
97,5,98.3664779663086,315.46832275390625,36.76280975341797,93.77163696289062,-1,-1,-1,-1
98,5,99.22115325927734,313.43914794921875,38.00865936279297,94.83480834960938,-1,-1,-1,-1
99,5,101.97966766357422,310.931640625,38.43524932861328,96.17523193359375,-1,-1,-1,-1
100,5,103.0737075805664,311.2769470214844,37.51073455810547,95.4713134765625,-1,-1,-1,-1
101,5,104.11036682128906,309.17950439453125,37.4014892578125,97.00784301757812,-1,-1,-1,-1
102,5,105.0887680053711,308.5716857910156,36.974281311035156,97.23971557617188,-1,-1,-1,-1
103,5,107.27965545654297,308.6467590332031,36.06519317626953,97.24923706054688,-1,-1,-1,-1
104,5,109.63330841064453,308.48724365234375,34.518150329589844,96.96682739257812,-1,-1,-1,-1
105,5,113.74272918701172,307.5022888183594,34.58159637451172,97.07260131835938,-1,-1,-1,-1
106,5,114.55619049072266,307.4261474609375,33.962059020996094,96.45425415039062,-1,-1,-1,-1
107,5,115.48462677001953,304.7009582519531,35.04590606689453,98.11285400390625,-1,-1,-1,-1
108,5,117.06195831298828,301.0435485839844,36.883689880371094,101.13247680664062,-1,-1,-1,-1
109,5,122.48467254638672,301.3523254394531,35.841697692871094,99.00949096679688,-1,-1,-1,-1
110,5,123.09194946289062,301.5840759277344,35.70390319824219,98.23367309570312,-1,-1,-1,-1
111,5,125.10269927978516,301.3995361328125,35.99938201904297,97.53579711914062,-1,-1,-1,-1
112,5,125.93618774414062,301.2572021484375,36.782623291015625,97.4859619140625,-1,-1,-1,-1
113,5,127.89517974853516,300.04248046875,39.039634704589844,99.01629638671875,-1,-1,-1,-1
114,5,128.5953140258789,299.8280944824219,39.42127227783203,98.88467407226562,-1,-1,-1,-1
115,5,132.018310546875,300.31451416015625,37.70582580566406,96.81982421875,-1,-1,-1,-1
116,5,133.23165893554688,299.0882873535156,37.653839111328125,97.34078979492188,-1,-1,-1,-1
117,5,135.59400939941406,299.16351318359375,36.379913330078125,95.6669921875,-1,-1,-1,-1
118,5,137.18812561035156,299.31878662109375,35.50440979003906,94.04275512695312,-1,-1,-1,-1
119,5,139.68075561523438,297.15411376953125,37.23382568359375,94.424072265625,-1,-1,-1,-1
120,5,141.01223754882812,297.0675964355469,35.885711669921875,93.57455444335938,-1,-1,-1,-1
121,5,142.87203979492188,294.691162109375,35.14591979980469,94.59683227539062,-1,-1,-1,-1
122,5,144.3353271484375,294.7274475097656,35.14445495605469,94.32049560546875,-1,-1,-1,-1
123,5,146.8866729736328,294.6168518066406,35.089508056640625,94.32745361328125,-1,-1,-1,-1
124,5,148.0374298095703,294.9530944824219,34.46690368652344,93.62457275390625,-1,-1,-1,-1
125,5,150.12893676757812,294.8732604980469,33.615631103515625,92.68014526367188,-1,-1,-1,-1
126,5,151.274169921875,294.5906066894531,33.236053466796875,92.42630004882812,-1,-1,-1,-1
127,5,151.96641540527344,292.7775573730469,33.87420654296875,93.65921020507812,-1,-1,-1,-1
128,5,153.82083129882812,292.4717102050781,32.9132080078125,92.88827514648438,-1,-1,-1,-1
129,5,155.30950927734375,290.7474365234375,33.74012756347656,93.50216674804688,-1,-1,-1,-1
130,5,155.76663208007812,289.1982727050781,34.98121643066406,94.90060424804688,-1,-1,-1,-1
131,5,157.5097198486328,286.31036376953125,36.645355224609375,97.79461669921875,-1,-1,-1,-1
132,5,158.92410278320312,286.1322021484375,36.09040832519531,97.28445434570312,-1,-1,-1,-1
133,5,163.17535400390625,286.9720764160156,34.322265625,94.92233276367188,-1,-1,-1,-1
134,5,163.92742919921875,286.3983154296875,34.12397766113281,94.89675903320312,-1,-1,-1,-1
135,5,165.51646423339844,286.75860595703125,34.588836669921875,94.15847778320312,-1,-1,-1,-1
136,5,166.5404052734375,286.9543762207031,34.1234130859375,93.21481323242188,-1,-1,-1,-1
137,5,167.29925537109375,286.84808349609375,33.842559814453125,92.46923828125,-1,-1,-1,-1
138,5,168.3015899658203,286.37066650390625,34.037567138671875,91.9154052734375,-1,-1,-1,-1
139,5,170.11099243164062,282.56591796875,34.723602294921875,95.62188720703125,-1,-1,-1,-1
140,5,171.12135314941406,280.6251220703125,33.77976989746094,96.57772827148438,-1,-1,-1,-1
141,5,173.86795043945312,280.0708923339844,33.2032470703125,95.87930297851562,-1,-1,-1,-1
142,5,174.34727478027344,280.0189514160156,33.60028076171875,94.94473266601562,-1,-1,-1,-1
143,5,175.18272399902344,278.90008544921875,34.85821533203125,95.0413818359375,-1,-1,-1,-1
144,5,176.50421142578125,277.3436584472656,35.46730041503906,95.81661987304688,-1,-1,-1,-1
145,5,178.41693115234375,277.0870361328125,35.89314270019531,94.74493408203125,-1,-1,-1,-1
146,5,179.43846130371094,276.1832275390625,35.88885498046875,94.62188720703125,-1,-1,-1,-1
147,5,180.25877380371094,274.59954833984375,35.30580139160156,95.76416015625,-1,-1,-1,-1
148,5,179.97476196289062,266.9737548828125,38.11320495605469,102.44876098632812,-1,-1,-1,-1
149,5,183.4307098388672,269.7131652832031,35.2196044921875,98.00582885742188,-1,-1,-1,-1
150,5,182.49026489257812,268.7200012207031,37.117889404296875,98.85494995117188,-1,-1,-1,-1
151,5,186.68524169921875,265.5137634277344,34.92604064941406,99.43008422851562,-1,-1,-1,-1
152,5,186.47909545898438,262.81964111328125,36.71710205078125,102.48428344726562,-1,-1,-1,-1
153,5,188.65806579589844,258.7889709472656,36.043426513671875,107.06369018554688,-1,-1,-1,-1
154,5,190.322998046875,259.0409240722656,34.55024719238281,106.31997680664062,-1,-1,-1,-1
155,5,191.59036254882812,260.0589904785156,33.95500183105469,104.94509887695312,-1,-1,-1,-1
156,5,191.773681640625,257.5085144042969,35.88917541503906,107.21038818359375,-1,-1,-1,-1
157,5,192.72079467773438,257.6432800292969,35.61927795410156,106.35226440429688,-1,-1,-1,-1
158,5,193.89964294433594,257.80621337890625,34.302093505859375,105.15023803710938,-1,-1,-1,-1
159,5,193.5677032470703,258.6662902832031,34.84844970703125,103.90969848632812,-1,-1,-1,-1
160,5,194.44810485839844,261.3912658691406,34.71197509765625,100.12783813476562,-1,-1,-1,-1
161,5,199.9566650390625,272.35382080078125,31.205368041992188,88.23312377929688,-1,-1,-1,-1
162,5,199.5334014892578,268.8091735839844,32.66801452636719,91.22616577148438,-1,-1,-1,-1
163,5,200.16297912597656,262.5990295410156,33.94660949707031,95.47149658203125,-1,-1,-1,-1
164,5,201.32888793945312,257.1856689453125,34.54814147949219,99.642333984375,-1,-1,-1,-1
165,5,192.81756591796875,235.71824645996094,48.965057373046875,122.08912658691406,-1,-1,-1,-1
166,5,187.23416137695312,228.41078186035156,57.270660400390625,128.10862731933594,-1,-1,-1,-1
167,5,187.3533477783203,228.7314910888672,56.135101318359375,127.43324279785156,-1,-1,-1,-1
168,5,189.56735229492188,233.22293090820312,53.15803527832031,122.54037475585938,-1,-1,-1,-1
169,5,199.35308837890625,246.09657287597656,42.23085021972656,106.68876647949219,-1,-1,-1,-1
170,5,201.96775817871094,253.40635681152344,38.45137023925781,101.49769592285156,-1,-1,-1,-1
171,5,205.35162353515625,250.7375030517578,36.22227478027344,101.94142150878906,-1,-1,-1,-1
172,5,207.330810546875,254.08335876464844,34.17585754394531,98.48701477050781,-1,-1,-1,-1
173,5,208.22689819335938,254.769775390625,33.707244873046875,96.6158447265625,-1,-1,-1,-1
174,5,210.35073852539062,256.1671447753906,31.890884399414062,94.25936889648438,-1,-1,-1,-1
175,5,211.3618927001953,246.21591186523438,33.22041320800781,103.0802001953125,-1,-1,-1,-1
176,5,213.43406677246094,247.43894958496094,32.03370666503906,100.91853332519531,-1,-1,-1,-1
177,5,214.28945922851562,245.1030731201172,32.57200622558594,103.07106018066406,-1,-1,-1,-1
178,5,215.0933074951172,249.03213500976562,31.952743530273438,99.18649291992188,-1,-1,-1,-1
179,5,214.99642944335938,247.80862426757812,32.769134521484375,99.61727905273438,-1,-1,-1,-1
180,5,215.8798370361328,250.2168426513672,32.04176330566406,96.92103576660156,-1,-1,-1,-1
181,5,217.60401916503906,253.127197265625,30.608856201171875,92.50784301757812,-1,-1,-1,-1
182,5,218.1110076904297,250.18186950683594,31.859375,95.76374816894531,-1,-1,-1,-1
183,5,218.83229064941406,250.87503051757812,31.956390380859375,93.68850708007812,-1,-1,-1,-1
184,5,219.64756774902344,252.98171997070312,31.571914672851562,90.09518432617188,-1,-1,-1,-1
185,5,219.99041748046875,248.58995056152344,33.57643127441406,93.57600402832031,-1,-1,-1,-1
186,5,221.93191528320312,252.2506103515625,32.232452392578125,88.70883178710938,-1,-1,-1,-1
187,5,221.81243896484375,250.42091369628906,33.78071594238281,90.25828552246094,-1,-1,-1,-1
188,5,222.0043182373047,249.97946166992188,34.27732849121094,90.22567749023438,-1,-1,-1,-1
189,5,222.43057250976562,249.14015197753906,35.22615051269531,90.50227355957031,-1,-1,-1,-1
190,5,222.7682342529297,248.46226501464844,35.80097961425781,90.49787902832031,-1,-1,-1,-1
191,5,225.90988159179688,250.64559936523438,32.599090576171875,87.46456909179688,-1,-1,-1,-1
192,5,224.22434997558594,241.19439697265625,36.18424987792969,97.15200805664062,-1,-1,-1,-1
193,5,227.08607482910156,239.28953552246094,33.77781677246094,97.41444396972656,-1,-1,-1,-1
194,5,227.78854370117188,241.00216674804688,33.271270751953125,95.09445190429688,-1,-1,-1,-1
195,5,228.97410583496094,241.76571655273438,31.856155395507812,92.9300537109375,-1,-1,-1,-1
196,5,229.4977569580078,242.4141082763672,31.641860961914062,91.60783386230469,-1,-1,-1,-1
197,5,229.9706268310547,239.34437561035156,31.970809936523438,93.82850646972656,-1,-1,-1,-1
198,5,231.2583465576172,241.2632293701172,30.845138549804688,91.16645812988281,-1,-1,-1,-1
199,5,231.75291442871094,241.3468475341797,31.538070678710938,90.72486877441406,-1,-1,-1,-1
200,5,232.3946075439453,241.8854522705078,31.552474975585938,90.07273864746094,-1,-1,-1,-1
109,6,607.0272216796875,79.00289916992188,24.36907958984375,61.429718017578125,-1,-1,-1,-1
110,6,606.9401245117188,77.92530059814453,24.28790283203125,62.74095916748047,-1,-1,-1,-1
128,7,550.052734375,67.61878204345703,14.8790283203125,39.66181945800781,-1,-1,-1,-1
129,7,549.40869140625,67.74718475341797,15.59027099609375,40.57032012939453,-1,-1,-1,-1
130,7,548.6934814453125,66.36473083496094,16.663330078125,41.65239715576172,-1,-1,-1,-1
131,7,547.4876098632812,65.33255767822266,17.21044921875,42.69715881347656,-1,-1,-1,-1
136,7,543.513671875,57.64749526977539,20.3021240234375,52.91109848022461,-1,-1,-1,-1
137,7,544.0917358398438,63.264183044433594,18.57855224609375,47.783416748046875,-1,-1,-1,-1
138,7,541.21728515625,63.77470779418945,20.4930419921875,47.02898025512695,-1,-1,-1,-1
139,7,541.2725219726562,65.81986999511719,18.69757080078125,45.93370056152344,-1,-1,-1,-1
140,7,540.059814453125,63.517547607421875,20.80755615234375,48.660362243652344,-1,-1,-1,-1
141,7,539.6449584960938,60.421512603759766,21.4847412109375,51.59622573852539,-1,-1,-1,-1
142,7,539.398193359375,60.702117919921875,21.0958251953125,51.30555725097656,-1,-1,-1,-1
143,7,537.50439453125,58.75271224975586,21.63079833984375,54.0525016784668,-1,-1,-1,-1
144,7,537.4326782226562,55.99956512451172,22.11083984375,57.345001220703125,-1,-1,-1,-1
145,7,536.700927734375,59.682456970214844,21.68951416015625,54.101890563964844,-1,-1,-1,-1
146,7,535.6129760742188,61.22456741333008,22.39678955078125,52.79011917114258,-1,-1,-1,-1
147,7,534.5634155273438,63.232791900634766,22.29248046875,50.92563247680664,-1,-1,-1,-1
148,7,533.867431640625,62.82410430908203,22.65277099609375,51.4918212890625,-1,-1,-1,-1
149,7,532.2108764648438,60.2733039855957,23.29443359375,54.0812873840332,-1,-1,-1,-1
150,7,531.9198608398438,60.54802322387695,22.7017822265625,54.047306060791016,-1,-1,-1,-1
151,7,530.13818359375,60.21411895751953,23.14495849609375,54.872772216796875,-1,-1,-1,-1
152,7,529.6640014648438,60.521610260009766,23.3785400390625,54.75566482543945,-1,-1,-1,-1
153,7,528.1666259765625,59.28078842163086,25.37835693359375,56.741886138916016,-1,-1,-1,-1
154,7,527.5390014648438,59.746883392333984,25.802490234375,56.6983757019043,-1,-1,-1,-1
155,7,527.0784912109375,61.8628044128418,25.66265869140625,54.9422721862793,-1,-1,-1,-1
156,7,526.931640625,62.14634704589844,25.42950439453125,54.49877166748047,-1,-1,-1,-1
157,7,526.5647583007812,61.885379791259766,25.3193359375,55.276493072509766,-1,-1,-1,-1
158,7,526.4200439453125,62.505741119384766,24.46746826171875,55.086666107177734,-1,-1,-1,-1
159,7,525.6256713867188,63.35781478881836,24.0869140625,54.73605728149414,-1,-1,-1,-1
160,7,524.9180908203125,63.24777603149414,24.5201416015625,55.11116409301758,-1,-1,-1,-1
161,7,524.5277099609375,63.03733444213867,24.2567138671875,55.647884368896484,-1,-1,-1,-1
162,7,524.7681884765625,62.53535842895508,23.54046630859375,56.3001823425293,-1,-1,-1,-1
163,7,525.1412353515625,62.66044998168945,22.97393798828125,56.20554733276367,-1,-1,-1,-1
164,7,525.0106811523438,62.584495544433594,22.7015380859375,56.45178985595703,-1,-1,-1,-1
165,7,524.9418334960938,63.298587799072266,22.0849609375,56.01078414916992,-1,-1,-1,-1
166,7,524.6474609375,63.71982192993164,21.423828125,55.69514846801758,-1,-1,-1,-1
167,7,524.7271728515625,64.94772720336914,20.1103515625,54.55520248413086,-1,-1,-1,-1
168,7,523.9345092773438,64.90596389770508,20.6011962890625,54.761600494384766,-1,-1,-1,-1
169,7,522.736572265625,65.39684295654297,20.9263916015625,54.27021789550781,-1,-1,-1,-1
170,7,520.83349609375,65.03050231933594,21.921142578125,55.15283966064453,-1,-1,-1,-1
171,7,517.0764770507812,65.06442260742188,24.17169189453125,55.976829528808594,-1,-1,-1,-1
172,7,516.6106567382812,64.90276718139648,24.721435546875,56.27066421508789,-1,-1,-1,-1
173,7,514.9464111328125,65.23301696777344,26.4664306640625,56.09819793701172,-1,-1,-1,-1
174,7,514.2220458984375,65.57086944580078,27.3056640625,55.761077880859375,-1,-1,-1,-1
175,7,513.1717529296875,65.86956787109375,27.6363525390625,54.846649169921875,-1,-1,-1,-1
176,7,512.7523803710938,66.18045806884766,28.32342529296875,55.00707244873047,-1,-1,-1,-1
177,7,512.3939208984375,67.51155853271484,28.55816650390625,55.60704040527344,-1,-1,-1,-1
178,7,512.4779357910156,68.4325942993164,28.074981689453125,55.039825439453125,-1,-1,-1,-1
179,7,512.6128234863281,68.24465942382812,27.170684814453125,55.986228942871094,-1,-1,-1,-1
180,7,512.4574584960938,68.02151489257812,26.62335205078125,56.708778381347656,-1,-1,-1,-1
181,7,511.6484680175781,67.80641174316406,26.491119384765625,57.655540466308594,-1,-1,-1,-1
182,7,511.6422424316406,67.81294250488281,25.775787353515625,57.759437561035156,-1,-1,-1,-1
183,7,511.7777099609375,67.88629150390625,24.421630859375,57.207611083984375,-1,-1,-1,-1
184,7,511.7820129394531,67.88014221191406,23.926239013671875,57.40538024902344,-1,-1,-1,-1
185,7,511.5578918457031,68.09469604492188,23.680755615234375,58.051971435546875,-1,-1,-1,-1
186,7,511.1075134277344,68.4373550415039,23.508636474609375,57.94493865966797,-1,-1,-1,-1
187,7,510.38287353515625,69.19690704345703,23.11822509765625,57.38139343261719,-1,-1,-1,-1
188,7,510.13897705078125,69.36064147949219,22.6068115234375,57.35612487792969,-1,-1,-1,-1
189,7,509.7740783691406,69.42443084716797,22.258575439453125,57.423675537109375,-1,-1,-1,-1
190,7,509.23828125,69.55789184570312,22.2120361328125,57.45648956298828,-1,-1,-1,-1
191,7,507.8666076660156,69.32279205322266,22.618988037109375,58.072654724121094,-1,-1,-1,-1
192,7,506.9145202636719,69.05123138427734,22.928436279296875,59.00126647949219,-1,-1,-1,-1
193,7,506.202880859375,68.84675598144531,23.3699951171875,59.85004425048828,-1,-1,-1,-1
194,7,505.3720397949219,68.82197570800781,24.148162841796875,60.206932067871094,-1,-1,-1,-1
195,7,504.01971435546875,68.33380889892578,25.62255859375,61.01653289794922,-1,-1,-1,-1
196,7,503.25201416015625,68.34786987304688,26.305419921875,60.99833679199219,-1,-1,-1,-1
197,7,502.5163879394531,69.2401351928711,26.761260986328125,59.90068817138672,-1,-1,-1,-1
198,7,502.0460205078125,69.52082824707031,26.8201904296875,59.693336486816406,-1,-1,-1,-1
199,7,500.87725830078125,70.17991638183594,27.271240234375,59.50745391845703,-1,-1,-1,-1
200,7,500.1448669433594,70.5211410522461,27.496002197265625,59.69837188720703,-1,-1,-1,-1
159,8,187.6248321533203,449.1917419433594,36.613433837890625,32.808258056640625,-1,-1,-1,-1
160,8,188.826171875,448.5039367675781,37.62757873535156,33.496063232421875,-1,-1,-1,-1
163,8,198.33070373535156,446.8414306640625,36.60786437988281,35.1585693359375,-1,-1,-1,-1
164,8,199.01756286621094,446.6646423339844,36.528839111328125,35.335357666015625,-1,-1,-1,-1
165,8,201.62705993652344,446.7107238769531,37.03350830078125,35.289276123046875,-1,-1,-1,-1
166,8,202.6740264892578,446.2250061035156,37.3525390625,35.774993896484375,-1,-1,-1,-1
168,8,206.39688110351562,445.4440612792969,37.54789733886719,36.555938720703125,-1,-1,-1,-1
177,8,224.70806884765625,437.8276672363281,37.253143310546875,44.172332763671875,-1,-1,-1,-1
178,8,226.11439514160156,437.33636474609375,37.38014221191406,44.66363525390625,-1,-1,-1,-1
181,8,235.00689697265625,436.8857116699219,36.53839111328125,45.114288330078125,-1,-1,-1,-1
182,8,235.89486694335938,436.4801940917969,36.422271728515625,45.519805908203125,-1,-1,-1,-1
183,8,239.20864868164062,435.1839599609375,36.749298095703125,46.8160400390625,-1,-1,-1,-1
184,8,241.22564697265625,434.82257080078125,36.854278564453125,47.17742919921875,-1,-1,-1,-1
185,8,243.024169921875,434.0116271972656,39.09130859375,47.988372802734375,-1,-1,-1,-1
186,8,244.13084411621094,433.4034729003906,38.55543518066406,48.596527099609375,-1,-1,-1,-1
187,8,245.37757873535156,431.7649230957031,38.87840270996094,50.235076904296875,-1,-1,-1,-1
188,8,246.6657257080078,431.3989562988281,38.88215637207031,50.601043701171875,-1,-1,-1,-1
189,8,248.44410705566406,431.0310363769531,39.01713562011719,50.968963623046875,-1,-1,-1,-1
190,8,250.32579040527344,431.1450500488281,38.27345275878906,50.854949951171875,-1,-1,-1,-1
191,8,252.07821655273438,429.9496154785156,38.204254150390625,52.050384521484375,-1,-1,-1,-1
192,8,253.21115112304688,430.1716613769531,38.1309814453125,51.828338623046875,-1,-1,-1,-1
193,8,254.3463897705078,429.2485656738281,38.91282653808594,52.751434326171875,-1,-1,-1,-1
194,8,255.64097595214844,429.03955078125,38.17601013183594,52.96044921875,-1,-1,-1,-1
195,8,256.6780090332031,426.9385070800781,38.558624267578125,55.061492919921875,-1,-1,-1,-1
196,8,257.52197265625,426.8216857910156,38.708831787109375,55.178314208984375,-1,-1,-1,-1
197,8,259.71343994140625,426.0696105957031,37.74029541015625,55.930389404296875,-1,-1,-1,-1
198,8,260.4080810546875,425.794921875,37.97198486328125,56.205078125,-1,-1,-1,-1
199,8,261.644775390625,425.2172546386719,37.90283203125,56.782745361328125,-1,-1,-1,-1
200,8,262.24176025390625,424.0877685546875,38.166748046875,57.9122314453125,-1,-1,-1,-1
162,9,190.8577423095703,265.89892578125,23.025726318359375,65.21746826171875,-1,-1,-1,-1
163,9,190.60931396484375,265.3638000488281,24.106475830078125,67.69747924804688,-1,-1,-1,-1
168,9,178.22848510742188,258.8536071777344,24.773361206054688,72.72482299804688,-1,-1,-1,-1
169,9,177.5411376953125,273.6368103027344,22.7156982421875,59.046905517578125,-1,-1,-1,-1
170,9,176.04226684570312,269.09991455078125,24.595260620117188,65.62039184570312,-1,-1,-1,-1
171,9,175.45249938964844,269.87835693359375,23.05450439453125,63.8494873046875,-1,-1,-1,-1
172,9,176.10726928710938,269.7932434082031,21.837142944335938,63.719451904296875,-1,-1,-1,-1
173,9,172.9834442138672,271.413330078125,22.90576171875,65.24301147460938,-1,-1,-1,-1
174,9,173.0613555908203,271.72918701171875,22.6148681640625,64.37686157226562,-1,-1,-1,-1
175,9,172.2237548828125,276.1397399902344,20.61822509765625,60.092498779296875,-1,-1,-1,-1
176,9,171.98809814453125,276.5822448730469,20.6812744140625,62.780029296875,-1,-1,-1,-1
177,9,169.6841278076172,275.23822021484375,21.079971313476562,66.35702514648438,-1,-1,-1,-1
181,9,166.06431579589844,273.0373840332031,23.9844970703125,67.56857299804688,-1,-1,-1,-1
186,9,160.6510772705078,277.29705810546875,25.42205810546875,66.56585693359375,-1,-1,-1,-1
187,9,159.54942321777344,277.782470703125,27.038253784179688,67.89501953125,-1,-1,-1,-1
188,9,158.47824096679688,278.156494140625,27.145294189453125,67.822021484375,-1,-1,-1,-1
189,9,157.76596069335938,278.3761291503906,24.81329345703125,68.52694702148438,-1,-1,-1,-1
191,9,155.51597595214844,279.38568115234375,25.1798095703125,70.868896484375,-1,-1,-1,-1
192,9,155.1763916015625,280.1495056152344,24.912399291992188,70.22354125976562,-1,-1,-1,-1
193,9,154.75428771972656,282.5986633300781,23.814865112304688,67.91018676757812,-1,-1,-1,-1
194,9,154.35260009765625,284.3545837402344,23.6878662109375,67.41799926757812,-1,-1,-1,-1
195,9,153.34828186035156,286.3246765136719,24.18719482421875,65.85891723632812,-1,-1,-1,-1
196,9,152.69859313964844,285.5356140136719,24.723175048828125,68.88656616210938,-1,-1,-1,-1
197,9,152.6930389404297,286.06939697265625,24.712997436523438,69.51193237304688,-1,-1,-1,-1
198,9,152.37164306640625,286.4317626953125,24.767791748046875,70.05105590820312,-1,-1,-1,-1
199,9,151.4942169189453,285.9411315917969,24.755157470703125,70.20181274414062,-1,-1,-1,-1
200,9,150.9066619873047,286.12506103515625,24.990524291992188,70.35757446289062,-1,-1,-1,-1
