1,1,418.1368713378906,276.50732421875,33.962066650390625,87.46261596679688,-1,-1,-1,-1
2,1,418.4443359375,276.8607482910156,34.0289306640625,85.88644409179688,-1,-1,-1,-1
3,1,419.0763244628906,276.5209045410156,33.8408203125,83.92642211914062,-1,-1,-1,-1
4,1,419.739990234375,275.9483337402344,33.458953857421875,83.22622680664062,-1,-1,-1,-1
5,1,421.02056884765625,273.52825927734375,32.175323486328125,83.29901123046875,-1,-1,-1,-1
6,1,421.8703918457031,272.70166015625,31.27423095703125,83.6431884765625,-1,-1,-1,-1
7,1,422.7185974121094,271.33026123046875,30.414886474609375,84.77603149414062,-1,-1,-1,-1
8,1,423.2514343261719,270.85565185546875,29.924957275390625,84.993408203125,-1,-1,-1,-1
9,1,423.925537109375,270.4719543457031,29.675994873046875,85.20645141601562,-1,-1,-1,-1
10,1,424.82861328125,270.2690124511719,29.34442138671875,85.1087646484375,-1,-1,-1,-1
11,1,426.0404968261719,269.90966796875,28.870849609375,84.61700439453125,-1,-1,-1,-1
12,1,426.9101257324219,269.32403564453125,28.81634521484375,84.54196166992188,-1,-1,-1,-1
13,1,429.8856506347656,267.53765869140625,29.08331298828125,84.710205078125,-1,-1,-1,-1
14,1,430.56585693359375,266.7763671875,29.27301025390625,84.662353515625,-1,-1,-1,-1
15,1,431.72711181640625,265.1668395996094,30.11669921875,84.9525146484375,-1,-1,-1,-1
16,1,432.5668640136719,264.40191650390625,30.33563232421875,84.83065795898438,-1,-1,-1,-1
17,1,433.31854248046875,263.5384521484375,31.03216552734375,85.0093994140625,-1,-1,-1,-1
18,1,434.02142333984375,263.41119384765625,30.973114013671875,84.84002685546875,-1,-1,-1,-1
19,1,434.9361267089844,263.4085998535156,31.03656005859375,84.65744018554688,-1,-1,-1,-1
20,1,435.6106262207031,263.53131103515625,30.995758056640625,84.2242431640625,-1,-1,-1,-1
21,1,436.3363342285156,263.0943908691406,31.04833984375,84.13681030273438,-1,-1,-1,-1
22,1,436.7240295410156,262.4731140136719,31.648406982421875,84.39337158203125,-1,-1,-1,-1
23,1,437.6235046386719,260.8233337402344,31.59002685546875,83.134521484375,-1,-1,-1,-1
24,1,438.2599182128906,259.7510070800781,31.1326904296875,82.59051513671875,-1,-1,-1,-1
25,1,439.1008605957031,257.32568359375,30.3436279296875,83.60858154296875,-1,-1,-1,-1
26,1,439.5135803222656,256.95758056640625,29.9019775390625,83.88372802734375,-1,-1,-1,-1
27,1,440.3008117675781,256.44232177734375,29.46087646484375,83.83026123046875,-1,-1,-1,-1
28,1,441.0848083496094,256.22071838378906,29.181854248046875,83.49687194824219,-1,-1,-1,-1
29,1,442.19110107421875,256.0640106201172,28.873199462890625,82.96205139160156,-1,-1,-1,-1
30,1,442.9043273925781,255.8541259765625,28.6630859375,82.816650390625,-1,-1,-1,-1
31,1,444.02227783203125,255.00892639160156,28.763702392578125,83.02806091308594,-1,-1,-1,-1
32,1,444.6667175292969,254.29580688476562,28.9151611328125,83.29669189453125,-1,-1,-1,-1
33,1,447.0455017089844,252.30870056152344,29.013885498046875,83.31895446777344,-1,-1,-1,-1
34,1,447.9825439453125,251.46231079101562,28.574951171875,83.30026245117188,-1,-1,-1,-1
35,1,449.9183044433594,249.7306671142578,28.77716064453125,83.50154113769531,-1,-1,-1,-1
36,1,450.5552062988281,249.10267639160156,29.217071533203125,83.61213684082031,-1,-1,-1,-1
37,1,451.3066101074219,248.9048309326172,29.42340087890625,83.43373107910156,-1,-1,-1,-1
38,1,452.0169982910156,248.8584747314453,29.388885498046875,83.56834411621094,-1,-1,-1,-1
39,1,452.984375,248.64718627929688,29.388824462890625,82.64617919921875,-1,-1,-1,-1
40,1,453.8598937988281,248.2979278564453,29.1175537109375,82.59587097167969,-1,-1,-1,-1
41,1,454.6080627441406,247.7908935546875,29.188812255859375,82.48233032226562,-1,-1,-1,-1
42,1,455.2546691894531,247.17160034179688,29.155517578125,81.85940551757812,-1,-1,-1,-1
43,1,456.1655578613281,245.00880432128906,28.889312744140625,82.84635925292969,-1,-1,-1,-1
44,1,456.8961486816406,244.15184020996094,28.339630126953125,82.16554260253906,-1,-1,-1,-1
45,1,457.81048583984375,243.0752410888672,28.46368408203125,82.77989196777344,-1,-1,-1,-1
46,1,458.5720520019531,242.92861938476562,28.42596435546875,82.38394165039062,-1,-1,-1,-1
47,1,459.644287109375,242.96871948242188,28.69873046875,81.83047485351562,-1,-1,-1,-1
48,1,460.46405029296875,242.99803161621094,28.70025634765625,81.77033996582031,-1,-1,-1,-1
49,1,461.8693542480469,242.9219207763672,28.394317626953125,80.50343322753906,-1,-1,-1,-1
50,1,462.5075988769531,242.5746612548828,28.5389404296875,80.44429016113281,-1,-1,-1,-1
51,1,463.9599914550781,241.40133666992188,28.566162109375,80.89605712890625,-1,-1,-1,-1
52,1,464.6588439941406,240.77223205566406,28.77752685546875,80.62391662597656,-1,-1,-1,-1
53,1,467.4382629394531,238.736572265625,28.668853759765625,80.83551025390625,-1,-1,-1,-1
54,1,467.99652099609375,238.1455841064453,28.649810791015625,80.75569152832031,-1,-1,-1,-1
55,1,468.9407043457031,237.2313690185547,29.35107421875,80.93251037597656,-1,-1,-1,-1
56,1,469.6670227050781,237.36349487304688,29.7259521484375,80.4461669921875,-1,-1,-1,-1
57,1,471.2130432128906,237.53211975097656,29.394744873046875,79.61460876464844,-1,-1,-1,-1
58,1,471.9229736328125,237.45692443847656,29.524078369140625,79.31889343261719,-1,-1,-1,-1
59,1,472.95220947265625,236.81625366210938,29.5523681640625,79.23501586914062,-1,-1,-1,-1
60,1,473.66143798828125,235.99317932128906,29.68414306640625,79.13389587402344,-1,-1,-1,-1
61,1,474.3674011230469,234.54428100585938,29.481170654296875,78.4827880859375,-1,-1,-1,-1
62,1,474.88360595703125,233.4541015625,29.13861083984375,78.38937377929688,-1,-1,-1,-1
63,1,475.8820495605469,232.13502502441406,28.222930908203125,78.43333435058594,-1,-1,-1,-1
64,1,476.5058288574219,231.67111206054688,27.7252197265625,78.65753173828125,-1,-1,-1,-1
65,1,477.33380126953125,231.3247528076172,27.264495849609375,78.76423645019531,-1,-1,-1,-1
66,1,478.027587890625,231.14382934570312,26.8724365234375,78.69479370117188,-1,-1,-1,-1
67,1,478.98870849609375,231.02574157714844,26.79913330078125,78.47682189941406,-1,-1,-1,-1
68,1,479.8592834472656,230.91075134277344,26.32421875,78.10191345214844,-1,-1,-1,-1
69,1,480.8821716308594,230.16943359375,26.12457275390625,78.321533203125,-1,-1,-1,-1
70,1,481.7745056152344,229.2752685546875,26.251953125,78.77816772460938,-1,-1,-1,-1
71,1,483.3630065917969,227.27822875976562,27.3189697265625,78.80136108398438,-1,-1,-1,-1
72,1,484.05596923828125,226.8889617919922,27.205780029296875,78.36790466308594,-1,-1,-1,-1
73,1,485.31939697265625,225.6569061279297,27.1507568359375,78.19709777832031,-1,-1,-1,-1
74,1,486.2262878417969,225.0619659423828,27.210662841796875,78.53465270996094,-1,-1,-1,-1
75,1,487.9333801269531,224.8284454345703,28.853546142578125,79.13075256347656,-1,-1,-1,-1
76,1,488.60186767578125,224.78514099121094,29.01885986328125,78.38157653808594,-1,-1,-1,-1
77,1,489.3119812011719,224.7790985107422,29.637054443359375,77.62681579589844,-1,-1,-1,-1
78,1,489.9968566894531,224.7462158203125,29.655853271484375,77.23602294921875,-1,-1,-1,-1
79,1,490.877685546875,224.42750549316406,29.5218505859375,76.07646179199219,-1,-1,-1,-1
80,1,491.5566101074219,224.0776824951172,29.190887451171875,75.06028747558594,-1,-1,-1,-1
81,1,492.7738342285156,222.41558837890625,28.615570068359375,74.30722045898438,-1,-1,-1,-1
82,1,493.470458984375,221.40097045898438,28.29766845703125,74.34954833984375,-1,-1,-1,-1
83,1,494.2137756347656,220.1983184814453,27.845184326171875,75.80860900878906,-1,-1,-1,-1
84,1,494.8122253417969,219.7844696044922,27.398895263671875,75.85105895996094,-1,-1,-1,-1
85,1,495.6988220214844,219.54429626464844,27.145782470703125,75.76438903808594,-1,-1,-1,-1
86,1,496.3392639160156,219.71585083007812,27.264739990234375,75.30642700195312,-1,-1,-1,-1
87,1,497.4120788574219,219.87046813964844,26.964385986328125,74.51640319824219,-1,-1,-1,-1
88,1,498.0490417480469,219.7810516357422,27.283782958984375,74.48414611816406,-1,-1,-1,-1
89,1,500.0943298339844,218.9368133544922,26.724212646484375,74.78330993652344,-1,-1,-1,-1
90,1,501.1416931152344,218.54161071777344,26.385101318359375,73.82383728027344,-1,-1,-1,-1
91,1,503.3218078613281,217.0858154296875,26.610992431640625,74.197265625,-1,-1,-1,-1
92,1,504.1793518066406,216.67990112304688,26.714569091796875,74.18539428710938,-1,-1,-1,-1
93,1,505.9573974609375,215.20054626464844,27.12908935546875,74.77439880371094,-1,-1,-1,-1
94,1,506.4047546386719,215.02890014648438,27.488006591796875,74.93655395507812,-1,-1,-1,-1
95,1,508.0182189941406,215.2279510498047,29.766448974609375,74.11695861816406,-1,-1,-1,-1
96,1,508.62158203125,215.32020568847656,30.10687255859375,74.01506042480469,-1,-1,-1,-1
97,1,510.1127014160156,215.24066162109375,30.440277099609375,73.1029052734375,-1,-1,-1,-1
98,1,510.78216552734375,214.9131317138672,30.48297119140625,72.53709411621094,-1,-1,-1,-1
99,1,511.6276550292969,214.22763061523438,30.440399169921875,72.2960205078125,-1,-1,-1,-1
100,1,512.5804443359375,213.3939971923828,29.68896484375,70.81181335449219,-1,-1,-1,-1
101,1,513.8643798828125,211.5917205810547,28.0982666015625,71.19419860839844,-1,-1,-1,-1
102,1,514.4766235351562,210.62203979492188,27.55023193359375,72.62088012695312,-1,-1,-1,-1
103,1,515.1712036132812,209.6732940673828,27.0474853515625,73.38423156738281,-1,-1,-1,-1
104,1,515.7877197265625,209.5375518798828,26.7265625,73.46202087402344,-1,-1,-1,-1
105,1,517.5054931640625,209.5626678466797,26.14483642578125,72.94160461425781,-1,-1,-1,-1
106,1,518.2352294921875,209.5767364501953,26.2469482421875,72.67369079589844,-1,-1,-1,-1
107,1,519.6051635742188,209.44757080078125,25.64312744140625,71.79183959960938,-1,-1,-1,-1
108,1,520.1982421875,209.05250549316406,25.85125732421875,71.87779235839844,-1,-1,-1,-1
109,1,522.0507202148438,207.9854736328125,26.16375732421875,72.0654296875,-1,-1,-1,-1
110,1,522.9412231445312,207.42127990722656,25.9892578125,72.17521667480469,-1,-1,-1,-1
111,1,525.3322143554688,204.98377990722656,25.53900146484375,73.61076354980469,-1,-1,-1,-1
112,1,526.03369140625,204.8145294189453,25.3857421875,73.09150695800781,-1,-1,-1,-1
113,1,527.5291137695312,204.3506317138672,26.38909912109375,73.28681945800781,-1,-1,-1,-1
114,1,528.3717651367188,204.564697265625,26.07330322265625,72.70172119140625,-1,-1,-1,-1
115,1,530.3775634765625,204.8572235107422,27.004638671875,71.60005187988281,-1,-1,-1,-1
116,1,531.1392211914062,205.10577392578125,26.77386474609375,70.58413696289062,-1,-1,-1,-1
117,1,532.3445434570312,204.7910614013672,25.04852294921875,69.55393981933594,-1,-1,-1,-1
118,1,532.80810546875,203.99171447753906,24.56048583984375,69.50431823730469,-1,-1,-1,-1
119,1,534.0050659179688,202.51780700683594,24.72161865234375,70.03947448730469,-1,-1,-1,-1
120,1,534.7611083984375,201.0447540283203,25.4952392578125,71.06523132324219,-1,-1,-1,-1
121,1,535.8136596679688,199.58880615234375,25.59088134765625,72.29766845703125,-1,-1,-1,-1
122,1,536.956298828125,199.4739532470703,25.42999267578125,72.16850280761719,-1,-1,-1,-1
123,1,538.77197265625,199.42332458496094,26.4420166015625,73.19676208496094,-1,-1,-1,-1
124,1,539.5054321289062,199.43914794921875,27.6162109375,73.28829956054688,-1,-1,-1,-1
125,1,540.6011352539062,200.6524200439453,29.3267822265625,72.52433776855469,-1,-1,-1,-1
126,1,541.1929931640625,200.00045776367188,28.49591064453125,71.1075439453125,-1,-1,-1,-1
127,1,544.0213623046875,201.0890350341797,28.91204833984375,75.43824768066406,-1,-1,-1,-1
134,1,549.326171875,195.4409637451172,28.314208984375,72.82926940917969,-1,-1,-1,-1
135,1,551.1702270507812,194.7979278564453,27.92852783203125,71.06559753417969,-1,-1,-1,-1
136,1,552.7794799804688,194.3237762451172,27.66058349609375,69.65190124511719,-1,-1,-1,-1
137,1,554.8649291992188,192.64320373535156,28.383056640625,69.56663513183594,-1,-1,-1,-1
138,1,555.98974609375,191.9820098876953,27.45428466796875,68.87260437011719,-1,-1,-1,-1
139,1,557.8721923828125,190.80262756347656,26.31787109375,68.90415954589844,-1,-1,-1,-1
140,1,558.784423828125,190.12738037109375,26.00054931640625,69.8109130859375,-1,-1,-1,-1
141,1,560.4978637695312,189.48046875,25.25628662109375,70.91595458984375,-1,-1,-1,-1
142,1,561.3133544921875,189.21221923828125,24.8800048828125,71.42562866210938,-1,-1,-1,-1
143,1,563.2760620117188,189.3150634765625,25.81707763671875,70.02783203125,-1,-1,-1,-1
144,1,563.4698486328125,189.2347412109375,26.08447265625,69.99908447265625,-1,-1,-1,-1
145,1,564.0741577148438,188.77188110351562,26.46343994140625,70.09109497070312,-1,-1,-1,-1
146,1,564.9710083007812,188.33599853515625,25.98150634765625,70.45217895507812,-1,-1,-1,-1
147,1,568.1199340820312,187.01605224609375,24.62030029296875,70.38766479492188,-1,-1,-1,-1
148,1,568.76220703125,186.31875610351562,24.53155517578125,70.69573974609375,-1,-1,-1,-1
149,1,570.8848876953125,184.8016815185547,25.91357421875,70.95277404785156,-1,-1,-1,-1
150,1,571.6040649414062,184.40371704101562,25.6646728515625,70.55894470214844,-1,-1,-1,-1
151,1,572.7188110351562,183.6920623779297,25.81634521484375,70.58444213867188,-1,-1,-1,-1
152,1,573.1533203125,183.3610076904297,26.5013427734375,70.97964477539062,-1,-1,-1,-1
153,1,574.8541259765625,183.36575317382812,27.30389404296875,70.89912414550781,-1,-1,-1,-1
154,1,575.5304565429688,183.10162353515625,27.2979736328125,70.85633850097656,-1,-1,-1,-1
155,1,576.5264282226562,182.4909210205078,28.2608642578125,69.96151733398438,-1,-1,-1,-1
156,1,577.3055419921875,182.1976776123047,27.6124267578125,69.09326171875,-1,-1,-1,-1
157,1,578.4885864257812,180.71560668945312,26.98126220703125,68.45762634277344,-1,-1,-1,-1
158,1,579.1406860351562,180.04595947265625,26.51031494140625,68.87814331054688,-1,-1,-1,-1
159,1,580.38427734375,178.94659423828125,25.42266845703125,69.76895141601562,-1,-1,-1,-1
160,1,581.0234985351562,178.41477966308594,25.07940673828125,70.61703491210938,-1,-1,-1,-1
161,1,582.1908569335938,178.27003479003906,24.65533447265625,70.700927734375,-1,-1,-1,-1
162,1,583.0093383789062,178.14425659179688,24.8856201171875,70.95343017578125,-1,-1,-1,-1
163,1,584.3818359375,178.08848571777344,24.77099609375,70.61373901367188,-1,-1,-1,-1
164,1,584.6790161132812,177.97488403320312,24.86181640625,70.29344177246094,-1,-1,-1,-1
165,1,586.653076171875,177.1471405029297,24.3917236328125,70.46603393554688,-1,-1,-1,-1
166,1,587.3294067382812,176.94091796875,24.173583984375,70.06245422363281,-1,-1,-1,-1
167,1,589.6004028320312,175.3256072998047,24.092529296875,70.28883361816406,-1,-1,-1,-1
168,1,590.3944091796875,174.91860961914062,24.17236328125,70.63740539550781,-1,-1,-1,-1
169,1,592.2601928710938,173.2279052734375,24.90399169921875,71.67506408691406,-1,-1,-1,-1
170,1,592.4615478515625,172.7792510986328,25.2681884765625,71.69471740722656,-1,-1,-1,-1
171,1,593.0557861328125,172.98641967773438,25.72711181640625,71.09335327148438,-1,-1,-1,-1
172,1,593.6997680664062,173.04751586914062,25.74591064453125,70.70895385742188,-1,-1,-1,-1
173,1,595.0682373046875,173.30078125,25.9783935546875,69.60134887695312,-1,-1,-1,-1
174,1,595.651611328125,173.03765869140625,26.2672119140625,69.07353210449219,-1,-1,-1,-1
175,1,596.8944091796875,172.34739685058594,26.30865478515625,68.57862854003906,-1,-1,-1,-1
176,1,597.6211547851562,172.057373046875,25.7581787109375,67.9385986328125,-1,-1,-1,-1
177,1,598.6571655273438,171.01736450195312,25.1805419921875,68.53907775878906,-1,-1,-1,-1
178,1,599.2407836914062,170.4140167236328,24.8671875,69.14691162109375,-1,-1,-1,-1
179,1,599.909423828125,170.0825958251953,24.4130859375,69.34693908691406,-1,-1,-1,-1
180,1,600.48583984375,169.9672088623047,24.1483154296875,69.14175415039062,-1,-1,-1,-1
181,1,602.4235229492188,170.15708923339844,25.10919189453125,68.47103881835938,-1,-1,-1,-1
182,1,602.6310424804688,170.3063201904297,25.02734375,67.83145141601562,-1,-1,-1,-1
183,1,603.4909057617188,170.16281127929688,25.28460693359375,66.92021179199219,-1,-1,-1,-1
184,1,604.3155517578125,169.7247314453125,25.2989501953125,67.17823791503906,-1,-1,-1,-1
185,1,607.2982177734375,168.6074676513672,24.200927734375,67.10188293457031,-1,-1,-1,-1
186,1,607.8324584960938,167.83700561523438,24.3780517578125,67.68373107910156,-1,-1,-1,-1
187,1,609.5293579101562,167.06283569335938,24.403076171875,68.01863098144531,-1,-1,-1,-1
188,1,610.0725708007812,166.99974060058594,24.73797607421875,67.8072509765625,-1,-1,-1,-1
189,1,610.9945678710938,166.6230926513672,25.39202880859375,67.93621826171875,-1,-1,-1,-1
190,1,611.5807495117188,167.03265380859375,25.5311279296875,66.78919982910156,-1,-1,-1,-1
191,1,613.6336669921875,167.41526794433594,25.226318359375,65.86569213867188,-1,-1,-1,-1
192,1,614.6174926757812,167.48226928710938,26.28302001953125,65.23141479492188,-1,-1,-1,-1
193,1,615.6951293945312,167.08267211914062,27.67681884765625,64.50068664550781,-1,-1,-1,-1
194,1,616.342529296875,166.86962890625,27.41607666015625,63.52250671386719,-1,-1,-1,-1
195,1,617.3849487304688,165.50311279296875,25.9051513671875,63.16807556152344,-1,-1,-1,-1
196,1,617.9601440429688,164.71359252929688,25.20361328125,63.798187255859375,-1,-1,-1,-1
197,1,618.4590454101562,163.7727508544922,24.10321044921875,65.41537475585938,-1,-1,-1,-1
198,1,618.7194213867188,163.12936401367188,23.87646484375,66.51748657226562,-1,-1,-1,-1
199,1,619.6246948242188,163.24778747558594,23.96759033203125,66.04983520507812,-1,-1,-1,-1
200,1,620.4485473632812,163.4915313720703,24.8529052734375,65.40017700195312,-1,-1,-1,-1
1,2,146.4298095703125,334.388916015625,44.53993225097656,99.51522827148438,-1,-1,-1,-1
2,2,147.37515258789062,334.6375427246094,43.99357604980469,99.0526123046875,-1,-1,-1,-1
3,2,148.88589477539062,334.9175109863281,43.12205505371094,98.19363403320312,-1,-1,-1,-1
4,2,150.1857147216797,334.8629455566406,42.305206298828125,97.77645874023438,-1,-1,-1,-1
5,2,151.6297607421875,333.6533508300781,42.08567810058594,98.6038818359375,-1,-1,-1,-1
6,2,152.29014587402344,331.96026611328125,43.69047546386719,99.775146484375,-1,-1,-1,-1
7,2,154.24168395996094,330.21807861328125,43.64350891113281,98.5498046875,-1,-1,-1,-1
8,2,155.5271759033203,329.40625,43.04669189453125,97.81924438476562,-1,-1,-1,-1
9,2,156.99557495117188,328.4968566894531,42.296295166015625,97.73153686523438,-1,-1,-1,-1
10,2,157.94158935546875,328.25274658203125,41.68186950683594,97.31243896484375,-1,-1,-1,-1
11,2,159.53994750976562,327.3803405761719,41.859588623046875,97.4874267578125,-1,-1,-1,-1
12,2,161.0368194580078,327.2523498535156,42.00819396972656,97.16897583007812,-1,-1,-1,-1
13,2,162.7056121826172,326.65106201171875,44.196990966796875,98.03128051757812,-1,-1,-1,-1
14,2,163.94705200195312,327.023193359375,43.29270935058594,97.18316650390625,-1,-1,-1,-1
15,2,166.5831756591797,326.5973205566406,42.669830322265625,97.21694946289062,-1,-1,-1,-1
16,2,168.00228881835938,326.02716064453125,42.417755126953125,97.50363159179688,-1,-1,-1,-1
17,2,170.2523193359375,325.23126220703125,41.423065185546875,97.38784790039062,-1,-1,-1,-1
18,2,171.95228576660156,324.5096435546875,40.743408203125,97.48965454101562,-1,-1,-1,-1
19,2,178.70602416992188,322.3108215332031,41.82707214355469,96.37237548828125,-1,-1,-1,-1
20,2,180.3057861328125,322.63873291015625,41.607513427734375,95.56137084960938,-1,-1,-1,-1
21,2,182.948974609375,321.54437255859375,43.18385314941406,95.97116088867188,-1,-1,-1,-1
22,2,185.0359649658203,321.5705261230469,42.175445556640625,95.46490478515625,-1,-1,-1,-1
23,2,188.49484252929688,321.8528747558594,41.62825012207031,95.43914794921875,-1,-1,-1,-1
24,2,189.8796844482422,321.79083251953125,40.55964660644531,95.18344116210938,-1,-1,-1,-1
25,2,191.34542846679688,320.83148193359375,40.557342529296875,95.4901123046875,-1,-1,-1,-1
26,2,192.1669158935547,320.0112609863281,40.360687255859375,96.44168090820312,-1,-1,-1,-1
27,2,193.64393615722656,318.3798828125,40.681365966796875,97.5020751953125,-1,-1,-1,-1
28,2,195.01968383789062,317.62261962890625,39.99018859863281,97.86456298828125,-1,-1,-1,-1
29,2,196.59071350097656,316.1393127441406,39.64894104003906,95.68670654296875,-1,-1,-1,-1
30,2,197.6392364501953,315.1199645996094,39.51994323730469,95.787353515625,-1,-1,-1,-1
31,2,198.58619689941406,314.0055847167969,39.385009765625,95.72647094726562,-1,-1,-1,-1
32,2,199.28204345703125,313.4324951171875,39.57958984375,95.678955078125,-1,-1,-1,-1
33,2,199.9094696044922,313.0583190917969,41.52531433105469,95.75665283203125,-1,-1,-1,-1
34,2,200.6542510986328,313.2321472167969,42.34649658203125,94.80984497070312,-1,-1,-1,-1
35,2,202.63877868652344,313.48016357421875,41.590301513671875,93.45669555664062,-1,-1,-1,-1
36,2,204.1676483154297,312.87939453125,41.183197021484375,93.46560668945312,-1,-1,-1,-1
37,2,206.24642944335938,311.772705078125,41.683685302734375,93.47183227539062,-1,-1,-1,-1
38,2,207.8074951171875,311.4814147949219,40.823455810546875,93.01568603515625,-1,-1,-1,-1
39,2,211.57766723632812,310.75250244140625,39.52308654785156,91.85232543945312,-1,-1,-1,-1
40,2,213.59632873535156,309.6028137207031,40.10243225097656,92.5028076171875,-1,-1,-1,-1
41,2,219.5701141357422,307.9957275390625,40.18174743652344,92.84359741210938,-1,-1,-1,-1
42,2,220.81497192382812,307.0335693359375,39.71929931640625,93.71331787109375,-1,-1,-1,-1
43,2,223.15647888183594,306.3501281738281,39.23103332519531,94.07928466796875,-1,-1,-1,-1
44,2,224.7584228515625,306.18316650390625,38.3106689453125,93.68112182617188,-1,-1,-1,-1
45,2,226.85166931152344,306.2430114746094,38.17338562011719,93.12725830078125,-1,-1,-1,-1
46,2,227.97645568847656,305.7194519042969,37.73014831542969,93.39907836914062,-1,-1,-1,-1
47,2,229.199462890625,304.8763122558594,38.1181640625,94.27313232421875,-1,-1,-1,-1
48,2,230.09237670898438,303.9927673339844,38.415252685546875,94.99371337890625,-1,-1,-1,-1
49,2,231.28883361816406,303.1145324707031,38.40788269042969,94.58731079101562,-1,-1,-1,-1
50,2,232.23277282714844,302.1832275390625,38.12678527832031,94.29824829101562,-1,-1,-1,-1
51,2,233.2009735107422,300.21722412109375,37.94511413574219,93.388671875,-1,-1,-1,-1
52,2,233.9871826171875,300.0033264160156,37.8240966796875,92.599853515625,-1,-1,-1,-1
53,2,235.3258819580078,299.3605041503906,38.28791809082031,92.25997924804688,-1,-1,-1,-1
54,2,235.94834899902344,298.90155029296875,38.59809875488281,92.47372436523438,-1,-1,-1,-1
55,2,237.1182403564453,298.5924377441406,40.36631774902344,92.78988647460938,-1,-1,-1,-1
56,2,238.0692901611328,298.6300354003906,40.73808288574219,92.35784912109375,-1,-1,-1,-1
57,2,239.59774780273438,298.6379089355469,40.2769775390625,92.02407836914062,-1,-1,-1,-1
58,2,241.1065216064453,298.3382568359375,39.81098937988281,91.97549438476562,-1,-1,-1,-1
59,2,243.30892944335938,296.95159912109375,39.898590087890625,92.36141967773438,-1,-1,-1,-1
60,2,244.4813690185547,296.0195007324219,39.51316833496094,92.34271240234375,-1,-1,-1,-1
61,2,247.54689025878906,294.65081787109375,38.16276550292969,91.22128295898438,-1,-1,-1,-1
62,2,249.93295288085938,294.0497741699219,37.318084716796875,90.84625244140625,-1,-1,-1,-1
63,2,254.1170196533203,293.036865234375,38.94383239746094,90.6832275390625,-1,-1,-1,-1
64,2,255.92933654785156,292.01226806640625,39.63386535644531,92.12860107421875,-1,-1,-1,-1
65,2,257.42083740234375,291.2031555175781,40.268768310546875,92.51235961914062,-1,-1,-1,-1
66,2,258.6209411621094,291.3876647949219,40.12713623046875,91.814453125,-1,-1,-1,-1
67,2,259.7542724609375,291.68310546875,39.737335205078125,91.0177001953125,-1,-1,-1,-1
68,2,260.7489318847656,291.328125,38.986480712890625,91.03033447265625,-1,-1,-1,-1
69,2,262.1073303222656,290.41876220703125,38.1409912109375,91.19488525390625,-1,-1,-1,-1
70,2,263.5199890136719,290.1275939941406,37.7462158203125,90.91436767578125,-1,-1,-1,-1
71,2,265.1843566894531,288.4945373535156,37.02392578125,90.93692016601562,-1,-1,-1,-1
72,2,266.531005859375,287.1647033691406,36.3060302734375,91.3358154296875,-1,-1,-1,-1
73,2,267.9837951660156,285.92144775390625,35.962432861328125,91.64938354492188,-1,-1,-1,-1
74,2,268.9090576171875,285.1310729980469,35.59503173828125,91.53518676757812,-1,-1,-1,-1
75,2,269.5799560546875,284.065673828125,36.3570556640625,92.005615234375,-1,-1,-1,-1
76,2,270.1515197753906,283.85614013671875,36.644561767578125,91.74978637695312,-1,-1,-1,-1
77,2,270.559326171875,283.5755310058594,38.231201171875,92.18594360351562,-1,-1,-1,-1
78,2,271.0997619628906,284.1334228515625,38.277008056640625,91.38186645507812,-1,-1,-1,-1
79,2,272.52020263671875,283.5492858886719,38.95831298828125,91.38534545898438,-1,-1,-1,-1
80,2,274.097412109375,283.2347106933594,38.71148681640625,90.967041015625,-1,-1,-1,-1
81,2,276.54205322265625,282.1803894042969,38.80352783203125,90.844482421875,-1,-1,-1,-1
82,2,277.7798767089844,281.8306579589844,38.631988525390625,90.09063720703125,-1,-1,-1,-1
83,2,282.5703430175781,281.30810546875,36.661163330078125,87.44110107421875,-1,-1,-1,-1
84,2,283.6957702636719,280.33203125,36.686798095703125,88.05661010742188,-1,-1,-1,-1
85,2,286.283447265625,279.4015197753906,36.22186279296875,88.21685791015625,-1,-1,-1,-1
86,2,286.8500671386719,278.63623046875,38.30670166015625,88.99676513671875,-1,-1,-1,-1
87,2,288.0283203125,278.2691955566406,38.7618408203125,88.83294677734375,-1,-1,-1,-1
88,2,289.1250305175781,278.3770446777344,37.93121337890625,88.15130615234375,-1,-1,-1,-1
89,2,290.0397644042969,277.8669738769531,37.879119873046875,88.43536376953125,-1,-1,-1,-1
90,2,290.67578125,277.2487487792969,38.233642578125,89.15151977539062,-1,-1,-1,-1
91,2,292.119140625,276.4446105957031,38.4036865234375,89.62942504882812,-1,-1,-1,-1
92,2,293.6455383300781,275.5089111328125,38.07330322265625,89.821533203125,-1,-1,-1,-1
93,2,295.5920715332031,274.4383239746094,37.795989990234375,88.60040283203125,-1,-1,-1,-1
94,2,296.40753173828125,273.8871154785156,37.965576171875,87.65292358398438,-1,-1,-1,-1
95,2,297.7614440917969,272.76129150390625,37.56842041015625,88.25772094726562,-1,-1,-1,-1
96,2,298.9261169433594,272.14459228515625,36.8115234375,88.22412109375,-1,-1,-1,-1
97,2,300.030517578125,271.6083984375,36.159088134765625,87.71807861328125,-1,-1,-1,-1
98,2,300.51458740234375,271.5937805175781,36.295928955078125,87.27798461914062,-1,-1,-1,-1
99,2,300.8899230957031,271.48193359375,37.735931396484375,87.51361083984375,-1,-1,-1,-1
100,2,301.705810546875,271.7543029785156,37.726409912109375,86.84848022460938,-1,-1,-1,-1
101,2,303.9375305175781,271.4071960449219,37.588775634765625,87.01718139648438,-1,-1,-1,-1
102,2,305.2052307128906,271.1220397949219,37.081573486328125,86.87930297851562,-1,-1,-1,-1
103,2,306.8897399902344,269.9693603515625,36.954010009765625,87.19879150390625,-1,-1,-1,-1
104,2,308.2657165527344,269.63262939453125,36.056640625,86.51763916015625,-1,-1,-1,-1
105,2,313.553466796875,267.8650817871094,35.628387451171875,85.46429443359375,-1,-1,-1,-1
106,2,315.9741516113281,266.5096740722656,36.144989013671875,87.20166015625,-1,-1,-1,-1
107,2,317.01190185546875,265.4498291015625,37.310760498046875,87.34014892578125,-1,-1,-1,-1
108,2,317.92315673828125,265.4075622558594,37.860748291015625,86.23773193359375,-1,-1,-1,-1
109,2,319.0361328125,265.1799621582031,37.58636474609375,86.24102783203125,-1,-1,-1,-1
110,2,320.1785888671875,265.05364990234375,36.8004150390625,85.95193481445312,-1,-1,-1,-1
111,2,321.74224853515625,264.8723449707031,35.587738037109375,85.84878540039062,-1,-1,-1,-1
112,2,322.46533203125,264.5246276855469,35.39093017578125,86.30978393554688,-1,-1,-1,-1
113,2,323.50274658203125,263.2143249511719,35.629638671875,87.56344604492188,-1,-1,-1,-1
114,2,324.64990234375,262.5822448730469,35.3134765625,87.83425903320312,-1,-1,-1,-1
115,2,325.8186340332031,261.84478759765625,35.37982177734375,86.47354125976562,-1,-1,-1,-1
116,2,326.5841979980469,260.96685791015625,35.195159912109375,86.47012329101562,-1,-1,-1,-1
117,2,327.2947998046875,259.5631408691406,35.1781005859375,87.00436401367188,-1,-1,-1,-1
118,2,327.752685546875,258.713134765625,35.031463623046875,87.1595458984375,-1,-1,-1,-1
119,2,328.3936462402344,258.3975830078125,35.4384765625,86.54116821289062,-1,-1,-1,-1
120,2,328.98284912109375,258.4583740234375,35.487030029296875,86.05862426757812,-1,-1,-1,-1
121,2,330.03887939453125,258.2792053222656,36.03680419921875,86.08819580078125,-1,-1,-1,-1
122,2,330.8245849609375,257.9615173339844,35.96612548828125,86.09954833984375,-1,-1,-1,-1
123,2,332.9263916015625,257.53228759765625,35.7032470703125,86.04058837890625,-1,-1,-1,-1
124,2,334.4830322265625,256.9556427001953,35.04364013671875,85.66938781738281,-1,-1,-1,-1
125,2,336.78466796875,256.2140655517578,34.870849609375,85.42839050292969,-1,-1,-1,-1
126,2,338.349365234375,255.9814453125,34.655364990234375,84.6309814453125,-1,-1,-1,-1
127,2,341.5131530761719,255.22303771972656,34.729644775390625,84.08741760253906,-1,-1,-1,-1
128,2,343.3769226074219,254.7703857421875,35.121551513671875,84.17437744140625,-1,-1,-1,-1
129,2,345.30450439453125,253.6820831298828,36.9033203125,84.97956848144531,-1,-1,-1,-1
130,2,346.1560974121094,253.38233947753906,37.5419921875,84.87498474121094,-1,-1,-1,-1
131,2,347.38763427734375,253.6175079345703,36.80010986328125,84.40574645996094,-1,-1,-1,-1
132,2,348.544921875,253.86561584472656,35.732177734375,84.11637878417969,-1,-1,-1,-1
133,2,349.9690856933594,253.45213317871094,34.816436767578125,84.16770935058594,-1,-1,-1,-1
134,2,351.0252380371094,252.94395446777344,34.392791748046875,84.64268493652344,-1,-1,-1,-1
135,2,353.4332580566406,250.92213439941406,34.074188232421875,86.20457458496094,-1,-1,-1,-1
136,2,354.82208251953125,249.89175415039062,33.401458740234375,86.53036499023438,-1,-1,-1,-1
137,2,355.65032958984375,247.50714111328125,33.730682373046875,86.8079833984375,-1,-1,-1,-1
138,2,355.7721252441406,247.4101104736328,34.01055908203125,85.44413757324219,-1,-1,-1,-1
139,2,356.41558837890625,246.73373413085938,33.448638916015625,85.59014892578125,-1,-1,-1,-1
140,2,357.0504150390625,246.4788055419922,33.05615234375,85.25666809082031,-1,-1,-1,-1
141,2,357.71759033203125,246.28884887695312,34.035247802734375,85.24508666992188,-1,-1,-1,-1
142,2,358.65582275390625,246.0545654296875,34.98834228515625,85.34686279296875,-1,-1,-1,-1
143,2,359.861083984375,246.1253204345703,35.430877685546875,84.54447937011719,-1,-1,-1,-1
144,2,360.9913330078125,246.09535217285156,35.097259521484375,84.03996276855469,-1,-1,-1,-1
145,2,362.4049377441406,245.5420684814453,35.48309326171875,84.19264221191406,-1,-1,-1,-1
146,2,363.1045227050781,245.190673828125,35.7347412109375,84.10968017578125,-1,-1,-1,-1
147,2,364.80889892578125,244.39549255371094,35.063995361328125,83.78324890136719,-1,-1,-1,-1
148,2,366.27679443359375,243.73023986816406,34.610687255859375,83.45350646972656,-1,-1,-1,-1
149,2,370.3468933105469,243.08078002929688,33.743072509765625,82.77078247070312,-1,-1,-1,-1
150,2,372.3976745605469,242.4840545654297,34.44818115234375,83.22050476074219,-1,-1,-1,-1
151,2,375.09375,241.28411865234375,37.557525634765625,83.99313354492188,-1,-1,-1,-1
152,2,375.6696472167969,240.9473419189453,37.36358642578125,83.80513000488281,-1,-1,-1,-1
153,2,376.7708740234375,240.86813354492188,36.906707763671875,83.181884765625,-1,-1,-1,-1
154,2,378.0618896484375,241.00685119628906,35.7977294921875,82.60856628417969,-1,-1,-1,-1
155,2,379.1286926269531,240.8070526123047,35.518829345703125,82.52592468261719,-1,-1,-1,-1
156,2,379.83734130859375,240.34689331054688,35.275238037109375,83.07485961914062,-1,-1,-1,-1
157,2,380.9897155761719,239.54432678222656,34.83416748046875,83.62010192871094,-1,-1,-1,-1
158,2,382.00469970703125,238.4786834716797,34.29217529296875,84.04737854003906,-1,-1,-1,-1
159,2,382.775390625,237.3318328857422,34.16510009765625,83.16438293457031,-1,-1,-1,-1
160,2,382.9539489746094,236.9738006591797,34.4766845703125,82.67070007324219,-1,-1,-1,-1
161,2,383.7698059082031,236.5037384033203,34.213653564453125,82.58967590332031,-1,-1,-1,-1
162,2,384.56658935546875,236.22512817382812,33.842041015625,82.38626098632812,-1,-1,-1,-1
163,2,385.9088134765625,236.04151916503906,33.803558349609375,82.15150451660156,-1,-1,-1,-1
164,2,386.50616455078125,235.8938446044922,34.08380126953125,82.19929504394531,-1,-1,-1,-1
165,2,387.4617919921875,235.9294891357422,34.69793701171875,82.10682678222656,-1,-1,-1,-1
166,2,388.3760070800781,236.0625762939453,34.392425537109375,81.73649597167969,-1,-1,-1,-1
167,2,391.064208984375,235.0113067626953,34.21380615234375,82.61784362792969,-1,-1,-1,-1
168,2,392.2954406738281,234.7177734375,33.424835205078125,82.37039184570312,-1,-1,-1,-1
169,2,394.40093994140625,233.52740478515625,33.95086669921875,82.01806640625,-1,-1,-1,-1
170,2,395.6986389160156,233.3727264404297,33.312042236328125,81.20204162597656,-1,-1,-1,-1
171,2,399.3167724609375,232.44992065429688,33.037811279296875,80.2587890625,-1,-1,-1,-1
172,2,400.48260498046875,231.10198974609375,33.79010009765625,81.92550659179688,-1,-1,-1,-1
173,2,401.9397277832031,230.18458557128906,34.72222900390625,82.66688537597656,-1,-1,-1,-1
174,2,402.8961181640625,229.7756805419922,34.545654296875,82.76502990722656,-1,-1,-1,-1
175,2,403.9996032714844,229.648681640625,34.1622314453125,82.68115234375,-1,-1,-1,-1
176,2,404.75201416015625,229.7312774658203,34.029296875,82.62763977050781,-1,-1,-1,-1
177,2,405.8379821777344,229.42674255371094,34.437744140625,82.75730895996094,-1,-1,-1,-1
178,2,406.9323425292969,228.79522705078125,33.43048095703125,82.94668579101562,-1,-1,-1,-1
179,2,408.0578918457031,227.87176513671875,32.721435546875,83.28256225585938,-1,-1,-1,-1
180,2,408.7364807128906,227.26942443847656,32.570037841796875,82.87873840332031,-1,-1,-1,-1
181,2,409.6706237792969,226.22708129882812,32.14849853515625,81.54061889648438,-1,-1,-1,-1
182,2,410.3125305175781,225.554443359375,32.104248046875,82.00308227539062,-1,-1,-1,-1
183,2,411.06768798828125,224.8677215576172,31.936553955078125,82.14671325683594,-1,-1,-1,-1
184,2,412.0516662597656,224.44447326660156,31.4449462890625,81.82615661621094,-1,-1,-1,-1
185,2,413.4637145996094,224.1108856201172,31.21710205078125,81.72517395019531,-1,-1,-1,-1
186,2,414.3916320800781,223.9560546875,31.1065673828125,81.4100341796875,-1,-1,-1,-1
187,2,415.2596740722656,224.298095703125,31.601593017578125,80.6446533203125,-1,-1,-1,-1
188,2,416.1383972167969,224.50857543945312,30.980712890625,79.83273315429688,-1,-1,-1,-1
189,2,416.9485168457031,224.13258361816406,31.0966796875,79.75318908691406,-1,-1,-1,-1
190,2,417.5914611816406,223.74327087402344,31.6112060546875,79.75733947753906,-1,-1,-1,-1
191,2,420.05908203125,222.73985290527344,31.813873291015625,79.02650451660156,-1,-1,-1,-1
192,2,421.00103759765625,221.81846618652344,31.537750244140625,79.68815612792969,-1,-1,-1,-1
193,2,422.416015625,219.78060913085938,32.990936279296875,81.03753662109375,-1,-1,-1,-1
194,2,423.10894775390625,219.62054443359375,33.43560791015625,80.6878662109375,-1,-1,-1,-1
195,2,424.38494873046875,219.27749633789062,34.257720947265625,80.0633544921875,-1,-1,-1,-1
196,2,425.1457824707031,219.0607147216797,34.584259033203125,80.15901184082031,-1,-1,-1,-1
197,2,426.7024841308594,219.05763244628906,33.7972412109375,79.68516540527344,-1,-1,-1,-1
198,2,427.66015625,219.2810516357422,33.15411376953125,79.27131652832031,-1,-1,-1,-1
199,2,428.966796875,218.76547241210938,32.349700927734375,79.58328247070312,-1,-1,-1,-1
200,2,429.646728515625,218.04931640625,31.929443359375,80.27517700195312,-1,-1,-1,-1
1,3,118.67930603027344,298.041259765625,30.07879638671875,88.43402099609375,-1,-1,-1,-1
2,3,116.59675598144531,298.32855224609375,31.110122680664062,88.38809204101562,-1,-1,-1,-1
3,3,112.51826477050781,297.6382751464844,33.86634826660156,91.54513549804688,-1,-1,-1,-1
4,3,112.45494842529297,297.6388854980469,33.061058044433594,92.19619750976562,-1,-1,-1,-1
5,3,112.60401153564453,297.7333068847656,32.169212341308594,92.0035400390625,-1,-1,-1,-1
6,3,112.1473159790039,297.7115173339844,32.148460388183594,92.46060180664062,-1,-1,-1,-1
7,3,110.65856170654297,297.6163330078125,32.157371520996094,92.94100952148438,-1,-1,-1,-1
8,3,109.96662902832031,297.84747314453125,32.0391845703125,93.5721435546875,-1,-1,-1,-1
9,3,109.60501861572266,298.8557434082031,31.66370391845703,93.73141479492188,-1,-1,-1,-1
10,3,109.13518524169922,299.9071960449219,31.16594696044922,93.41290283203125,-1,-1,-1,-1
11,3,107.53759002685547,300.7441711425781,31.815757751464844,93.82583618164062,-1,-1,-1,-1
12,3,105.89482879638672,301.29425048828125,32.88036346435547,94.36959838867188,-1,-1,-1,-1
13,3,105.88524627685547,303.1309814453125,31.58441925048828,93.03875732421875,-1,-1,-1,-1
14,3,105.489013671875,303.2262878417969,32.26673889160156,93.49960327148438,-1,-1,-1,-1
15,3,104.2657241821289,303.9747009277344,32.95360565185547,93.70901489257812,-1,-1,-1,-1
16,3,103.37384796142578,304.09747314453125,33.422691345214844,93.60394287109375,-1,-1,-1,-1
17,3,102.4218978881836,303.60565185546875,32.40764617919922,94.05938720703125,-1,-1,-1,-1
18,3,102.19903564453125,303.60577392578125,32.32960510253906,94.19268798828125,-1,-1,-1,-1
19,3,101.14191436767578,303.5492858886719,32.89025115966797,94.87063598632812,-1,-1,-1,-1
20,3,100.13060760498047,303.7704772949219,32.839683532714844,94.86886596679688,-1,-1,-1,-1
21,3,99.24378967285156,304.2575988769531,32.73475646972656,94.9835205078125,-1,-1,-1,-1
22,3,96.57124328613281,304.2479248046875,33.65260314941406,95.89215087890625,-1,-1,-1,-1
23,3,95.60273742675781,306.0555419921875,32.837242126464844,94.77139282226562,-1,-1,-1,-1
24,3,95.23741149902344,306.80877685546875,32.833709716796875,95.00436401367188,-1,-1,-1,-1
25,3,94.42157745361328,307.8846740722656,32.34968566894531,95.17626953125,-1,-1,-1,-1
26,3,95.05088806152344,308.77716064453125,31.1529541015625,95.00906372070312,-1,-1,-1,-1
27,3,93.4414291381836,308.5876159667969,32.34741973876953,96.52706909179688,-1,-1,-1,-1
28,3,91.8860855102539,308.63287353515625,32.47041320800781,97.02029418945312,-1,-1,-1,-1
29,3,91.22374725341797,309.0753173828125,32.67530822753906,96.98236083984375,-1,-1,-1,-1
30,3,89.35038757324219,308.78533935546875,33.74835968017578,98.497802734375,-1,-1,-1,-1
31,3,88.07078552246094,308.85162353515625,34.441192626953125,98.88348388671875,-1,-1,-1,-1
32,3,87.60435485839844,309.0089111328125,34.54472351074219,98.75164794921875,-1,-1,-1,-1
33,3,87.26510620117188,310.3500061035156,34.75415802001953,98.13577270507812,-1,-1,-1,-1
34,3,85.62905883789062,311.5984802246094,34.90300750732422,97.69097900390625,-1,-1,-1,-1
35,3,82.72593688964844,313.7898254394531,34.520973205566406,97.2303466796875,-1,-1,-1,-1
36,3,82.8108139038086,314.22821044921875,33.37577819824219,97.40335083007812,-1,-1,-1,-1
37,3,83.1455307006836,315.46160888671875,32.865386962890625,96.77853393554688,-1,-1,-1,-1
38,3,83.16023254394531,317.62939453125,31.892478942871094,95.14566040039062,-1,-1,-1,-1
39,3,82.04615783691406,317.4685974121094,33.554779052734375,96.3624267578125,-1,-1,-1,-1
40,3,81.56171417236328,318.1003112792969,33.525352478027344,96.26202392578125,-1,-1,-1,-1
41,3,80.02613830566406,319.1829833984375,33.108734130859375,95.17214965820312,-1,-1,-1,-1
42,3,78.17471313476562,318.9254455566406,34.01215362548828,95.11013793945312,-1,-1,-1,-1
43,3,77.74976348876953,319.6710510253906,33.752532958984375,94.83447265625,-1,-1,-1,-1
44,3,75.61463928222656,319.09429931640625,35.358680725097656,95.77130126953125,-1,-1,-1,-1
45,3,74.45758819580078,319.1109619140625,36.422576904296875,97.24026489257812,-1,-1,-1,-1
46,3,73.6744155883789,319.2370910644531,36.76264190673828,97.821044921875,-1,-1,-1,-1
47,3,71.49852752685547,319.70379638671875,36.548255920410156,97.86572265625,-1,-1,-1,-1
48,3,71.25151824951172,320.4633483886719,36.453155517578125,97.84164428710938,-1,-1,-1,-1
49,3,71.21554565429688,322.11279296875,35.330322265625,97.33648681640625,-1,-1,-1,-1
50,3,71.19782257080078,323.67962646484375,34.56227111816406,96.44570922851562,-1,-1,-1,-1
51,3,70.15328979492188,323.5045471191406,34.852264404296875,98.1556396484375,-1,-1,-1,-1
52,3,69.5023422241211,323.7727355957031,34.71339416503906,98.87045288085938,-1,-1,-1,-1
53,3,67.20124816894531,324.42279052734375,34.40520477294922,99.74777221679688,-1,-1,-1,-1
54,3,65.93251037597656,324.20977783203125,34.84696960449219,100.46609497070312,-1,-1,-1,-1
55,3,64.83707809448242,324.3237609863281,35.127750396728516,101.13446044921875,-1,-1,-1,-1
56,3,63.050052642822266,324.3125,36.058231353759766,101.45144653320312,-1,-1,-1,-1
57,3,61.316444396972656,324.8536071777344,35.60052490234375,101.81561279296875,-1,-1,-1,-1
58,3,59.8100471496582,325.4977722167969,36.23887252807617,102.21133422851562,-1,-1,-1,-1
59,3,59.77286148071289,326.4847717285156,35.16171646118164,102.23843383789062,-1,-1,-1,-1
60,3,58.32870864868164,326.8515319824219,36.44941329956055,103.61187744140625,-1,-1,-1,-1
61,3,58.828147888183594,328.51678466796875,35.20037078857422,102.37362670898438,-1,-1,-1,-1
62,3,58.13380813598633,329.3712158203125,35.78311538696289,101.21435546875,-1,-1,-1,-1
63,3,56.951316833496094,330.32244873046875,36.01084899902344,101.07110595703125,-1,-1,-1,-1
64,3,56.45925521850586,331.0799255371094,36.13325881958008,100.8807373046875,-1,-1,-1,-1
65,3,54.3843879699707,331.42047119140625,37.25310134887695,101.12368774414062,-1,-1,-1,-1
66,3,54.002986907958984,331.59906005859375,37.092288970947266,101.48544311523438,-1,-1,-1,-1
67,3,53.56977462768555,331.76458740234375,36.44631576538086,101.35675048828125,-1,-1,-1,-1
68,3,52.95663833618164,331.5659484863281,36.16592025756836,101.57266235351562,-1,-1,-1,-1
69,3,52.23348617553711,332.5950927734375,35.0352897644043,100.781494140625,-1,-1,-1,-1
70,3,49.48280715942383,333.07781982421875,35.985042572021484,101.17965698242188,-1,-1,-1,-1
71,3,43.7890625,333.281005859375,38.10729217529297,102.02969360351562,-1,-1,-1,-1
72,3,42.83403015136719,333.3856506347656,37.831687927246094,102.28744506835938,-1,-1,-1,-1
73,3,41.52101135253906,335.2174377441406,36.66160583496094,101.0069580078125,-1,-1,-1,-1
74,3,40.580169677734375,336.2185974121094,36.73973083496094,100.25225830078125,-1,-1,-1,-1
75,3,40.21856689453125,338.1234130859375,35.97771453857422,99.1405029296875,-1,-1,-1,-1
76,3,39.22948455810547,338.5684814453125,36.503684997558594,99.73092651367188,-1,-1,-1,-1
77,3,35.72063064575195,338.8573913574219,37.85471725463867,100.01626586914062,-1,-1,-1,-1
78,3,34.918853759765625,338.6061706542969,37.32875061035156,100.660888671875,-1,-1,-1,-1
79,3,34.21559524536133,339.1439514160156,35.297977447509766,100.33743286132812,-1,-1,-1,-1
80,3,33.75990676879883,339.33758544921875,34.72311782836914,100.34951782226562,-1,-1,-1,-1
81,3,32.99884033203125,339.76837158203125,33.937095642089844,99.97073364257812,-1,-1,-1,-1
82,3,31.508583068847656,340.88739013671875,33.85439682006836,100.14230346679688,-1,-1,-1,-1
83,3,28.59454917907715,341.7379150390625,34.48953437805176,102.17242431640625,-1,-1,-1,-1
84,3,27.80719757080078,342.3929138183594,34.50149154663086,102.871826171875,-1,-1,-1,-1
85,3,26.21824836730957,344.13739013671875,34.11491584777832,101.12008666992188,-1,-1,-1,-1
86,3,25.91844940185547,344.83343505859375,33.7461051940918,100.98660278320312,-1,-1,-1,-1
87,3,25.036378860473633,345.5284729003906,33.57204627990723,102.24993896484375,-1,-1,-1,-1
88,3,24.512556076049805,346.105224609375,32.96994972229004,101.670654296875,-1,-1,-1,-1
89,3,20.727128982543945,347.4653625488281,35.61030387878418,100.46664428710938,-1,-1,-1,-1
90,3,19.46432113647461,347.702392578125,36.18412780761719,100.8466796875,-1,-1,-1,-1
91,3,16.410332679748535,347.94757080078125,37.02718257904053,101.62875366210938,-1,-1,-1,-1
92,3,15.989897727966309,347.8035583496094,36.51354694366455,102.14761352539062,-1,-1,-1,-1
93,3,14.634418487548828,347.6219177246094,36.226219177246094,102.19558715820312,-1,-1,-1,-1
94,3,13.498906135559082,347.61846923828125,36.29434108734131,102.45333862304688,-1,-1,-1,-1
95,3,9.946207046508789,348.2098693847656,37.91790580749512,103.14312744140625,-1,-1,-1,-1
96,3,7.091541767120361,349.2955322265625,40.37678861618042,103.17001342773438,-1,-1,-1,-1
97,3,2.7340179681777954,350.8571472167969,41.20090711116791,103.00637817382812,-1,-1,-1,-1
98,3,2.5599557161331177,351.78204345703125,39.958457827568054,102.37884521484375,-1,-1,-1,-1
99,3,1.9075771570205688,353.3510437011719,38.07315480709076,102.080810546875,-1,-1,-1,-1
100,3,1.0,353.906982421875,38.32950973510742,102.010498046875,-1,-1,-1,-1
101,3,1.0,354.5068664550781,37.01048278808594,102.05642700195312,-1,-1,-1,-1
102,3,1.0,354.74365234375,35.48293685913086,102.28619384765625,-1,-1,-1,-1
103,3,1.0,355.11834716796875,32.12407684326172,102.91876220703125,-1,-1,-1,-1
104,3,1.0,354.78997802734375,30.15250587463379,103.51058959960938,-1,-1,-1,-1
105,3,1.0,353.589599609375,29.009017944335938,105.26699829101562,-1,-1,-1,-1
106,3,1.0,355.05169677734375,27.73873519897461,104.98721313476562,-1,-1,-1,-1
107,3,1.0,354.9337158203125,28.081340789794922,107.86343383789062,-1,-1,-1,-1
108,3,1.0,355.8619689941406,26.523298263549805,108.35870361328125,-1,-1,-1,-1
111,3,1.0,361.09014892578125,21.670656204223633,96.90383911132812,-1,-1,-1,-1
1,4,624.6956176757812,160.98724365234375,30.23992919921875,73.00384521484375,-1,-1,-1,-1
2,4,625.113037109375,161.39817810058594,29.9951171875,72.21844482421875,-1,-1,-1,-1
3,4,624.9105224609375,161.5564727783203,29.56195068359375,72.0321044921875,-1,-1,-1,-1
4,4,624.5083618164062,161.84735107421875,30.1519775390625,71.687255859375,-1,-1,-1,-1
5,4,624.061767578125,162.0935821533203,29.35107421875,71.37391662597656,-1,-1,-1,-1
6,4,623.4906005859375,162.08758544921875,29.01422119140625,71.8216552734375,-1,-1,-1,-1
7,4,622.8688354492188,162.17987060546875,28.25079345703125,71.81776428222656,-1,-1,-1,-1
8,4,622.6928100585938,162.09579467773438,28.20819091796875,72.44633483886719,-1,-1,-1,-1
9,4,622.0941162109375,162.59010314941406,27.23565673828125,72.48609924316406,-1,-1,-1,-1
10,4,621.5773315429688,162.66189575195312,27.51531982421875,73.33505249023438,-1,-1,-1,-1
11,4,621.346435546875,163.64157104492188,28.03515625,75.04656982421875,-1,-1,-1,-1
12,4,621.3270263671875,164.06410217285156,27.59027099609375,74.74822998046875,-1,-1,-1,-1
13,4,620.8679809570312,164.32211303710938,27.35198974609375,75.32888793945312,-1,-1,-1,-1
14,4,620.8020629882812,164.78897094726562,26.7708740234375,74.61384582519531,-1,-1,-1,-1
15,4,620.718505859375,165.0493621826172,26.41973876953125,74.93367004394531,-1,-1,-1,-1
16,4,620.5751953125,165.147216796875,26.7587890625,75.57112121582031,-1,-1,-1,-1
17,4,620.2276611328125,165.22372436523438,27.410400390625,75.33940124511719,-1,-1,-1,-1
18,4,620.024658203125,165.29537963867188,28.07666015625,76.5511474609375,-1,-1,-1,-1
19,4,619.939208984375,165.48605346679688,28.0350341796875,75.49690246582031,-1,-1,-1,-1
20,4,619.6177978515625,165.55796813964844,28.01220703125,76.41935729980469,-1,-1,-1,-1
21,4,618.414794921875,166.23655700683594,29.1402587890625,76.23065185546875,-1,-1,-1,-1
22,4,618.1642456054688,167.0703887939453,29.4295654296875,75.19766235351562,-1,-1,-1,-1
23,4,617.2540893554688,168.03793334960938,29.82989501953125,75.00907897949219,-1,-1,-1,-1
24,4,616.6082763671875,168.54391479492188,28.9754638671875,74.4769287109375,-1,-1,-1,-1
25,4,616.1923828125,169.00506591796875,28.8782958984375,74.89495849609375,-1,-1,-1,-1
26,4,615.3764038085938,169.3032684326172,28.15521240234375,74.67530822753906,-1,-1,-1,-1
27,4,614.7711181640625,169.50733947753906,28.3809814453125,74.90194702148438,-1,-1,-1,-1
28,4,614.4483032226562,169.43069458007812,27.80767822265625,74.65629577636719,-1,-1,-1,-1
29,4,613.8028564453125,169.38555908203125,27.81256103515625,74.8197021484375,-1,-1,-1,-1
30,4,613.6140747070312,169.1930389404297,28.10284423828125,75.08399963378906,-1,-1,-1,-1
31,4,613.2041625976562,169.7406463623047,27.86773681640625,74.35136413574219,-1,-1,-1,-1
32,4,612.9727172851562,170.21910095214844,27.9957275390625,74.39596557617188,-1,-1,-1,-1
33,4,612.5626831054688,171.57847595214844,27.71490478515625,75.31907653808594,-1,-1,-1,-1
34,4,612.1383056640625,172.50732421875,27.95733642578125,75.26564025878906,-1,-1,-1,-1
35,4,611.285400390625,173.4203338623047,27.7457275390625,75.2606201171875,-1,-1,-1,-1
36,4,611.047119140625,173.90646362304688,26.81591796875,74.91532897949219,-1,-1,-1,-1
37,4,610.0439453125,173.87594604492188,27.1954345703125,76.44544982910156,-1,-1,-1,-1
38,4,609.5331420898438,173.7648468017578,27.4227294921875,78.1346435546875,-1,-1,-1,-1
39,4,609.7188110351562,174.0145263671875,27.00775146484375,77.02140808105469,-1,-1,-1,-1
40,4,609.4971923828125,174.1182861328125,26.698486328125,75.87065124511719,-1,-1,-1,-1
41,4,609.107177734375,173.85215759277344,26.55877685546875,76.74641418457031,-1,-1,-1,-1
42,4,608.7693481445312,173.9187469482422,26.410400390625,76.84529113769531,-1,-1,-1,-1
43,4,607.8623657226562,174.95233154296875,26.80145263671875,77.74810791015625,-1,-1,-1,-1
44,4,606.9803466796875,175.716552734375,27.338134765625,77.82908630371094,-1,-1,-1,-1
45,4,605.9451904296875,177.06430053710938,28.0035400390625,77.14964294433594,-1,-1,-1,-1
46,4,605.4483642578125,177.7388458251953,27.83148193359375,76.78494262695312,-1,-1,-1,-1
47,4,604.6768798828125,178.259521484375,27.13525390625,77.80863952636719,-1,-1,-1,-1
48,4,604.2645263671875,178.5857391357422,27.04052734375,77.21417236328125,-1,-1,-1,-1
49,4,602.4807739257812,178.59361267089844,27.72064208984375,78.57659912109375,-1,-1,-1,-1
50,4,602.0468139648438,178.82467651367188,27.80889892578125,78.08583068847656,-1,-1,-1,-1
51,4,601.3228149414062,178.8237762451172,27.28631591796875,77.25193786621094,-1,-1,-1,-1
52,4,600.87744140625,178.78533935546875,27.12939453125,76.94541931152344,-1,-1,-1,-1
53,4,600.0831909179688,178.6881103515625,27.28338623046875,77.32081604003906,-1,-1,-1,-1
54,4,600.0657958984375,179.0697021484375,26.618896484375,77.00592041015625,-1,-1,-1,-1
55,4,599.8410034179688,180.13067626953125,26.66021728515625,77.06640625,-1,-1,-1,-1
56,4,599.3584594726562,181.0426025390625,26.9716796875,76.74037170410156,-1,-1,-1,-1
57,4,598.6483154296875,182.0626983642578,27.20062255859375,77.02360534667969,-1,-1,-1,-1
58,4,598.0324096679688,182.28506469726562,27.48541259765625,77.61752319335938,-1,-1,-1,-1
59,4,597.9761352539062,182.82286071777344,26.9874267578125,77.82084655761719,-1,-1,-1,-1
60,4,597.80517578125,183.00497436523438,26.74847412109375,77.91653442382812,-1,-1,-1,-1
61,4,596.5720825195312,183.30938720703125,27.61651611328125,78.89105224609375,-1,-1,-1,-1
62,4,596.179931640625,183.3097381591797,27.56707763671875,78.01527404785156,-1,-1,-1,-1
63,4,595.9520874023438,183.30369567871094,27.35174560546875,78.86399841308594,-1,-1,-1,-1
64,4,595.289794921875,183.21109008789062,27.7249755859375,78.76104736328125,-1,-1,-1,-1
65,4,594.4937133789062,183.7103271484375,28.040771484375,79.5355224609375,-1,-1,-1,-1
66,4,593.9693603515625,184.444091796875,28.1890869140625,79.48745727539062,-1,-1,-1,-1
67,4,592.5073852539062,185.7113037109375,28.42352294921875,79.28042602539062,-1,-1,-1,-1
68,4,592.2277221679688,186.41127014160156,28.2314453125,78.87168884277344,-1,-1,-1,-1
69,4,591.95751953125,186.8771209716797,27.57177734375,79.08177185058594,-1,-1,-1,-1
70,4,591.336181640625,187.47303771972656,27.190185546875,79.19255065917969,-1,-1,-1,-1
71,4,589.8897094726562,187.875,27.424072265625,78.78829956054688,-1,-1,-1,-1
72,4,589.2933349609375,188.1261749267578,27.2479248046875,79.09559631347656,-1,-1,-1,-1
73,4,588.1311645507812,188.3111114501953,27.81793212890625,79.38490295410156,-1,-1,-1,-1
74,4,587.8099975585938,188.22657775878906,27.7227783203125,79.81343078613281,-1,-1,-1,-1
75,4,586.3546142578125,188.1038360595703,28.6041259765625,79.38917541503906,-1,-1,-1,-1
76,4,586.11865234375,188.30181884765625,28.594482421875,79.11477661132812,-1,-1,-1,-1
77,4,585.9349365234375,189.11868286132812,28.62335205078125,80.38876342773438,-1,-1,-1,-1
78,4,585.405029296875,189.8890838623047,28.56878662109375,80.60041809082031,-1,-1,-1,-1
79,4,585.140869140625,191.27874755859375,28.150146484375,80.67691040039062,-1,-1,-1,-1
80,4,584.896728515625,192.02981567382812,27.59033203125,79.51669311523438,-1,-1,-1,-1
81,4,584.1953125,193.04794311523438,27.67431640625,79.81320190429688,-1,-1,-1,-1
82,4,584.09033203125,193.54908752441406,27.2435302734375,79.63648986816406,-1,-1,-1,-1
83,4,583.5486450195312,193.92662048339844,27.45062255859375,79.86735534667969,-1,-1,-1,-1
84,4,582.9425048828125,194.0053253173828,27.41326904296875,79.70896911621094,-1,-1,-1,-1
85,4,582.0108032226562,193.99301147460938,27.73162841796875,80.1888427734375,-1,-1,-1,-1
86,4,581.3519897460938,193.7698516845703,27.85797119140625,81.10487365722656,-1,-1,-1,-1
87,4,580.9484252929688,194.15830993652344,27.4998779296875,80.14958190917969,-1,-1,-1,-1
88,4,580.0772094726562,194.61465454101562,27.71832275390625,80.84567260742188,-1,-1,-1,-1
89,4,578.0065307617188,195.79470825195312,28.7462158203125,81.42611694335938,-1,-1,-1,-1
90,4,577.1925048828125,196.89443969726562,29.11663818359375,80.58724975585938,-1,-1,-1,-1
91,4,576.9893798828125,198.09695434570312,29.0694580078125,79.94793701171875,-1,-1,-1,-1
92,4,576.5738525390625,198.506103515625,29.021240234375,80.1558837890625,-1,-1,-1,-1
93,4,575.9794311523438,199.7061767578125,29.04632568359375,79.59161376953125,-1,-1,-1,-1
94,4,575.3543090820312,200.1160430908203,29.1124267578125,80.12431335449219,-1,-1,-1,-1
95,4,574.3373413085938,200.16770935058594,28.97662353515625,79.81764221191406,-1,-1,-1,-1
96,4,573.6729125976562,200.1392059326172,28.96502685546875,79.99485778808594,-1,-1,-1,-1
97,4,572.5051879882812,199.9836883544922,29.49298095703125,80.72837829589844,-1,-1,-1,-1
98,4,571.9795532226562,199.87939453125,29.45428466796875,80.86495971679688,-1,-1,-1,-1
99,4,571.5983276367188,200.48960876464844,29.294189453125,81.33277893066406,-1,-1,-1,-1
100,4,570.8475952148438,201.26495361328125,28.68084716796875,80.98895263671875,-1,-1,-1,-1
101,4,570.3053588867188,201.96994018554688,28.41131591796875,81.07669067382812,-1,-1,-1,-1
102,4,569.8961791992188,202.569580078125,27.9599609375,80.967529296875,-1,-1,-1,-1
103,4,569.0843505859375,203.33413696289062,27.96185302734375,80.275390625,-1,-1,-1,-1
104,4,568.7689819335938,203.87193298339844,27.55035400390625,79.84782409667969,-1,-1,-1,-1
105,4,567.8391723632812,204.2501220703125,27.77227783203125,80.22134399414062,-1,-1,-1,-1
106,4,567.43701171875,204.30908203125,27.8133544921875,79.90658569335938,-1,-1,-1,-1
107,4,566.4287109375,204.17945861816406,28.2679443359375,80.63203430175781,-1,-1,-1,-1
108,4,565.2123413085938,204.11891174316406,28.462890625,81.22276306152344,-1,-1,-1,-1
109,4,564.6522827148438,204.24227905273438,28.2542724609375,81.20535278320312,-1,-1,-1,-1
110,4,564.069091796875,204.52243041992188,28.19866943359375,81.2294921875,-1,-1,-1,-1
111,4,561.89208984375,205.3871307373047,29.72308349609375,81.70155334472656,-1,-1,-1,-1
112,4,561.791748046875,206.24034118652344,28.88885498046875,80.83882141113281,-1,-1,-1,-1
113,4,561.4557495117188,207.29212951660156,27.6776123046875,81.65144348144531,-1,-1,-1,-1
114,4,561.4634399414062,208.1617889404297,26.6168212890625,80.52708435058594,-1,-1,-1,-1
115,4,559.8728637695312,208.91586303710938,27.09722900390625,81.68167114257812,-1,-1,-1,-1
116,4,559.4586791992188,209.13563537597656,27.16558837890625,81.38063049316406,-1,-1,-1,-1
117,4,557.0977172851562,209.4287872314453,28.80426025390625,82.21235656738281,-1,-1,-1,-1
118,4,556.3610229492188,209.67164611816406,28.9677734375,81.48731994628906,-1,-1,-1,-1
119,4,554.5220947265625,209.8128204345703,29.368408203125,81.95567321777344,-1,-1,-1,-1
120,4,553.7376098632812,209.76905822753906,29.8240966796875,82.39305114746094,-1,-1,-1,-1
121,4,551.4834594726562,210.20864868164062,31.22412109375,84.46914672851562,-1,-1,-1,-1
122,4,551.0064086914062,210.46632385253906,30.92279052734375,85.32041931152344,-1,-1,-1,-1
123,4,549.7164916992188,211.59519958496094,31.64678955078125,86.62693786621094,-1,-1,-1,-1
124,4,549.0020751953125,212.55589294433594,31.4908447265625,85.19126892089844,-1,-1,-1,-1
125,4,545.4915161132812,212.6254425048828,32.80181884765625,85.84532165527344,-1,-1,-1,-1
126,4,545.107177734375,215.369140625,32.82781982421875,82.10433959960938,-1,-1,-1,-1
127,4,543.6094360351562,213.74087524414062,33.03594970703125,83.32443237304688,-1,-1,-1,-1
128,4,544.2708129882812,213.75685119628906,32.35955810546875,83.01631164550781,-1,-1,-1,-1
129,4,543.8709106445312,208.8024139404297,31.4244384765625,87.94129943847656,-1,-1,-1,-1
130,4,543.6949462890625,205.89312744140625,31.4132080078125,91.43246459960938,-1,-1,-1,-1
131,4,542.0133056640625,207.3329620361328,31.576416015625,90.56159973144531,-1,-1,-1,-1
132,4,541.5612182617188,209.22674560546875,31.48828125,88.94683837890625,-1,-1,-1,-1
133,4,539.7257080078125,215.3193817138672,29.13470458984375,85.23097229003906,-1,-1,-1,-1
134,4,538.8556518554688,214.8640899658203,29.7076416015625,86.04209899902344,-1,-1,-1,-1
135,4,536.0780639648438,216.4842987060547,32.08477783203125,85.04557800292969,-1,-1,-1,-1
136,4,535.5433349609375,216.94454956054688,32.14263916015625,85.0797119140625,-1,-1,-1,-1
137,4,535.4783935546875,217.95010375976562,31.3671875,84.38031005859375,-1,-1,-1,-1
138,4,534.6646118164062,218.5665283203125,31.3658447265625,84.5755615234375,-1,-1,-1,-1
139,4,533.4307861328125,218.945068359375,31.0853271484375,84.68063354492188,-1,-1,-1,-1
140,4,532.4068603515625,219.26377868652344,30.73248291015625,84.63951110839844,-1,-1,-1,-1
141,4,530.4344482421875,219.5239715576172,29.13421630859375,84.71638488769531,-1,-1,-1,-1
142,4,529.6526489257812,219.36854553222656,29.14105224609375,85.46131896972656,-1,-1,-1,-1
143,4,529.2110595703125,219.58741760253906,29.21728515625,85.51039123535156,-1,-1,-1,-1
144,4,528.77490234375,219.8915557861328,29.27716064453125,85.70707702636719,-1,-1,-1,-1
145,4,528.0503540039062,220.8699493408203,29.6761474609375,86.71879577636719,-1,-1,-1,-1
146,4,527.5912475585938,221.53358459472656,29.65093994140625,86.55619812011719,-1,-1,-1,-1
147,4,526.3751220703125,222.82057189941406,29.53643798828125,86.00999450683594,-1,-1,-1,-1
148,4,526.1163330078125,223.45571899414062,28.91766357421875,86.02883911132812,-1,-1,-1,-1
149,4,525.9008178710938,224.6785430908203,28.22735595703125,85.92604064941406,-1,-1,-1,-1
150,4,525.0056762695312,225.17196655273438,28.21868896484375,85.58868408203125,-1,-1,-1,-1
151,4,523.4143676757812,225.4086456298828,28.56854248046875,86.11259460449219,-1,-1,-1,-1
152,4,522.657958984375,225.67494201660156,28.47332763671875,85.79322814941406,-1,-1,-1,-1
153,4,521.3713989257812,226.01596069335938,28.49237060546875,85.75039672851562,-1,-1,-1,-1
154,4,520.2833862304688,226.059814453125,28.77490234375,85.98773193359375,-1,-1,-1,-1
155,4,519.0648193359375,226.94984436035156,29.03216552734375,86.34226989746094,-1,-1,-1,-1
156,4,518.103759765625,227.48440551757812,29.279052734375,86.244873046875,-1,-1,-1,-1
157,4,515.77001953125,228.67440795898438,30.3946533203125,86.47213745117188,-1,-1,-1,-1
158,4,515.2700805664062,229.5582275390625,30.32373046875,86.18475341796875,-1,-1,-1,-1
159,4,514.9439086914062,230.4755401611328,29.76202392578125,86.32017517089844,-1,-1,-1,-1
160,4,514.3439331054688,230.99842834472656,29.71832275390625,86.81291198730469,-1,-1,-1,-1
161,4,513.388916015625,231.7943115234375,29.42633056640625,87.49993896484375,-1,-1,-1,-1
162,4,513.03564453125,232.1891632080078,28.808349609375,86.78297424316406,-1,-1,-1,-1
163,4,511.8050231933594,232.4575958251953,28.571929931640625,87.02799987792969,-1,-1,-1,-1
164,4,511.1834411621094,232.40257263183594,28.939422607421875,87.60615539550781,-1,-1,-1,-1
165,4,510.949951171875,232.57704162597656,29.03704833984375,87.74934387207031,-1,-1,-1,-1
166,4,510.6135559082031,233.1147003173828,29.081329345703125,87.49900817871094,-1,-1,-1,-1
167,4,510.05731201171875,234.09378051757812,29.89349365234375,87.44091796875,-1,-1,-1,-1
168,4,509.45263671875,234.8967742919922,30.583984375,87.50712585449219,-1,-1,-1,-1
169,4,508.9850158691406,236.2539520263672,30.532012939453125,87.38505554199219,-1,-1,-1,-1
170,4,508.71038818359375,237.60638427734375,30.19866943359375,85.98223876953125,-1,-1,-1,-1
171,4,507.1812438964844,238.67349243164062,30.552520751953125,86.04574584960938,-1,-1,-1,-1
172,4,506.7812194824219,238.92478942871094,30.351043701171875,85.96318054199219,-1,-1,-1,-1
173,4,505.509521484375,238.8697052001953,30.43231201171875,86.55259704589844,-1,-1,-1,-1
174,4,505.2971496582031,238.89031982421875,29.931549072265625,86.55569458007812,-1,-1,-1,-1
175,4,504.7544250488281,238.72007751464844,29.447784423828125,86.80528259277344,-1,-1,-1,-1
176,4,504.0290832519531,238.67848205566406,29.392913818359375,87.76499938964844,-1,-1,-1,-1
177,4,503.1888427734375,239.0048370361328,28.77569580078125,87.83592224121094,-1,-1,-1,-1
178,4,502.0206298828125,239.26144409179688,28.84796142578125,88.33578491210938,-1,-1,-1,-1
179,4,501.113525390625,240.1147918701172,29.26190185546875,88.39039611816406,-1,-1,-1,-1
180,4,500.5526123046875,241.16070556640625,29.21063232421875,87.83477783203125,-1,-1,-1,-1
181,4,499.88543701171875,242.56072998046875,29.3487548828125,87.97598266601562,-1,-1,-1,-1
182,4,499.6504821777344,243.70147705078125,29.346832275390625,87.24981689453125,-1,-1,-1,-1
183,4,498.2048645019531,244.47216796875,29.854583740234375,87.45486450195312,-1,-1,-1,-1
184,4,497.88751220703125,245.0950164794922,29.702880859375,86.86640930175781,-1,-1,-1,-1
185,4,497.3580627441406,245.17359924316406,29.753143310546875,87.33540344238281,-1,-1,-1,-1
186,4,496.6653137207031,245.04385375976562,30.088531494140625,88.02813720703125,-1,-1,-1,-1
187,4,495.6247253417969,244.8029327392578,30.618927001953125,88.53733825683594,-1,-1,-1,-1
188,4,495.3164367675781,244.90052795410156,30.749969482421875,88.41938781738281,-1,-1,-1,-1
189,4,494.3973388671875,245.54212951660156,31.5648193359375,89.67445373535156,-1,-1,-1,-1
190,4,493.6458740234375,246.3570098876953,31.75701904296875,90.33128356933594,-1,-1,-1,-1
191,4,493.3106689453125,247.7613983154297,31.86456298828125,90.79475402832031,-1,-1,-1,-1
192,4,492.9717712402344,248.64988708496094,31.812408447265625,91.05744934082031,-1,-1,-1,-1
193,4,491.9184265136719,250.44407653808594,32.087249755859375,89.99336242675781,-1,-1,-1,-1
194,4,491.7073669433594,250.99658203125,31.624053955078125,89.64056396484375,-1,-1,-1,-1
195,4,491.2140808105469,251.46372985839844,31.163055419921875,89.66358947753906,-1,-1,-1,-1
196,4,490.8926696777344,251.4606475830078,30.892242431640625,90.00617980957031,-1,-1,-1,-1
197,4,489.5852966308594,251.3718719482422,30.749420166015625,90.46827697753906,-1,-1,-1,-1
198,4,488.5404052734375,250.71405029296875,30.80072021484375,91.46624755859375,-1,-1,-1,-1
199,4,486.83892822265625,250.84133911132812,30.22509765625,91.43765258789062,-1,-1,-1,-1
200,4,486.2961730957031,251.39895629882812,30.014434814453125,91.38418579101562,-1,-1,-1,-1
