1,1,398.6690673828125,353.8875427246094,43.3629150390625,96.7667236328125,-1,-1,-1,-1
2,1,399.5382385253906,354.50579833984375,42.942718505859375,96.11810302734375,-1,-1,-1,-1
3,1,400.6252746582031,355.1558837890625,42.9921875,95.32180786132812,-1,-1,-1,-1
4,1,401.3560485839844,355.28704833984375,43.0657958984375,95.17767333984375,-1,-1,-1,-1
5,1,403.0800476074219,355.2075500488281,43.29229736328125,95.07577514648438,-1,-1,-1,-1
6,1,404.4425964355469,355.3077392578125,43.21246337890625,94.68722534179688,-1,-1,-1,-1
7,1,405.6847229003906,354.35797119140625,44.29168701171875,94.4727783203125,-1,-1,-1,-1
8,1,406.3409729003906,354.18426513671875,44.706390380859375,94.13931274414062,-1,-1,-1,-1
9,1,408.0606384277344,353.58856201171875,46.02593994140625,92.99337768554688,-1,-1,-1,-1
10,1,409.5802917480469,353.7439880371094,45.098236083984375,91.88397216796875,-1,-1,-1,-1
11,1,410.8467712402344,352.1548156738281,45.574554443359375,93.11199951171875,-1,-1,-1,-1
12,1,412.45477294921875,352.1407470703125,44.347076416015625,92.19363403320312,-1,-1,-1,-1
13,1,413.239013671875,351.45758056640625,44.480072021484375,93.02597045898438,-1,-1,-1,-1
14,1,413.7102966308594,351.3991394042969,44.61639404296875,92.99490356445312,-1,-1,-1,-1
15,1,414.4690856933594,350.6078186035156,44.38580322265625,93.54898071289062,-1,-1,-1,-1
16,1,414.9388122558594,350.1671142578125,43.8985595703125,94.24252319335938,-1,-1,-1,-1
17,1,414.9620056152344,348.861328125,44.221160888671875,96.46841430664062,-1,-1,-1,-1
18,1,415.1717834472656,347.8214111328125,43.953521728515625,97.71536254882812,-1,-1,-1,-1
19,1,415.4944152832031,346.3163146972656,43.880584716796875,99.1328125,-1,-1,-1,-1
20,1,415.4732971191406,344.8205871582031,43.962188720703125,101.0018310546875,-1,-1,-1,-1
21,1,415.2859191894531,342.1338806152344,44.08038330078125,103.3294677734375,-1,-1,-1,-1
22,1,415.38775634765625,341.43499755859375,43.661834716796875,102.84817504882812,-1,-1,-1,-1
23,1,416.0856018066406,339.68975830078125,43.162109375,103.36373901367188,-1,-1,-1,-1
24,1,416.3591613769531,338.7434387207031,43.238189697265625,104.42242431640625,-1,-1,-1,-1
25,1,416.8476867675781,337.4579162597656,43.60162353515625,107.1392822265625,-1,-1,-1,-1
26,1,417.4436340332031,337.60107421875,43.699676513671875,106.67779541015625,-1,-1,-1,-1
27,1,419.0522766113281,336.4264831542969,42.85089111328125,108.07870483398438,-1,-1,-1,-1
28,1,419.49786376953125,335.7057800292969,42.991790771484375,109.39111328125,-1,-1,-1,-1
29,1,419.9564208984375,335.08935546875,44.28643798828125,110.36770629882812,-1,-1,-1,-1
30,1,420.53082275390625,334.46063232421875,44.362030029296875,109.64175415039062,-1,-1,-1,-1
31,1,421.1602783203125,332.7645263671875,46.2061767578125,109.03955078125,-1,-1,-1,-1
32,1,422.45233154296875,331.56793212890625,45.659637451171875,107.71292114257812,-1,-1,-1,-1
33,1,422.6243591308594,329.3045349121094,46.064453125,109.4566650390625,-1,-1,-1,-1
34,1,422.4192199707031,328.87200927734375,46.094268798828125,108.10818481445312,-1,-1,-1,-1
35,1,422.3829040527344,328.5723876953125,47.733489990234375,107.68722534179688,-1,-1,-1,-1
36,1,423.5244445800781,328.79473876953125,46.64599609375,103.22610473632812,-1,-1,-1,-1
37,1,423.86602783203125,328.01922607421875,47.222625732421875,107.05142211914062,-1,-1,-1,-1
38,1,424.3480529785156,327.65667724609375,46.985198974609375,107.9832763671875,-1,-1,-1,-1
39,1,426.2698669433594,326.6319580078125,45.868377685546875,106.36767578125,-1,-1,-1,-1
40,1,426.9345703125,325.7188720703125,45.838287353515625,106.10769653320312,-1,-1,-1,-1
41,1,427.3623962402344,323.60430908203125,46.860137939453125,107.69869995117188,-1,-1,-1,-1
42,1,430.3311462402344,322.9052734375,44.8892822265625,103.18203735351562,-1,-1,-1,-1
43,1,433.27294921875,320.0524597167969,42.4071044921875,102.648681640625,-1,-1,-1,-1
44,1,434.0376281738281,319.1630554199219,41.693359375,100.89993286132812,-1,-1,-1,-1
45,1,435.4822082519531,317.94305419921875,40.72991943359375,101.27975463867188,-1,-1,-1,-1
46,1,435.01934814453125,318.1041259765625,41.951751708984375,104.09188842773438,-1,-1,-1,-1
47,1,436.85296630859375,317.22503662109375,40.847930908203125,105.700439453125,-1,-1,-1,-1
48,1,436.8974914550781,317.2902526855469,41.12030029296875,106.91275024414062,-1,-1,-1,-1
49,1,436.20037841796875,315.9476013183594,43.076385498046875,109.7388916015625,-1,-1,-1,-1
50,1,435.16656494140625,317.1939697265625,44.84027099609375,106.79232788085938,-1,-1,-1,-1
51,1,432.1439208984375,315.9180908203125,49.32037353515625,110.57501220703125,-1,-1,-1,-1
52,1,436.446533203125,315.57476806640625,45.461090087890625,104.88101196289062,-1,-1,-1,-1
53,1,439.346923828125,314.1071472167969,44.0693359375,102.89431762695312,-1,-1,-1,-1
54,1,443.0961608886719,312.6568298339844,42.485992431640625,100.2757568359375,-1,-1,-1,-1
55,1,444.655517578125,311.55999755859375,40.782806396484375,92.3948974609375,-1,-1,-1,-1
56,1,444.9851989746094,311.5157470703125,40.989715576171875,91.96719360351562,-1,-1,-1,-1
57,1,432.9910888671875,311.267578125,55.040802001953125,118.64373779296875,-1,-1,-1,-1
58,1,433.6083679199219,310.428955078125,55.503753662109375,114.37591552734375,-1,-1,-1,-1
59,1,440.789794921875,310.8922424316406,47.024505615234375,102.127197265625,-1,-1,-1,-1
60,1,445.5565185546875,310.6746520996094,42.943511962890625,94.95135498046875,-1,-1,-1,-1
61,1,447.9256286621094,308.1497497558594,42.851776123046875,95.94708251953125,-1,-1,-1,-1
62,1,447.7187194824219,306.7499084472656,43.6826171875,97.29043579101562,-1,-1,-1,-1
63,1,449.58251953125,305.1549377441406,41.975555419921875,93.473388671875,-1,-1,-1,-1
64,1,450.578369140625,304.65960693359375,40.82916259765625,91.53106689453125,-1,-1,-1,-1
65,1,451.77001953125,302.308349609375,39.944122314453125,92.77572631835938,-1,-1,-1,-1
66,1,452.6464538574219,301.11773681640625,39.738250732421875,96.29220581054688,-1,-1,-1,-1
67,1,454.2875061035156,300.6545715332031,38.68896484375,97.02841186523438,-1,-1,-1,-1
68,1,455.466064453125,300.7428894042969,37.823699951171875,96.56283569335938,-1,-1,-1,-1
69,1,456.6604309082031,300.1107177734375,37.89312744140625,98.39620971679688,-1,-1,-1,-1
70,1,457.2101745605469,300.083251953125,38.2506103515625,97.11331176757812,-1,-1,-1,-1
71,1,458.53118896484375,299.48370361328125,38.7926025390625,92.9451904296875,-1,-1,-1,-1
72,1,459.1173400878906,300.4180908203125,38.91455078125,87.79190063476562,-1,-1,-1,-1
73,1,460.9527282714844,298.2004089355469,38.83843994140625,87.29043579101562,-1,-1,-1,-1
74,1,461.7703857421875,297.21563720703125,38.782196044921875,86.77493286132812,-1,-1,-1,-1
75,1,462.33251953125,295.4937438964844,40.343505859375,86.56271362304688,-1,-1,-1,-1
76,1,463.2619934082031,295.06976318359375,39.802764892578125,86.24447631835938,-1,-1,-1,-1
77,1,464.2657775878906,293.7945251464844,39.69342041015625,89.45223999023438,-1,-1,-1,-1
78,1,464.7005310058594,293.8661193847656,39.984893798828125,90.65676879882812,-1,-1,-1,-1
79,1,466.76513671875,294.0480651855469,38.8848876953125,88.30572509765625,-1,-1,-1,-1
80,1,467.83575439453125,293.5728454589844,38.455841064453125,88.6357421875,-1,-1,-1,-1
81,1,468.9957275390625,292.39959716796875,38.217010498046875,89.67562866210938,-1,-1,-1,-1
82,1,469.9996643066406,291.3404235839844,38.055206298828125,89.95712280273438,-1,-1,-1,-1
83,1,470.7238464355469,290.47161865234375,38.823577880859375,91.25424194335938,-1,-1,-1,-1
84,1,471.4294128417969,289.7666931152344,38.928619384765625,88.853515625,-1,-1,-1,-1
85,1,472.000244140625,287.6670837402344,39.39141845703125,87.68997192382812,-1,-1,-1,-1
86,1,472.2903747558594,287.041259765625,39.57989501953125,88.1409912109375,-1,-1,-1,-1
87,1,473.5068359375,286.0629577636719,38.743438720703125,88.27957153320312,-1,-1,-1,-1
88,1,474.2041015625,286.0798645019531,38.387939453125,87.73629760742188,-1,-1,-1,-1
89,1,476.3726501464844,285.3367614746094,37.12664794921875,90.179443359375,-1,-1,-1,-1
90,1,477.3077697753906,285.2347106933594,36.57379150390625,89.67300415039062,-1,-1,-1,-1
91,1,478.67926025390625,284.5778503417969,37.37451171875,93.28509521484375,-1,-1,-1,-1
92,1,478.9867248535156,284.6126708984375,37.487091064453125,92.44140625,-1,-1,-1,-1
93,1,479.9895324707031,283.24859619140625,37.496429443359375,87.01641845703125,-1,-1,-1,-1
94,1,480.79095458984375,282.6182556152344,37.32476806640625,86.24526977539062,-1,-1,-1,-1
95,1,481.7991638183594,281.07733154296875,37.334869384765625,86.71240234375,-1,-1,-1,-1
96,1,482.6445617675781,280.9307861328125,37.148773193359375,84.63040161132812,-1,-1,-1,-1
97,1,482.2334289550781,279.75372314453125,38.644622802734375,84.0843505859375,-1,-1,-1,-1
98,1,482.2594909667969,279.42816162109375,39.027435302734375,84.1544189453125,-1,-1,-1,-1
99,1,482.73138427734375,279.15411376953125,38.95196533203125,85.343505859375,-1,-1,-1,-1
100,1,482.8327941894531,278.9154357910156,39.334136962890625,85.57699584960938,-1,-1,-1,-1
101,1,483.7253112792969,277.8756103515625,39.377960205078125,86.56768798828125,-1,-1,-1,-1
102,1,484.0752868652344,277.44879150390625,39.229461669921875,85.7574462890625,-1,-1,-1,-1
103,1,484.43463134765625,275.42803955078125,40.00091552734375,88.94482421875,-1,-1,-1,-1
104,1,484.7259826660156,275.1983947753906,39.969024658203125,87.50137329101562,-1,-1,-1,-1
105,1,484.55548095703125,273.6580505371094,40.9227294921875,85.75210571289062,-1,-1,-1,-1
106,1,485.3424377441406,272.9858703613281,40.181549072265625,84.11236572265625,-1,-1,-1,-1
107,1,486.928466796875,271.6230163574219,39.332275390625,84.67523193359375,-1,-1,-1,-1
108,1,488.0248718261719,271.217529296875,38.507781982421875,84.49844360351562,-1,-1,-1,-1
109,1,490.10516357421875,270.71490478515625,36.79888916015625,86.14376831054688,-1,-1,-1,-1
110,1,490.8006591796875,270.2091369628906,36.73419189453125,89.11636352539062,-1,-1,-1,-1
111,1,491.657958984375,270.38922119140625,36.57269287109375,88.0933837890625,-1,-1,-1,-1
112,1,491.95343017578125,270.5231628417969,36.425537109375,86.90689086914062,-1,-1,-1,-1
113,1,492.1228332519531,268.8505859375,37.012725830078125,88.6229248046875,-1,-1,-1,-1
114,1,492.9219665527344,268.0804748535156,37.019989013671875,86.90948486328125,-1,-1,-1,-1
115,1,493.6877136230469,266.92315673828125,37.578094482421875,84.59197998046875,-1,-1,-1,-1
116,1,494.23699951171875,266.4250183105469,37.682861328125,82.98904418945312,-1,-1,-1,-1
117,1,495.3012390136719,265.1146240234375,37.074737548828125,82.11431884765625,-1,-1,-1,-1
118,1,496.4158935546875,264.63214111328125,36.15777587890625,82.02499389648438,-1,-1,-1,-1
119,1,497.6257629394531,264.08154296875,35.369110107421875,82.349853515625,-1,-1,-1,-1
120,1,498.4677734375,263.8855285644531,34.88067626953125,81.90231323242188,-1,-1,-1,-1
121,1,499.2124328613281,263.4404296875,34.552154541015625,82.2333984375,-1,-1,-1,-1
122,1,499.6955261230469,263.4120178222656,34.260467529296875,82.12417602539062,-1,-1,-1,-1
123,1,499.8636474609375,262.4472351074219,34.74468994140625,83.02117919921875,-1,-1,-1,-1
124,1,500.04010009765625,262.0035400390625,34.9630126953125,82.963623046875,-1,-1,-1,-1
125,1,499.8184509277344,261.18963623046875,35.620880126953125,82.0755615234375,-1,-1,-1,-1
126,1,499.5923156738281,260.34747314453125,36.282379150390625,82.12716674804688,-1,-1,-1,-1
127,1,499.8490905761719,258.37982177734375,36.564788818359375,83.35598754882812,-1,-1,-1,-1
128,1,500.0163879394531,257.3581237792969,36.707794189453125,83.8558349609375,-1,-1,-1,-1
129,1,502.0291442871094,256.0887756347656,36.632904052734375,86.25308227539062,-1,-1,-1,-1
130,1,503.32574462890625,255.89735412597656,36.3326416015625,86.15397644042969,-1,-1,-1,-1
131,1,505.8823547363281,256.09130859375,35.810272216796875,87.8572998046875,-1,-1,-1,-1
132,1,506.9564208984375,255.97366333007812,35.12042236328125,87.62246704101562,-1,-1,-1,-1
133,1,508.33978271484375,255.5177459716797,35.9708251953125,84.65653991699219,-1,-1,-1,-1
134,1,509.2416076660156,255.37142944335938,35.978668212890625,84.22137451171875,-1,-1,-1,-1
135,1,510.79718017578125,254.24122619628906,35.878662109375,82.18321228027344,-1,-1,-1,-1
136,1,511.7864990234375,253.43141174316406,36.02996826171875,81.49613952636719,-1,-1,-1,-1
137,1,512.9342346191406,251.6362762451172,37.085723876953125,85.44996643066406,-1,-1,-1,-1
138,1,514.1939086914062,250.96389770507812,36.5263671875,84.79513549804688,-1,-1,-1,-1
139,1,516.0723876953125,249.44578552246094,35.5472412109375,82.86769104003906,-1,-1,-1,-1
140,1,517.072265625,249.12112426757812,35.0726318359375,82.49737548828125,-1,-1,-1,-1
141,1,518.0995483398438,249.01747131347656,34.54620361328125,82.33003234863281,-1,-1,-1,-1
142,1,518.9893188476562,248.7557830810547,34.29913330078125,83.13407897949219,-1,-1,-1,-1
143,1,519.97998046875,248.30299377441406,34.01800537109375,83.05546569824219,-1,-1,-1,-1
144,1,520.5120849609375,247.8170623779297,34.04925537109375,83.68946838378906,-1,-1,-1,-1
145,1,520.4868774414062,246.5855255126953,35.45220947265625,85.47770690917969,-1,-1,-1,-1
146,1,520.73095703125,246.63194274902344,35.9427490234375,83.57316589355469,-1,-1,-1,-1
147,1,521.2431030273438,244.99072265625,36.14013671875,82.0623779296875,-1,-1,-1,-1
148,1,521.9209594726562,244.3130645751953,36.334716796875,82.04356384277344,-1,-1,-1,-1
149,1,522.7476196289062,243.80020141601562,36.7174072265625,82.66497802734375,-1,-1,-1,-1
150,1,523.9480590820312,243.77145385742188,35.85821533203125,81.58523559570312,-1,-1,-1,-1
151,1,525.5545043945312,243.2419891357422,34.77325439453125,80.92036437988281,-1,-1,-1,-1
152,1,526.087890625,243.3566131591797,34.65972900390625,80.24046325683594,-1,-1,-1,-1
153,1,526.7037963867188,243.57330322265625,35.74981689453125,83.35894775390625,-1,-1,-1,-1
154,1,527.1497192382812,243.1949462890625,35.98516845703125,82.8599853515625,-1,-1,-1,-1
155,1,528.2482299804688,242.6119384765625,36.674072265625,82.04708862304688,-1,-1,-1,-1
156,1,529.0760498046875,242.25901794433594,36.62725830078125,80.73139953613281,-1,-1,-1,-1
157,1,529.8810424804688,241.0914306640625,37.01910400390625,80.9024658203125,-1,-1,-1,-1
158,1,530.600341796875,240.28013610839844,37.382080078125,80.34269714355469,-1,-1,-1,-1
159,1,531.4820556640625,238.1487579345703,37.00335693359375,80.89448547363281,-1,-1,-1,-1
160,1,532.8735961914062,237.8514404296875,35.440185546875,79.47869873046875,-1,-1,-1,-1
161,1,534.2424926757812,237.43048095703125,34.37713623046875,78.93756103515625,-1,-1,-1,-1
162,1,535.0648193359375,237.3929901123047,33.4954833984375,78.44746398925781,-1,-1,-1,-1
163,1,535.6707153320312,237.38095092773438,33.1468505859375,78.053466796875,-1,-1,-1,-1
164,1,535.949951171875,237.3330078125,33.4072265625,79.02740478515625,-1,-1,-1,-1
165,1,536.4386596679688,236.26222229003906,33.5546875,79.98219299316406,-1,-1,-1,-1
166,1,537.1883544921875,235.52279663085938,33.05731201171875,81.52365112304688,-1,-1,-1,-1
167,1,537.8509521484375,234.59713745117188,32.76129150390625,77.998779296875,-1,-1,-1,-1
168,1,537.9298706054688,233.9701385498047,32.9110107421875,76.26719665527344,-1,-1,-1,-1
169,1,537.4116821289062,231.9656219482422,35.2213134765625,79.23423767089844,-1,-1,-1,-1
170,1,538.0061645507812,231.67433166503906,34.84124755859375,78.38410949707031,-1,-1,-1,-1
171,1,538.7407836914062,230.62416076660156,34.271484375,79.67277526855469,-1,-1,-1,-1
172,1,539.4974365234375,230.13546752929688,33.89862060546875,80.42929077148438,-1,-1,-1,-1
173,1,540.5464477539062,229.63742065429688,33.21337890625,82.25088500976562,-1,-1,-1,-1
174,1,541.314208984375,229.5616912841797,32.74822998046875,83.20451354980469,-1,-1,-1,-1
175,1,541.6297607421875,229.8180694580078,33.4139404296875,82.74174499511719,-1,-1,-1,-1
176,1,541.808837890625,229.52804565429688,33.67547607421875,81.49411010742188,-1,-1,-1,-1
177,1,542.45263671875,228.87815856933594,34.7681884765625,80.05445861816406,-1,-1,-1,-1
178,1,543.432861328125,228.78257751464844,34.9886474609375,79.47416687011719,-1,-1,-1,-1
179,1,543.622314453125,227.72607421875,35.662841796875,77.85812377929688,-1,-1,-1,-1
180,1,544.3831176757812,226.7216339111328,35.99725341796875,77.61451721191406,-1,-1,-1,-1
181,1,545.7606201171875,225.4574737548828,36.43597412109375,78.78425598144531,-1,-1,-1,-1
182,1,546.7482299804688,225.1000518798828,36.07403564453125,78.68492126464844,-1,-1,-1,-1
183,1,548.6285400390625,225.0283660888672,34.4490966796875,78.44010925292969,-1,-1,-1,-1
184,1,549.0033569335938,224.84292602539062,34.11517333984375,78.96017456054688,-1,-1,-1,-1
185,1,549.974853515625,224.76931762695312,33.30816650390625,78.19320678710938,-1,-1,-1,-1
186,1,550.6143798828125,225.1081085205078,32.6220703125,78.54588317871094,-1,-1,-1,-1
187,1,550.8052368164062,224.13436889648438,33.29473876953125,82.18490600585938,-1,-1,-1,-1
188,1,550.603759765625,223.49142456054688,34.08135986328125,81.383056640625,-1,-1,-1,-1
189,1,550.828125,222.32127380371094,35.1165771484375,81.75419616699219,-1,-1,-1,-1
190,1,551.1033325195312,221.61972045898438,35.51171875,80.85574340820312,-1,-1,-1,-1
191,1,551.95458984375,220.1152801513672,35.33795166015625,80.84117126464844,-1,-1,-1,-1
192,1,552.3627319335938,219.77426147460938,35.18743896484375,79.4500732421875,-1,-1,-1,-1
193,1,552.3123779296875,219.3976593017578,35.646240234375,80.63337707519531,-1,-1,-1,-1
194,1,552.305419921875,219.44113159179688,35.72113037109375,81.15176391601562,-1,-1,-1,-1
195,1,553.66845703125,219.01303100585938,34.39019775390625,80.71469116210938,-1,-1,-1,-1
196,1,553.9431762695312,219.0811004638672,34.3341064453125,81.74269104003906,-1,-1,-1,-1
197,1,555.1953735351562,218.9037628173828,33.7431640625,81.45964050292969,-1,-1,-1,-1
198,1,555.3018798828125,218.26272583007812,34.19635009765625,81.58001708984375,-1,-1,-1,-1
199,1,556.0433349609375,217.78475952148438,34.22503662109375,81.17800903320312,-1,-1,-1,-1
200,1,556.3565673828125,217.43475341796875,34.322265625,80.93722534179688,-1,-1,-1,-1
1,2,544.3251342773438,169.49844360351562,26.9072265625,70.45999145507812,-1,-1,-1,-1
2,2,544.661376953125,169.07980346679688,26.73333740234375,70.86341857910156,-1,-1,-1,-1
3,2,545.2216796875,168.2755889892578,27.0010986328125,71.27906799316406,-1,-1,-1,-1
4,2,545.5565795898438,167.8486328125,27.15533447265625,71.68995666503906,-1,-1,-1,-1
5,2,546.2297973632812,167.46261596679688,27.343017578125,71.7047119140625,-1,-1,-1,-1
6,2,547.1702270507812,167.70263671875,26.83843994140625,71.22218322753906,-1,-1,-1,-1
7,2,547.855224609375,167.60679626464844,26.60858154296875,71.07490539550781,-1,-1,-1,-1
8,2,548.1171264648438,167.68882751464844,26.54132080078125,70.90145874023438,-1,-1,-1,-1
9,2,549.0756225585938,167.52175903320312,25.79852294921875,70.24546813964844,-1,-1,-1,-1
10,2,549.4053955078125,167.53921508789062,25.5960693359375,69.47177124023438,-1,-1,-1,-1
11,2,549.89404296875,167.0441436767578,25.430908203125,69.6705322265625,-1,-1,-1,-1
12,2,550.4151000976562,166.5849151611328,25.18011474609375,69.33097839355469,-1,-1,-1,-1
13,2,550.5776977539062,165.57908630371094,25.80303955078125,70.51126098632812,-1,-1,-1,-1
14,2,550.7164306640625,165.09974670410156,26.10931396484375,71.14950561523438,-1,-1,-1,-1
15,2,551.095703125,164.48074340820312,26.5634765625,71.50509643554688,-1,-1,-1,-1
16,2,551.294921875,164.16424560546875,27.05816650390625,71.76683044433594,-1,-1,-1,-1
17,2,552.3474731445312,164.3213653564453,26.66162109375,70.5771484375,-1,-1,-1,-1
18,2,552.9913940429688,164.21348571777344,26.4359130859375,70.37481689453125,-1,-1,-1,-1
19,2,553.4713134765625,163.94879150390625,26.62384033203125,70.47798156738281,-1,-1,-1,-1
20,2,553.8909301757812,163.96400451660156,26.37933349609375,69.83692932128906,-1,-1,-1,-1
21,2,554.6049194335938,163.72442626953125,26.0816650390625,69.69146728515625,-1,-1,-1,-1
22,2,554.9454345703125,163.06143188476562,26.11090087890625,70.11569213867188,-1,-1,-1,-1
23,2,555.3271484375,162.45367431640625,26.3206787109375,69.83128356933594,-1,-1,-1,-1
24,2,555.7860717773438,161.89779663085938,26.46563720703125,70.13591003417969,-1,-1,-1,-1
25,2,556.4617309570312,160.95175170898438,26.62451171875,69.73677062988281,-1,-1,-1,-1
26,2,557.0082397460938,160.2454833984375,26.40728759765625,70.47607421875,-1,-1,-1,-1
27,2,557.6834716796875,159.70343017578125,26.38848876953125,70.06285095214844,-1,-1,-1,-1
28,2,558.1168212890625,159.36868286132812,26.22503662109375,70.11894226074219,-1,-1,-1,-1
29,2,558.824951171875,159.23782348632812,25.8089599609375,69.85011291503906,-1,-1,-1,-1
30,2,559.02392578125,159.3068389892578,25.68115234375,69.87014770507812,-1,-1,-1,-1
31,2,559.4210815429688,159.41983032226562,25.39129638671875,69.76153564453125,-1,-1,-1,-1
32,2,559.4799194335938,159.21087646484375,25.3248291015625,69.8472900390625,-1,-1,-1,-1
33,2,559.5061645507812,158.78826904296875,25.43365478515625,69.78620910644531,-1,-1,-1,-1
34,2,559.1973876953125,158.33763122558594,25.8619384765625,70.13491821289062,-1,-1,-1,-1
35,2,559.25244140625,157.7760772705078,26.0579833984375,69.94218444824219,-1,-1,-1,-1
36,2,559.2350463867188,157.46429443359375,26.20330810546875,69.19953918457031,-1,-1,-1,-1
37,2,559.5084228515625,156.48886108398438,26.24090576171875,69.92852783203125,-1,-1,-1,-1
38,2,559.7261962890625,156.03851318359375,26.19818115234375,70.14686584472656,-1,-1,-1,-1
39,2,560.2529907226562,155.92364501953125,25.8798828125,69.6748046875,-1,-1,-1,-1
40,2,560.5389404296875,156.00308227539062,25.7540283203125,69.15516662597656,-1,-1,-1,-1
41,2,560.7630004882812,156.16078186035156,25.46868896484375,68.55166625976562,-1,-1,-1,-1
42,2,560.7382202148438,156.32276916503906,25.38812255859375,68.6729736328125,-1,-1,-1,-1
43,2,560.98828125,156.17355346679688,25.2911376953125,68.53651428222656,-1,-1,-1,-1
44,2,561.286376953125,155.86415100097656,25.1629638671875,68.32450866699219,-1,-1,-1,-1
45,2,561.8092651367188,154.96286010742188,25.00152587890625,68.45039367675781,-1,-1,-1,-1
46,2,561.826171875,153.8736572265625,25.3487548828125,70.55020141601562,-1,-1,-1,-1
47,2,561.5228271484375,152.5945587158203,25.86334228515625,74.38531494140625,-1,-1,-1,-1
48,2,560.9799194335938,151.99884033203125,26.7308349609375,78.42988586425781,-1,-1,-1,-1
49,2,560.3615112304688,151.67266845703125,27.96795654296875,80.46571350097656,-1,-1,-1,-1
50,2,561.6275634765625,152.24212646484375,27.1112060546875,73.0029296875,-1,-1,-1,-1
51,2,562.6679077148438,151.80746459960938,26.43682861328125,70.27821350097656,-1,-1,-1,-1
52,2,562.9962768554688,151.47105407714844,26.2227783203125,70.22315979003906,-1,-1,-1,-1
53,2,563.3793334960938,151.51417541503906,26.01348876953125,70.74617004394531,-1,-1,-1,-1
54,2,563.4483642578125,151.74290466308594,25.97406005859375,71.78282165527344,-1,-1,-1,-1
55,2,563.5325317382812,152.05136108398438,25.9967041015625,74.17106628417969,-1,-1,-1,-1
56,2,563.2630004882812,152.0452880859375,26.514404296875,75.27571105957031,-1,-1,-1,-1
57,2,563.4566040039062,151.40948486328125,27.026611328125,76.41499328613281,-1,-1,-1,-1
58,2,563.66845703125,150.6362762451172,27.13623046875,80.37205505371094,-1,-1,-1,-1
59,2,563.9991455078125,149.6505126953125,27.99920654296875,85.78926086425781,-1,-1,-1,-1
60,2,564.4968872070312,149.29051208496094,28.2349853515625,84.97283935546875,-1,-1,-1,-1
61,2,564.7159423828125,148.12522888183594,29.1416015625,90.06918334960938,-1,-1,-1,-1
62,2,564.9671630859375,148.2530059814453,29.6328125,91.34039306640625,-1,-1,-1,-1
63,2,565.62841796875,148.4791717529297,29.46331787109375,89.49310302734375,-1,-1,-1,-1
64,2,565.888916015625,149.01031494140625,29.24859619140625,89.47468566894531,-1,-1,-1,-1
65,2,565.6044921875,148.31478881835938,30.41253662109375,93.90495300292969,-1,-1,-1,-1
66,2,566.1767578125,149.03533935546875,29.760009765625,92.54998779296875,-1,-1,-1,-1
67,2,566.5748291015625,149.00726318359375,29.7239990234375,94.22508239746094,-1,-1,-1,-1
68,2,566.84326171875,150.69285583496094,29.281005859375,92.41021728515625,-1,-1,-1,-1
69,2,567.6427612304688,152.86935424804688,28.7496337890625,90.148193359375,-1,-1,-1,-1
70,2,568.0764770507812,153.85162353515625,28.75830078125,88.96646118164062,-1,-1,-1,-1
71,2,569.4154052734375,156.74142456054688,28.142333984375,83.81718444824219,-1,-1,-1,-1
72,2,569.6196899414062,157.26821899414062,28.4552001953125,81.8282470703125,-1,-1,-1,-1
73,2,569.6328735351562,156.31431579589844,29.33758544921875,82.81222534179688,-1,-1,-1,-1
74,2,570.3829345703125,154.95603942871094,29.24591064453125,83.62571716308594,-1,-1,-1,-1
75,2,571.4061279296875,153.45858764648438,29.0469970703125,84.94253540039062,-1,-1,-1,-1
76,2,572.122802734375,148.9291229248047,28.81353759765625,90.55230712890625,-1,-1,-1,-1
77,2,572.5917358398438,146.94989013671875,28.95849609375,93.22514343261719,-1,-1,-1,-1
78,2,572.906005859375,146.27880859375,28.84710693359375,92.96842956542969,-1,-1,-1,-1
79,2,573.5875854492188,148.29830932617188,28.8084716796875,88.39801025390625,-1,-1,-1,-1
80,2,574.4536743164062,148.76441955566406,28.2078857421875,83.98617553710938,-1,-1,-1,-1
81,2,576.1734008789062,145.85923767089844,27.18707275390625,80.96125793457031,-1,-1,-1,-1
82,2,577.2969970703125,142.47523498535156,26.4659423828125,73.51969909667969,-1,-1,-1,-1
83,2,578.0557250976562,141.2028350830078,26.1385498046875,70.85078430175781,-1,-1,-1,-1
84,2,578.3778686523438,140.66168212890625,26.4091796875,73.95083618164062,-1,-1,-1,-1
85,2,578.9152221679688,140.20245361328125,26.05291748046875,72.81710815429688,-1,-1,-1,-1
86,2,579.5000610351562,139.80459594726562,25.9608154296875,75.05673217773438,-1,-1,-1,-1
87,2,580.365966796875,140.2476348876953,25.70880126953125,75.06356811523438,-1,-1,-1,-1
88,2,580.7993774414062,140.69679260253906,25.46697998046875,73.10481262207031,-1,-1,-1,-1
89,2,580.8990478515625,141.1299285888672,25.74249267578125,74.6083984375,-1,-1,-1,-1
90,2,581.6204833984375,141.44287109375,25.21343994140625,70.84550476074219,-1,-1,-1,-1
91,2,581.942138671875,140.78213500976562,25.9749755859375,79.31904602050781,-1,-1,-1,-1
92,2,582.0849609375,140.96397399902344,26.2540283203125,77.63119506835938,-1,-1,-1,-1
93,2,582.9373779296875,140.4246063232422,25.8795166015625,75.41487121582031,-1,-1,-1,-1
94,2,583.5667724609375,139.03445434570312,25.68487548828125,77.81779479980469,-1,-1,-1,-1
95,2,584.6653442382812,137.4309844970703,25.21142578125,76.3428955078125,-1,-1,-1,-1
96,2,585.2836303710938,136.50189208984375,25.618408203125,77.47439575195312,-1,-1,-1,-1
97,2,585.3817138671875,136.35935974121094,27.33984375,82.79322814941406,-1,-1,-1,-1
98,2,585.1422729492188,136.4755096435547,28.2109375,83.32687377929688,-1,-1,-1,-1
99,2,585.93603515625,136.68963623046875,27.5103759765625,78.93162536621094,-1,-1,-1,-1
100,2,587.0923461914062,135.8505401611328,26.14117431640625,74.03297424316406,-1,-1,-1,-1
101,2,587.9683837890625,135.7332000732422,25.066162109375,71.94200134277344,-1,-1,-1,-1
102,2,588.2745361328125,135.6641845703125,24.83721923828125,73.24980163574219,-1,-1,-1,-1
103,2,588.718505859375,135.142578125,25.17236328125,77.47666931152344,-1,-1,-1,-1
104,2,588.9736328125,134.7630615234375,25.2979736328125,73.52679443359375,-1,-1,-1,-1
105,2,588.32373046875,131.80116271972656,27.681640625,89.78564453125,-1,-1,-1,-1
106,2,589.1058349609375,134.08297729492188,27.3798828125,84.53689575195312,-1,-1,-1,-1
107,2,589.53271484375,132.1763458251953,28.45880126953125,87.61306762695312,-1,-1,-1,-1
108,2,590.1946411132812,133.3033447265625,27.635009765625,84.07916259765625,-1,-1,-1,-1
109,2,591.53173828125,133.09512329101562,27.1141357421875,82.83370971679688,-1,-1,-1,-1
110,2,590.9547119140625,132.48001098632812,28.548828125,83.79006958007812,-1,-1,-1,-1
111,2,591.247314453125,133.55642700195312,28.746337890625,83.39834594726562,-1,-1,-1,-1
112,2,591.6382446289062,133.01121520996094,28.75701904296875,85.94906616210938,-1,-1,-1,-1
113,2,593.1015625,134.11558532714844,27.368896484375,83.06106567382812,-1,-1,-1,-1
114,2,593.9171142578125,132.9525604248047,26.71514892578125,82.61201477050781,-1,-1,-1,-1
115,2,594.4956665039062,132.9664764404297,26.59722900390625,86.373291015625,-1,-1,-1,-1
116,2,595.3101806640625,132.60255432128906,26.34979248046875,87.22715759277344,-1,-1,-1,-1
117,2,596.4598999023438,135.70838928222656,25.74468994140625,82.58404541015625,-1,-1,-1,-1
118,2,597.0748901367188,137.23910522460938,25.69195556640625,80.38514709472656,-1,-1,-1,-1
119,2,597.1216430664062,139.90585327148438,25.44873046875,76.65412902832031,-1,-1,-1,-1
120,2,596.48828125,145.91323852539062,25.292724609375,74.07696533203125,-1,-1,-1,-1
121,2,596.2550048828125,156.8616180419922,24.85113525390625,67.76310729980469,-1,-1,-1,-1
122,2,596.1886596679688,157.34356689453125,25.2847900390625,67.22947692871094,-1,-1,-1,-1
123,2,596.2166748046875,156.41026306152344,25.976806640625,67.96493530273438,-1,-1,-1,-1
124,2,596.3217163085938,155.93350219726562,26.0750732421875,68.15162658691406,-1,-1,-1,-1
125,2,596.6918334960938,154.3477020263672,25.96697998046875,69.32525634765625,-1,-1,-1,-1
126,2,597.0225830078125,154.14878845214844,25.6580810546875,68.63133239746094,-1,-1,-1,-1
127,2,597.4879760742188,151.73489379882812,25.51806640625,70.008544921875,-1,-1,-1,-1
128,2,597.6165161132812,152.0621337890625,25.58984375,69.03431701660156,-1,-1,-1,-1
129,2,597.8693237304688,150.42404174804688,25.8922119140625,70.29060363769531,-1,-1,-1,-1
130,2,598.4169311523438,147.92088317871094,25.97039794921875,72.51005554199219,-1,-1,-1,-1
131,2,599.58447265625,145.8955535888672,25.7669677734375,74.11764526367188,-1,-1,-1,-1
132,2,600.0673217773438,145.40325927734375,25.7127685546875,73.73323059082031,-1,-1,-1,-1
133,2,601.048583984375,149.2261199951172,25.1954345703125,69.07643127441406,-1,-1,-1,-1
134,2,601.3806762695312,146.73291015625,25.75567626953125,71.76499938964844,-1,-1,-1,-1
135,2,601.916748046875,146.93060302734375,25.61492919921875,71.38577270507812,-1,-1,-1,-1
136,2,602.2756958007812,148.16659545898438,25.48553466796875,69.86978149414062,-1,-1,-1,-1
137,2,602.8306274414062,138.18350219726562,26.220458984375,79.05438232421875,-1,-1,-1,-1
138,2,603.4340209960938,142.3986053466797,25.56781005859375,74.26226806640625,-1,-1,-1,-1
139,2,603.7496337890625,146.88613891601562,25.29595947265625,69.37895202636719,-1,-1,-1,-1
140,2,603.8800659179688,148.5879364013672,25.35479736328125,67.34786987304688,-1,-1,-1,-1
141,2,604.1549682617188,149.6002655029297,25.434814453125,66.1407470703125,-1,-1,-1,-1
142,2,604.4496459960938,150.44210815429688,25.2108154296875,65.33558654785156,-1,-1,-1,-1
143,2,604.653076171875,150.29217529296875,25.12969970703125,65.6300048828125,-1,-1,-1,-1
144,2,604.8817749023438,150.3379364013672,24.8182373046875,65.62461853027344,-1,-1,-1,-1
145,2,604.9158325195312,148.19029235839844,24.86334228515625,67.43051147460938,-1,-1,-1,-1
146,2,604.96826171875,147.7576446533203,24.7322998046875,67.41070556640625,-1,-1,-1,-1
147,2,605.4895629882812,147.70028686523438,24.1116943359375,66.0340576171875,-1,-1,-1,-1
148,2,605.5923461914062,145.62290954589844,24.44244384765625,67.69448852539062,-1,-1,-1,-1
149,2,605.7738647460938,146.79420471191406,24.55364990234375,66.34408569335938,-1,-1,-1,-1
150,2,606.029052734375,147.27101135253906,24.4521484375,65.69877624511719,-1,-1,-1,-1
151,2,606.5185546875,147.8472900390625,24.03045654296875,64.56924438476562,-1,-1,-1,-1
152,2,606.8903198242188,148.620849609375,23.89739990234375,63.81817626953125,-1,-1,-1,-1
153,2,607.2295532226562,147.6929931640625,24.38714599609375,64.53199768066406,-1,-1,-1,-1
154,2,607.510498046875,146.8373260498047,25.00799560546875,64.78921508789062,-1,-1,-1,-1
155,2,607.8797607421875,141.97970581054688,25.7454833984375,68.69146728515625,-1,-1,-1,-1
156,2,608.1220092773438,139.83709716796875,25.61053466796875,70.47767639160156,-1,-1,-1,-1
157,2,608.8348388671875,140.80311584472656,25.04547119140625,69.11399841308594,-1,-1,-1,-1
158,2,609.3002319335938,140.65631103515625,24.78448486328125,68.897705078125,-1,-1,-1,-1
159,2,609.6493530273438,141.00613403320312,25.00323486328125,67.98165893554688,-1,-1,-1,-1
160,2,609.8941650390625,142.84776306152344,24.637939453125,65.55947875976562,-1,-1,-1,-1
161,2,610.3055419921875,144.14080810546875,24.2301025390625,63.77180480957031,-1,-1,-1,-1
162,2,610.533203125,144.62705993652344,24.156005859375,63.2950439453125,-1,-1,-1,-1
163,2,610.5676879882812,145.38038635253906,24.2969970703125,62.98683166503906,-1,-1,-1,-1
164,2,610.5888061523438,145.18313598632812,24.3917236328125,63.2197265625,-1,-1,-1,-1
165,2,610.8699951171875,144.90451049804688,24.24078369140625,62.93278503417969,-1,-1,-1,-1
166,2,611.0294189453125,144.65359497070312,24.080078125,62.61714172363281,-1,-1,-1,-1
167,2,611.3223876953125,143.79736328125,24.134765625,62.1478271484375,-1,-1,-1,-1
168,2,611.5565185546875,143.01708984375,24.3077392578125,62.70780944824219,-1,-1,-1,-1
169,2,612.1492919921875,142.5109405517578,24.245361328125,63.20741271972656,-1,-1,-1,-1
170,2,612.6077880859375,142.18235778808594,24.12274169921875,63.65730285644531,-1,-1,-1,-1
171,2,613.212158203125,141.9041290283203,24.104248046875,63.21612548828125,-1,-1,-1,-1
172,2,613.4881591796875,141.7538299560547,24.0972900390625,63.115447998046875,-1,-1,-1,-1
173,2,614.2042846679688,141.5900115966797,23.837646484375,62.9764404296875,-1,-1,-1,-1
174,2,614.8562622070312,141.02206420898438,23.43157958984375,63.161376953125,-1,-1,-1,-1
175,2,615.7977294921875,140.4696807861328,23.0518798828125,63.0135498046875,-1,-1,-1,-1
176,2,616.3214111328125,140.2416229248047,22.7960205078125,62.951141357421875,-1,-1,-1,-1
177,2,616.9667358398438,139.34046936035156,22.53582763671875,62.90232849121094,-1,-1,-1,-1
178,2,617.3055419921875,137.8970489501953,22.84027099609375,63.710479736328125,-1,-1,-1,-1
179,2,618.0316162109375,137.40174865722656,22.6268310546875,63.66752624511719,-1,-1,-1,-1
180,2,618.4922485351562,136.4385223388672,22.7515869140625,64.16363525390625,-1,-1,-1,-1
181,2,619.2514038085938,137.38380432128906,22.76861572265625,63.21913146972656,-1,-1,-1,-1
182,2,619.6488647460938,137.39064025878906,23.1153564453125,63.31494140625,-1,-1,-1,-1
183,2,620.2022705078125,138.0205535888672,23.16339111328125,62.21183776855469,-1,-1,-1,-1
184,2,620.4739379882812,138.23081970214844,23.0517578125,61.6514892578125,-1,-1,-1,-1
185,2,621.0474853515625,138.07321166992188,23.47393798828125,61.38508605957031,-1,-1,-1,-1
186,2,621.47119140625,137.91407775878906,23.51116943359375,61.551483154296875,-1,-1,-1,-1
187,2,622.11328125,137.3257598876953,23.7447509765625,60.95196533203125,-1,-1,-1,-1
188,2,622.4383544921875,136.69410705566406,24.2044677734375,61.29022216796875,-1,-1,-1,-1
189,2,622.9132080078125,136.14927673339844,24.4381103515625,61.653656005859375,-1,-1,-1,-1
190,2,623.43310546875,135.9486083984375,24.33447265625,61.76582336425781,-1,-1,-1,-1
191,2,624.1591186523438,135.42791748046875,25.30804443359375,61.85272216796875,-1,-1,-1,-1
192,2,624.512939453125,135.6682586669922,25.63519287109375,61.289520263671875,-1,-1,-1,-1
193,2,624.8272705078125,135.41708374023438,26.73828125,61.65699768066406,-1,-1,-1,-1
194,2,625.357177734375,135.94268798828125,26.72686767578125,61.09130859375,-1,-1,-1,-1
195,2,625.935791015625,136.03001403808594,26.76702880859375,60.53619384765625,-1,-1,-1,-1
196,2,626.373291015625,136.0693359375,26.643310546875,60.33203125,-1,-1,-1,-1
197,2,627.36328125,135.43736267089844,25.735595703125,60.34832763671875,-1,-1,-1,-1
198,2,627.9564208984375,134.76473999023438,25.572021484375,60.64576721191406,-1,-1,-1,-1
199,2,628.7923583984375,133.779296875,25.2381591796875,61.17030334472656,-1,-1,-1,-1
200,2,629.340087890625,134.022216796875,25.07293701171875,60.61573791503906,-1,-1,-1,-1
1,3,523.5547485351562,207.52134704589844,27.35345458984375,72.37107849121094,-1,-1,-1,-1
2,3,523.69287109375,206.8118133544922,27.5634765625,73.00007629394531,-1,-1,-1,-1
3,3,524.1566162109375,205.56732177734375,27.46917724609375,73.3984375,-1,-1,-1,-1
4,3,524.6649780273438,204.7007293701172,27.260498046875,72.93058776855469,-1,-1,-1,-1
5,3,525.3805541992188,203.58877563476562,27.07366943359375,72.78488159179688,-1,-1,-1,-1
6,3,525.782958984375,203.0015106201172,27.24090576171875,73.05278015136719,-1,-1,-1,-1
7,3,526.3741455078125,202.2626953125,27.93896484375,73.29843139648438,-1,-1,-1,-1
8,3,526.9555053710938,202.20889282226562,27.83953857421875,72.8349609375,-1,-1,-1,-1
9,3,527.6618041992188,202.29026794433594,27.82281494140625,72.33137512207031,-1,-1,-1,-1
10,3,528.20361328125,202.37648010253906,27.960693359375,71.81938171386719,-1,-1,-1,-1
11,3,529.2559814453125,201.8938751220703,27.986328125,72.04438781738281,-1,-1,-1,-1
12,3,529.9962768554688,201.3797607421875,27.7628173828125,72.23919677734375,-1,-1,-1,-1
13,3,530.9974975585938,200.5854034423828,27.6177978515625,72.14860534667969,-1,-1,-1,-1
14,3,531.7836303710938,200.16021728515625,27.55419921875,71.60104370117188,-1,-1,-1,-1
15,3,533.28662109375,198.96360778808594,27.4913330078125,72.02214050292969,-1,-1,-1,-1
16,3,533.9971923828125,198.3447265625,27.43017578125,72.33514404296875,-1,-1,-1,-1
17,3,534.9532470703125,197.88821411132812,27.4599609375,72.8577880859375,-1,-1,-1,-1
18,3,535.6376342773438,197.56117248535156,27.71905517578125,73.14805603027344,-1,-1,-1,-1
19,3,536.2134399414062,197.51095581054688,28.13153076171875,73.00369262695312,-1,-1,-1,-1
20,3,536.8196411132812,197.57106018066406,28.04998779296875,72.93412780761719,-1,-1,-1,-1
21,3,537.3411254882812,197.3968505859375,27.7423095703125,72.99530029296875,-1,-1,-1,-1
22,3,537.6757202148438,197.06170654296875,27.8424072265625,72.91061401367188,-1,-1,-1,-1
23,3,538.3759155273438,196.12347412109375,27.5283203125,72.68704223632812,-1,-1,-1,-1
24,3,539.1903686523438,195.40927124023438,26.85626220703125,72.17236328125,-1,-1,-1,-1
25,3,540.0430297851562,194.5222625732422,26.5115966796875,71.37800598144531,-1,-1,-1,-1
26,3,540.6544189453125,193.8363494873047,26.64666748046875,71.95973205566406,-1,-1,-1,-1
27,3,541.5086669921875,193.33584594726562,26.52838134765625,72.38418579101562,-1,-1,-1,-1
28,3,542.1580810546875,193.01646423339844,26.38043212890625,72.45158386230469,-1,-1,-1,-1
29,3,543.1329956054688,192.73199462890625,26.30487060546875,72.01852416992188,-1,-1,-1,-1
30,3,543.7196655273438,192.5089111328125,26.37359619140625,72.0426025390625,-1,-1,-1,-1
31,3,544.564453125,192.28648376464844,26.37298583984375,71.85331726074219,-1,-1,-1,-1
32,3,545.1375732421875,191.6571044921875,26.69500732421875,72.24298095703125,-1,-1,-1,-1
33,3,545.8386840820312,190.78807067871094,27.3912353515625,72.57160949707031,-1,-1,-1,-1
34,3,546.5206298828125,190.28765869140625,27.67364501953125,72.068115234375,-1,-1,-1,-1
35,3,547.2484741210938,189.2351531982422,28.2528076171875,72.07414245605469,-1,-1,-1,-1
36,3,547.8502807617188,188.57130432128906,28.48065185546875,72.27735900878906,-1,-1,-1,-1
37,3,548.365478515625,187.63514709472656,28.82098388671875,73.06391906738281,-1,-1,-1,-1
38,3,548.68310546875,186.93377685546875,29.26318359375,73.79275512695312,-1,-1,-1,-1
39,3,549.6959228515625,187.24403381347656,28.462890625,72.86051940917969,-1,-1,-1,-1
40,3,550.255615234375,186.97604370117188,28.26971435546875,72.78030395507812,-1,-1,-1,-1
41,3,550.7803955078125,186.3831787109375,28.398193359375,73.15872192382812,-1,-1,-1,-1
42,3,551.3741455078125,185.8952178955078,28.27532958984375,73.50736999511719,-1,-1,-1,-1
43,3,552.1220092773438,185.64456176757812,28.00927734375,72.9508056640625,-1,-1,-1,-1
44,3,553.030517578125,185.5496826171875,27.24029541015625,71.91719055175781,-1,-1,-1,-1
45,3,553.953857421875,184.78460693359375,26.666748046875,70.85577392578125,-1,-1,-1,-1
46,3,554.365966796875,182.95858764648438,26.986328125,73.00312805175781,-1,-1,-1,-1
47,3,554.9291381835938,177.29376220703125,27.27239990234375,77.60646057128906,-1,-1,-1,-1
48,3,555.1824340820312,169.7487030029297,28.5738525390625,84.86988830566406,-1,-1,-1,-1
49,3,556.125732421875,171.399169921875,28.390625,81.70161437988281,-1,-1,-1,-1
50,3,556.5667114257812,179.0452423095703,27.54132080078125,73.4267578125,-1,-1,-1,-1
51,3,557.270263671875,184.27305603027344,26.93988037109375,68.10427856445312,-1,-1,-1,-1
52,3,557.4647827148438,183.48300170898438,27.10498046875,69.45783996582031,-1,-1,-1,-1
53,3,558.0115966796875,182.40065002441406,27.095458984375,70.15458679199219,-1,-1,-1,-1
54,3,558.654541015625,181.66905212402344,26.86224365234375,70.17143249511719,-1,-1,-1,-1
55,3,559.6741943359375,179.79283142089844,26.42340087890625,70.5943603515625,-1,-1,-1,-1
56,3,560.011962890625,177.20162963867188,26.8685302734375,73.06431579589844,-1,-1,-1,-1
57,3,561.1797485351562,175.2748260498047,26.461669921875,74.826416015625,-1,-1,-1,-1
58,3,561.69482421875,172.15093994140625,26.97650146484375,77.84384155273438,-1,-1,-1,-1
129,4,36.21696853637695,419.708251953125,36.85984420776367,62.291748046875,-1,-1,-1,-1
130,4,37.64185333251953,417.2088317871094,35.66876983642578,64.79116821289062,-1,-1,-1,-1
131,4,41.273921966552734,415.2124938964844,34.69248580932617,66.78750610351562,-1,-1,-1,-1
132,4,43.15638732910156,414.4177551269531,34.65692901611328,67.58224487304688,-1,-1,-1,-1
133,4,45.4937744140625,413.3426513671875,35.72808837890625,68.6573486328125,-1,-1,-1,-1
134,4,47.4796257019043,412.5390930175781,36.24263381958008,69.46090698242188,-1,-1,-1,-1
135,4,52.009185791015625,413.0738220214844,35.28241729736328,68.92617797851562,-1,-1,-1,-1
136,4,53.220638275146484,412.8691711425781,35.28889846801758,69.13082885742188,-1,-1,-1,-1
137,4,56.80710220336914,411.64630126953125,33.997188568115234,70.35369873046875,-1,-1,-1,-1
138,4,60.46308517456055,412.24786376953125,33.4117546081543,69.75213623046875,-1,-1,-1,-1
139,4,64.76658248901367,409.6759948730469,32.67374801635742,72.32400512695312,-1,-1,-1,-1
140,4,66.8058090209961,408.6020202636719,33.033660888671875,73.39797973632812,-1,-1,-1,-1
141,4,70.73727416992188,406.340087890625,34.991302490234375,75.659912109375,-1,-1,-1,-1
142,4,72.93048095703125,405.1053161621094,34.336036682128906,76.89468383789062,-1,-1,-1,-1
143,4,75.69921875,402.2442626953125,34.31916809082031,79.7557373046875,-1,-1,-1,-1
144,4,77.67407989501953,402.4092712402344,34.57305145263672,79.59072875976562,-1,-1,-1,-1
145,4,80.411376953125,402.3614501953125,36.244346618652344,79.6385498046875,-1,-1,-1,-1
146,4,82.20983123779297,402.4725036621094,35.85575866699219,79.52749633789062,-1,-1,-1,-1
147,4,84.9227523803711,401.7956237792969,38.82367706298828,80.20437622070312,-1,-1,-1,-1
148,4,85.89204406738281,401.3565673828125,40.275672912597656,80.6434326171875,-1,-1,-1,-1
149,4,89.24903869628906,398.634521484375,38.000946044921875,83.365478515625,-1,-1,-1,-1
150,4,90.93626403808594,398.1012878417969,37.03070831298828,83.89871215820312,-1,-1,-1,-1
151,4,93.74114990234375,395.88336181640625,35.35906219482422,86.11663818359375,-1,-1,-1,-1
152,4,96.98204040527344,395.553955078125,34.22825622558594,86.446044921875,-1,-1,-1,-1
153,4,100.2823715209961,394.7044372558594,38.023033142089844,87.29556274414062,-1,-1,-1,-1
154,4,100.61448669433594,394.8507385253906,39.81852722167969,87.14926147460938,-1,-1,-1,-1
155,4,104.31656646728516,393.4461364746094,39.630165100097656,88.55386352539062,-1,-1,-1,-1
156,4,106.52825164794922,393.6287536621094,38.335716247558594,88.37124633789062,-1,-1,-1,-1
157,4,109.78059387207031,391.39373779296875,38.28108215332031,90.60626220703125,-1,-1,-1,-1
158,4,111.80525970458984,390.2931213378906,37.866294860839844,91.70687866210938,-1,-1,-1,-1
159,4,116.44805908203125,389.16632080078125,37.698760986328125,92.83367919921875,-1,-1,-1,-1
160,4,118.8276596069336,389.516357421875,37.66931915283203,92.483642578125,-1,-1,-1,-1
161,4,123.26905822753906,387.9637756347656,38.86329650878906,94.03622436523438,-1,-1,-1,-1
162,4,124.96626281738281,388.36297607421875,38.92936706542969,92.78439331054688,-1,-1,-1,-1
163,4,128.00882720947266,388.3308410644531,38.094871520996094,90.9337158203125,-1,-1,-1,-1
164,4,129.38818359375,387.7064208984375,37.329437255859375,92.6915283203125,-1,-1,-1,-1
165,4,130.8974609375,386.0211181640625,38.3846435546875,93.9102783203125,-1,-1,-1,-1
166,4,132.5524444580078,384.5937805175781,38.002532958984375,93.895263671875,-1,-1,-1,-1
167,4,136.80105590820312,382.3922119140625,37.37965393066406,92.21737670898438,-1,-1,-1,-1
168,4,139.13204956054688,382.314208984375,35.11247253417969,91.7293701171875,-1,-1,-1,-1
169,4,143.4522247314453,381.53179931640625,32.357208251953125,92.59158325195312,-1,-1,-1,-1
170,4,144.94046020507812,381.0702819824219,31.847335815429688,92.9434814453125,-1,-1,-1,-1
171,4,148.18609619140625,380.00811767578125,34.61476135253906,94.268798828125,-1,-1,-1,-1
172,4,148.81863403320312,379.80694580078125,35.852691650390625,93.8006591796875,-1,-1,-1,-1
173,4,150.5595245361328,379.32965087890625,37.56817626953125,93.0130615234375,-1,-1,-1,-1
174,4,151.45803833007812,378.9647216796875,38.20564270019531,92.19442749023438,-1,-1,-1,-1
175,4,156.1195831298828,377.9619140625,36.29768371582031,90.4276123046875,-1,-1,-1,-1
176,4,157.76783752441406,376.97833251953125,35.5780029296875,90.46176147460938,-1,-1,-1,-1
177,4,164.46157836914062,376.0693664550781,35.09706115722656,89.38034057617188,-1,-1,-1,-1
178,4,165.86363220214844,375.1822509765625,35.456939697265625,89.8367919921875,-1,-1,-1,-1
179,4,168.1680145263672,373.8612976074219,37.13066101074219,91.877685546875,-1,-1,-1,-1
180,4,169.3046417236328,373.68170166015625,36.907318115234375,91.2357177734375,-1,-1,-1,-1
181,4,170.28164672851562,373.91815185546875,37.29042053222656,90.4100341796875,-1,-1,-1,-1
182,4,171.7489471435547,373.3177795410156,37.52197265625,90.50253295898438,-1,-1,-1,-1
183,4,173.72280883789062,371.89947509765625,37.388916015625,90.6546630859375,-1,-1,-1,-1
184,4,176.04208374023438,370.82586669921875,36.97975158691406,90.1767578125,-1,-1,-1,-1
185,4,181.74171447753906,369.7518615722656,34.25791931152344,87.91696166992188,-1,-1,-1,-1
186,4,183.91055297851562,368.3084716796875,32.895294189453125,89.71615600585938,-1,-1,-1,-1
187,4,188.62033081054688,366.8382263183594,31.715286254882812,90.3939208984375,-1,-1,-1,-1
188,4,189.86154174804688,366.4297180175781,31.4984130859375,90.62322998046875,-1,-1,-1,-1
189,4,193.17425537109375,365.03741455078125,33.24604797363281,91.60910034179688,-1,-1,-1,-1
190,4,193.9234161376953,365.2069396972656,34.148345947265625,90.24319458007812,-1,-1,-1,-1
191,4,195.4299774169922,365.66455078125,35.382598876953125,88.62680053710938,-1,-1,-1,-1
192,4,196.06190490722656,364.62469482421875,36.59159851074219,89.04464721679688,-1,-1,-1,-1
193,4,200.13182067871094,363.3966064453125,36.48583984375,89.27706909179688,-1,-1,-1,-1
194,4,202.83592224121094,362.54168701171875,35.61396789550781,88.52362060546875,-1,-1,-1,-1
195,4,209.4603271484375,360.55084228515625,33.53477478027344,87.45120239257812,-1,-1,-1,-1
196,4,210.65159606933594,360.31573486328125,33.22154235839844,88.02566528320312,-1,-1,-1,-1
197,4,212.28506469726562,359.4459533691406,33.13618469238281,88.68768310546875,-1,-1,-1,-1
198,4,213.3109130859375,359.08831787109375,33.26007080078125,88.25927734375,-1,-1,-1,-1
199,4,214.28636169433594,358.40087890625,35.92315673828125,88.99755859375,-1,-1,-1,-1
200,4,214.62611389160156,358.3617858886719,36.91339111328125,88.83636474609375,-1,-1,-1,-1
134,5,10.709917068481445,398.7922668457031,38.980642318725586,83.20773315429688,-1,-1,-1,-1
135,5,20.77099609375,398.7886657714844,36.035888671875,83.21133422851562,-1,-1,-1,-1
136,5,19.98126792907715,399.802734375,39.89130210876465,82.197265625,-1,-1,-1,-1
137,5,21.403013229370117,400.7250671386719,41.23372840881348,81.27493286132812,-1,-1,-1,-1
138,5,22.698780059814453,398.3185119628906,42.0698127746582,83.68148803710938,-1,-1,-1,-1
139,5,26.555356979370117,398.0271911621094,41.79040718078613,83.97280883789062,-1,-1,-1,-1
140,5,28.34307861328125,397.2766418457031,42.42091369628906,84.72335815429688,-1,-1,-1,-1
141,5,31.28663444519043,394.4859313964844,40.72844886779785,87.51406860351562,-1,-1,-1,-1
142,5,35.61223602294922,393.19244384765625,38.919654846191406,88.80755615234375,-1,-1,-1,-1
143,5,42.525169372558594,392.2838134765625,36.85645294189453,89.7161865234375,-1,-1,-1,-1
144,5,43.81291580200195,392.0383605957031,35.55238723754883,89.96163940429688,-1,-1,-1,-1
145,5,45.41038513183594,390.6833190917969,37.83929443359375,91.31668090820312,-1,-1,-1,-1
146,5,45.69099426269531,390.41632080078125,40.11253356933594,91.58367919921875,-1,-1,-1,-1
147,5,44.836029052734375,389.8345947265625,44.67205810546875,92.1654052734375,-1,-1,-1,-1
148,5,45.60097885131836,389.83831787109375,46.5332145690918,92.16168212890625,-1,-1,-1,-1
149,5,47.82073211669922,389.3543395996094,46.11823272705078,92.64566040039062,-1,-1,-1,-1
150,5,48.07826614379883,389.0393981933594,47.3573112487793,92.96060180664062,-1,-1,-1,-1
151,5,52.75611877441406,386.0833740234375,44.198692321777344,95.9166259765625,-1,-1,-1,-1
152,5,56.177330017089844,384.386962890625,41.98957824707031,97.613037109375,-1,-1,-1,-1
153,5,62.8841667175293,382.4881591796875,39.07229995727539,98.98501586914062,-1,-1,-1,-1
154,5,68.36182403564453,381.8624267578125,36.775367736816406,100.1375732421875,-1,-1,-1,-1
155,5,75.13941192626953,381.0892028808594,34.37144470214844,100.78195190429688,-1,-1,-1,-1
156,5,76.30994415283203,380.09051513671875,34.790191650390625,101.845703125,-1,-1,-1,-1
157,5,79.84197998046875,379.80474853515625,37.57276916503906,102.19525146484375,-1,-1,-1,-1
158,5,80.71894836425781,379.77301025390625,37.72352600097656,101.88290405273438,-1,-1,-1,-1
159,5,83.1806869506836,379.5223083496094,40.01329040527344,100.98056030273438,-1,-1,-1,-1
160,5,84.83634948730469,378.89892578125,38.62852478027344,100.51126098632812,-1,-1,-1,-1
161,5,85.906494140625,377.9526062011719,38.77427673339844,99.74505615234375,-1,-1,-1,-1
162,5,86.9822006225586,377.0441589355469,38.68666076660156,99.64242553710938,-1,-1,-1,-1
163,5,90.67337799072266,374.6947326660156,37.524620056152344,99.08389282226562,-1,-1,-1,-1
164,5,92.88880920410156,373.7508239746094,35.72527313232422,98.52328491210938,-1,-1,-1,-1
165,5,97.48670959472656,372.8648376464844,34.04803466796875,98.65960693359375,-1,-1,-1,-1
166,5,98.31793212890625,372.3611145019531,34.59007263183594,98.662109375,-1,-1,-1,-1
167,5,98.61848449707031,371.88037109375,36.64653015136719,98.801025390625,-1,-1,-1,-1
168,5,98.71288299560547,371.4355163574219,37.814781188964844,98.99468994140625,-1,-1,-1,-1
169,5,99.24445343017578,371.3270568847656,38.93584442138672,98.95504760742188,-1,-1,-1,-1
170,5,100.3882827758789,371.05535888671875,39.21831512451172,99.19338989257812,-1,-1,-1,-1
171,5,103.55567169189453,369.5118408203125,39.01854705810547,100.01333618164062,-1,-1,-1,-1
172,5,104.61441802978516,369.17266845703125,39.216697692871094,99.19265747070312,-1,-1,-1,-1
173,5,108.40831756591797,367.394287109375,38.40618133544922,97.65133666992188,-1,-1,-1,-1
174,5,110.34893035888672,366.54034423828125,37.40618133544922,96.89035034179688,-1,-1,-1,-1
175,5,115.9054183959961,365.0309753417969,35.26319122314453,97.41595458984375,-1,-1,-1,-1
176,5,117.93525695800781,363.4463806152344,34.69319152832031,99.6041259765625,-1,-1,-1,-1
177,5,122.4107666015625,361.8942565917969,34.03460693359375,99.335693359375,-1,-1,-1,-1
178,5,123.75865173339844,361.5633239746094,33.955413818359375,99.23907470703125,-1,-1,-1,-1
179,5,127.08438110351562,361.563720703125,37.53092956542969,97.84698486328125,-1,-1,-1,-1
180,5,127.80325317382812,361.63427734375,38.45512390136719,97.20370483398438,-1,-1,-1,-1
181,5,128.80554962158203,361.2769470214844,39.259239196777344,96.820556640625,-1,-1,-1,-1
182,5,129.73158264160156,360.27166748046875,39.77781677246094,97.31228637695312,-1,-1,-1,-1
183,5,132.3951873779297,359.8132629394531,39.86122131347656,96.72265625,-1,-1,-1,-1
184,5,134.67819213867188,359.3000183105469,39.05731201171875,96.2734375,-1,-1,-1,-1
185,5,139.8892059326172,356.4118957519531,36.056182861328125,96.634033203125,-1,-1,-1,-1
186,5,141.91746520996094,355.6113586425781,34.57417297363281,96.37503051757812,-1,-1,-1,-1
187,5,144.15528869628906,354.8528747558594,34.493011474609375,95.740966796875,-1,-1,-1,-1
188,5,145.08499145507812,354.83941650390625,35.33662414550781,95.68582153320312,-1,-1,-1,-1
189,5,146.00732421875,354.58428955078125,37.136199951171875,95.7801513671875,-1,-1,-1,-1
190,5,146.89573669433594,354.8362121582031,37.078125,95.10382080078125,-1,-1,-1,-1
191,5,148.43785095214844,354.29254150390625,37.348663330078125,95.6929931640625,-1,-1,-1,-1
192,5,149.67288208007812,353.9844970703125,37.49174499511719,95.56558227539062,-1,-1,-1,-1
193,5,152.22744750976562,352.7066650390625,37.03605651855469,95.78067016601562,-1,-1,-1,-1
194,5,153.67724609375,351.98992919921875,37.026214599609375,95.38369750976562,-1,-1,-1,-1
195,5,157.78402709960938,349.3534851074219,37.60691833496094,93.88009643554688,-1,-1,-1,-1
196,5,160.18475341796875,348.9959716796875,36.39363098144531,93.53396606445312,-1,-1,-1,-1
197,5,166.1827392578125,347.095458984375,34.43397521972656,94.63302612304688,-1,-1,-1,-1
198,5,167.44593811035156,346.5193786621094,34.1842041015625,94.87539672851562,-1,-1,-1,-1
199,5,170.52935791015625,345.498779296875,35.161773681640625,95.3912353515625,-1,-1,-1,-1
200,5,172.94097900390625,345.064697265625,36.46043395996094,94.20025634765625,-1,-1,-1,-1
135,6,1.0,364.44677734375,28.6406307220459,100.62139892578125,-1,-1,-1,-1
136,6,1.0,364.1043701171875,26.74656867980957,100.78173828125,-1,-1,-1,-1
137,6,1.0,365.94268798828125,27.134387969970703,97.62197875976562,-1,-1,-1,-1
138,6,1.0,366.9698486328125,27.453847885131836,96.45999145507812,-1,-1,-1,-1
139,6,1.0,366.0988464355469,29.18811798095703,97.54470825195312,-1,-1,-1,-1
140,6,1.0,367.4051513671875,29.306678771972656,96.101318359375,-1,-1,-1,-1
141,6,1.0,365.77032470703125,29.846633911132812,97.06832885742188,-1,-1,-1,-1
142,6,1.0,365.1099853515625,29.94239616394043,97.126220703125,-1,-1,-1,-1
143,6,1.0,362.4362487792969,30.81142234802246,95.87362670898438,-1,-1,-1,-1
144,6,1.0,362.2559814453125,31.253599166870117,94.46258544921875,-1,-1,-1,-1
145,6,1.0,362.189208984375,32.0315055847168,94.09542846679688,-1,-1,-1,-1
146,6,1.0,359.1535339355469,32.7734375,96.35818481445312,-1,-1,-1,-1
147,6,1.0,357.3876037597656,32.91386032104492,97.55130004882812,-1,-1,-1,-1
148,6,1.0,357.04803466796875,33.121604919433594,97.28265380859375,-1,-1,-1,-1
149,6,1.0,357.04315185546875,33.52669143676758,97.17877197265625,-1,-1,-1,-1
150,6,1.0,356.7150573730469,33.68283462524414,97.158935546875,-1,-1,-1,-1
151,6,1.4967022240161896,356.43121337890625,33.63561055064201,96.37661743164062,-1,-1,-1,-1
152,6,1.3330951929092407,359.4559631347656,33.1549266576767,92.38641357421875,-1,-1,-1,-1
153,6,1.0,359.99102783203125,32.39258003234863,91.08123779296875,-1,-1,-1,-1
154,6,1.0,356.581298828125,32.41900825500488,93.24334716796875,-1,-1,-1,-1
155,6,1.0,353.5362243652344,32.94091033935547,92.08627319335938,-1,-1,-1,-1
156,6,1.0,352.5074768066406,32.29779815673828,92.26239013671875,-1,-1,-1,-1
157,6,1.0,347.76220703125,31.62721061706543,96.87930297851562,-1,-1,-1,-1
158,6,1.0,348.14801025390625,31.304723739624023,96.14938354492188,-1,-1,-1,-1
159,6,1.0,345.6569519042969,31.181472778320312,98.10894775390625,-1,-1,-1,-1
160,6,1.0,346.5502014160156,30.998023986816406,96.94039916992188,-1,-1,-1,-1
161,6,1.0,348.1990966796875,29.80630874633789,94.84317016601562,-1,-1,-1,-1
162,6,1.0,349.3351745605469,29.953035354614258,93.63034057617188,-1,-1,-1,-1
163,6,1.0,349.9883117675781,29.491971969604492,92.73870849609375,-1,-1,-1,-1
164,6,1.0,348.53277587890625,29.497039794921875,93.51419067382812,-1,-1,-1,-1
165,6,1.0,348.0710754394531,31.1717586517334,93.6043701171875,-1,-1,-1,-1
166,6,1.0,347.6030578613281,31.9401912689209,93.66909790039062,-1,-1,-1,-1
167,6,1.0,346.9654846191406,31.949325561523438,93.34317016601562,-1,-1,-1,-1
168,6,1.0,345.9586181640625,31.60858917236328,93.06484985351562,-1,-1,-1,-1
169,6,1.0,346.34521484375,30.278406143188477,91.49862670898438,-1,-1,-1,-1
170,6,1.0,343.1988525390625,30.57866096496582,94.65509033203125,-1,-1,-1,-1
171,6,1.0,342.44976806640625,31.416929244995117,94.94265747070312,-1,-1,-1,-1
172,6,1.0036403657868505,344.1049499511719,31.699984359554946,92.9237060546875,-1,-1,-1,-1
173,6,1.0,344.0240478515625,32.4371452331543,92.01016235351562,-1,-1,-1,-1
174,6,1.0,345.27252197265625,32.54129981994629,90.24014282226562,-1,-1,-1,-1
175,6,1.0,342.8050537109375,32.847055435180664,91.94619750976562,-1,-1,-1,-1
176,6,1.0,341.6608581542969,31.978609085083008,93.10916137695312,-1,-1,-1,-1
177,6,1.0,331.8185729980469,32.08220100402832,102.16812133789062,-1,-1,-1,-1
178,6,1.0,332.3900451660156,31.5816707611084,98.11077880859375,-1,-1,-1,-1
179,6,1.0,329.12744140625,31.021209716796875,99.83892822265625,-1,-1,-1,-1
180,6,1.0,326.60888671875,30.58909034729004,101.75994873046875,-1,-1,-1,-1
181,6,1.0,328.3089904785156,29.889827728271484,100.64578247070312,-1,-1,-1,-1
182,6,1.0,328.88629150390625,29.938879013061523,100.10281372070312,-1,-1,-1,-1
183,6,1.0,328.8148193359375,30.454206466674805,99.9779052734375,-1,-1,-1,-1
184,6,1.0,327.09149169921875,28.719280242919922,101.80343627929688,-1,-1,-1,-1
185,6,1.0,330.8564453125,29.463544845581055,96.60391235351562,-1,-1,-1,-1
186,6,1.0,335.13336181640625,29.856342315673828,90.61761474609375,-1,-1,-1,-1
187,6,1.0,334.6231994628906,32.48823356628418,91.38787841796875,-1,-1,-1,-1
188,6,1.281381607055664,334.43170166015625,33.585187911987305,90.68991088867188,-1,-1,-1,-1
189,6,1.8035892844200134,335.72662353515625,33.67495685815811,87.10000610351562,-1,-1,-1,-1
190,6,1.7183971405029297,331.46392822265625,34.718027114868164,89.67462158203125,-1,-1,-1,-1
191,6,3.8666741847991943,325.57769775390625,32.799761056900024,95.23019409179688,-1,-1,-1,-1
192,6,4.102922677993774,324.3420715332031,33.16674590110779,96.28750610351562,-1,-1,-1,-1
193,6,5.079678058624268,317.9216003417969,32.986411571502686,101.861083984375,-1,-1,-1,-1
194,6,5.073575019836426,312.8109130859375,33.339884757995605,106.1409912109375,-1,-1,-1,-1
197,6,3.7748260498046875,306.0926818847656,35.031925201416016,112.8787841796875,-1,-1,-1,-1
198,6,5.69342041015625,315.1985168457031,33.1741943359375,102.01577758789062,-1,-1,-1,-1
144,7,611.9551391601562,122.39948272705078,25.7705078125,67.6058578491211,-1,-1,-1,-1
145,7,611.255126953125,121.5310287475586,27.801025390625,76.17171478271484,-1,-1,-1,-1
146,7,611.204833984375,122.58110046386719,27.4212646484375,75.92254638671875,-1,-1,-1,-1
147,7,610.806884765625,122.43047332763672,28.0167236328125,75.47570037841797,-1,-1,-1,-1
148,7,610.5189208984375,122.00287628173828,28.10174560546875,78.05254364013672,-1,-1,-1,-1
149,7,612.4048461914062,122.33275604248047,26.3892822265625,70.14484405517578,-1,-1,-1,-1
150,7,612.9609375,121.49225616455078,26.96826171875,70.14769744873047,-1,-1,-1,-1
