1,1,409.8081970214844,374.8633728027344,37.879058837890625,102.87893676757812,-1,-1,-1,-1
2,1,409.7866516113281,374.5686340332031,37.684814453125,102.93899536132812,-1,-1,-1,-1
3,1,408.8583984375,373.6475524902344,37.865142822265625,102.77236938476562,-1,-1,-1,-1
4,1,407.8597106933594,372.93255615234375,38.754730224609375,102.48593139648438,-1,-1,-1,-1
5,1,406.0318908691406,372.90625,38.938262939453125,101.69638061523438,-1,-1,-1,-1
6,1,404.7911071777344,372.49566650390625,39.7069091796875,101.52755737304688,-1,-1,-1,-1
7,1,404.3169860839844,372.1761169433594,39.50567626953125,102.13516235351562,-1,-1,-1,-1
8,1,403.6007995605469,371.6887512207031,40.18939208984375,102.68997192382812,-1,-1,-1,-1
9,1,403.13720703125,371.15350341796875,40.002777099609375,102.68740844726562,-1,-1,-1,-1
10,1,403.1516418457031,370.8433837890625,39.783843994140625,102.26907348632812,-1,-1,-1,-1
11,1,402.2912902832031,369.94110107421875,40.097259521484375,102.43902587890625,-1,-1,-1,-1
12,1,401.777099609375,369.50762939453125,39.45843505859375,101.96942138671875,-1,-1,-1,-1
13,1,401.1885070800781,367.96722412109375,39.47515869140625,102.32412719726562,-1,-1,-1,-1
14,1,400.8542175292969,367.05621337890625,39.211395263671875,101.75372314453125,-1,-1,-1,-1
15,1,399.92901611328125,365.527587890625,39.633209228515625,101.01022338867188,-1,-1,-1,-1
16,1,399.6075439453125,364.6150207519531,39.53302001953125,101.70809936523438,-1,-1,-1,-1
17,1,398.4271545410156,363.99493408203125,38.5860595703125,101.48101806640625,-1,-1,-1,-1
18,1,397.7160949707031,363.6299133300781,39.1605224609375,101.90298461914062,-1,-1,-1,-1
19,1,397.0489807128906,363.4172668457031,38.61016845703125,102.09027099609375,-1,-1,-1,-1
20,1,396.4750671386719,363.1607666015625,38.106903076171875,102.4005126953125,-1,-1,-1,-1
21,1,396.2160949707031,362.9549865722656,36.97314453125,102.4073486328125,-1,-1,-1,-1
22,1,395.8473815917969,362.40142822265625,36.339935302734375,102.81594848632812,-1,-1,-1,-1
23,1,394.7317810058594,361.169189453125,36.641693115234375,102.614990234375,-1,-1,-1,-1
24,1,393.9941711425781,360.41131591796875,36.942413330078125,102.95657348632812,-1,-1,-1,-1
25,1,392.4218444824219,358.1886901855469,38.56634521484375,103.6602783203125,-1,-1,-1,-1
26,1,391.6014709472656,357.92547607421875,38.905548095703125,102.38235473632812,-1,-1,-1,-1
27,1,390.2882080078125,356.11505126953125,39.409027099609375,101.85726928710938,-1,-1,-1,-1
28,1,389.3219299316406,355.781494140625,38.85455322265625,100.65121459960938,-1,-1,-1,-1
29,1,388.4822692871094,355.43060302734375,38.381866455078125,99.89907836914062,-1,-1,-1,-1
30,1,388.06695556640625,355.1345520019531,37.957275390625,99.85617065429688,-1,-1,-1,-1
31,1,387.57513427734375,354.8328857421875,37.7357177734375,99.571533203125,-1,-1,-1,-1
32,1,387.0272216796875,354.7138977050781,37.687957763671875,99.89651489257812,-1,-1,-1,-1
33,1,386.2596130371094,354.3951110839844,38.45751953125,100.13543701171875,-1,-1,-1,-1
34,1,386.06597900390625,354.2229919433594,38.772186279296875,99.29937744140625,-1,-1,-1,-1
35,1,385.3048095703125,353.1220397949219,38.683685302734375,99.2569580078125,-1,-1,-1,-1
36,1,384.7895812988281,352.0786437988281,39.174285888671875,99.2855224609375,-1,-1,-1,-1
37,1,384.79302978515625,350.21148681640625,39.664337158203125,100.46755981445312,-1,-1,-1,-1
38,1,385.1930236816406,349.4617004394531,39.4656982421875,98.90151977539062,-1,-1,-1,-1
39,1,385.21282958984375,347.6978454589844,38.881866455078125,98.30245971679688,-1,-1,-1,-1
40,1,385.5718688964844,347.3608093261719,38.18292236328125,97.62353515625,-1,-1,-1,-1
41,1,385.60723876953125,346.58251953125,38.235382080078125,98.48828125,-1,-1,-1,-1
42,1,385.5107727050781,346.2061767578125,38.509735107421875,98.87625122070312,-1,-1,-1,-1
43,1,385.8111877441406,345.8653869628906,38.349334716796875,99.23696899414062,-1,-1,-1,-1
44,1,386.0481262207031,345.5625305175781,38.35028076171875,99.47442626953125,-1,-1,-1,-1
45,1,386.34942626953125,345.2960205078125,37.868133544921875,99.71368408203125,-1,-1,-1,-1
46,1,386.2096252441406,345.042724609375,37.98443603515625,99.64273071289062,-1,-1,-1,-1
47,1,386.2702941894531,343.86065673828125,37.83599853515625,99.95767211914062,-1,-1,-1,-1
48,1,385.8786315917969,343.2077941894531,38.04119873046875,100.28536987304688,-1,-1,-1,-1
49,1,384.8080749511719,341.72686767578125,38.858673095703125,100.19302368164062,-1,-1,-1,-1
50,1,385.019287109375,340.99237060546875,38.347137451171875,99.72872924804688,-1,-1,-1,-1
51,1,385.2230529785156,340.05474853515625,37.8731689453125,98.02783203125,-1,-1,-1,-1
52,1,384.66778564453125,339.38348388671875,38.116729736328125,97.62213134765625,-1,-1,-1,-1
53,1,384.7005920410156,338.4030456542969,37.840087890625,98.28350830078125,-1,-1,-1,-1
54,1,384.7802429199219,338.056884765625,37.9241943359375,98.35031127929688,-1,-1,-1,-1
55,1,384.3714904785156,338.00030517578125,38.277923583984375,97.94937133789062,-1,-1,-1,-1
56,1,385.138916015625,338.06488037109375,37.76824951171875,98.02853393554688,-1,-1,-1,-1
57,1,386.4477233886719,338.2509765625,36.959869384765625,97.02923583984375,-1,-1,-1,-1
58,1,386.7804870605469,337.9960021972656,37.365570068359375,96.65707397460938,-1,-1,-1,-1
59,1,386.7859191894531,337.1363830566406,38.60406494140625,97.0479736328125,-1,-1,-1,-1
60,1,387.8215637207031,336.9169921875,37.930023193359375,95.60159301757812,-1,-1,-1,-1
61,1,388.2418212890625,335.5376892089844,37.267547607421875,95.45175170898438,-1,-1,-1,-1
62,1,388.6208801269531,334.6571350097656,37.3624267578125,95.46389770507812,-1,-1,-1,-1
63,1,389.6515197753906,332.8196716308594,37.58892822265625,95.36151123046875,-1,-1,-1,-1
64,1,390.6786193847656,331.8647155761719,36.985137939453125,95.10595703125,-1,-1,-1,-1
65,1,391.345458984375,330.8887939453125,36.246429443359375,95.278076171875,-1,-1,-1,-1
66,1,392.0249328613281,330.369140625,35.477447509765625,95.23626708984375,-1,-1,-1,-1
67,1,392.9073181152344,329.8590087890625,35.03057861328125,95.43768310546875,-1,-1,-1,-1
68,1,393.6175537109375,329.4967041015625,34.92181396484375,95.94818115234375,-1,-1,-1,-1
69,1,394.1932373046875,329.3032531738281,35.254119873046875,96.40365600585938,-1,-1,-1,-1
70,1,394.9286804199219,329.19989013671875,35.16888427734375,96.63973999023438,-1,-1,-1,-1
71,1,395.37139892578125,328.9899597167969,34.698516845703125,96.55499267578125,-1,-1,-1,-1
72,1,395.8167419433594,328.50067138671875,34.322998046875,96.5341796875,-1,-1,-1,-1
73,1,396.2888488769531,327.7770690917969,34.1131591796875,96.79010009765625,-1,-1,-1,-1
74,1,396.6271667480469,327.1787109375,34.0306396484375,97.41448974609375,-1,-1,-1,-1
75,1,396.89605712890625,325.86749267578125,33.694366455078125,97.55224609375,-1,-1,-1,-1
76,1,397.3501892089844,324.5337829589844,33.201812744140625,96.95263671875,-1,-1,-1,-1
77,1,397.7677001953125,323.6260986328125,33.047210693359375,96.3638916015625,-1,-1,-1,-1
78,1,398.447509765625,323.0818786621094,32.942657470703125,96.21331787109375,-1,-1,-1,-1
79,1,398.8809814453125,322.73297119140625,32.984344482421875,96.26217651367188,-1,-1,-1,-1
80,1,399.0596923828125,322.5221862792969,33.103302001953125,95.9041748046875,-1,-1,-1,-1
81,1,399.42822265625,322.36865234375,33.277252197265625,95.83822631835938,-1,-1,-1,-1
82,1,399.7756042480469,322.26080322265625,33.1939697265625,95.22293090820312,-1,-1,-1,-1
83,1,400.4483337402344,322.1612854003906,32.64984130859375,95.02737426757812,-1,-1,-1,-1
84,1,400.7274475097656,321.72772216796875,32.341888427734375,94.939208984375,-1,-1,-1,-1
85,1,401.531982421875,321.01141357421875,31.91259765625,94.65545654296875,-1,-1,-1,-1
86,1,402.4706726074219,320.32525634765625,31.2396240234375,94.7181396484375,-1,-1,-1,-1
87,1,403.1898193359375,319.1947326660156,31.45916748046875,94.42459106445312,-1,-1,-1,-1
88,1,403.5513000488281,318.9208984375,31.612548828125,93.4688720703125,-1,-1,-1,-1
89,1,403.67596435546875,318.1712341308594,31.890716552734375,93.08822631835938,-1,-1,-1,-1
90,1,403.7361755371094,317.7373962402344,32.075927734375,92.99679565429688,-1,-1,-1,-1
91,1,403.81915283203125,316.9216613769531,32.359954833984375,93.39166259765625,-1,-1,-1,-1
92,1,403.8758850097656,316.3807373046875,32.316741943359375,93.60177612304688,-1,-1,-1,-1
93,1,403.9231872558594,315.9686584472656,32.020050048828125,93.25704956054688,-1,-1,-1,-1
94,1,403.4602966308594,315.7244873046875,32.5606689453125,93.41851806640625,-1,-1,-1,-1
95,1,403.70721435546875,315.7932434082031,32.252593994140625,93.6923828125,-1,-1,-1,-1
96,1,403.5763244628906,315.65380859375,32.07330322265625,93.7652587890625,-1,-1,-1,-1
97,1,403.10284423828125,315.027099609375,32.241546630859375,93.33615112304688,-1,-1,-1,-1
98,1,402.7839660644531,314.2533264160156,32.3265380859375,93.84320068359375,-1,-1,-1,-1
99,1,402.5120849609375,313.09747314453125,32.34368896484375,93.74386596679688,-1,-1,-1,-1
100,1,402.7215881347656,312.18316650390625,31.89276123046875,93.62530517578125,-1,-1,-1,-1
101,1,402.9884033203125,311.14056396484375,31.34674072265625,92.64877319335938,-1,-1,-1,-1
102,1,402.95721435546875,310.1978454589844,31.3662109375,93.92352294921875,-1,-1,-1,-1
103,1,402.9162902832031,309.4344482421875,31.37237548828125,94.32598876953125,-1,-1,-1,-1
104,1,402.93121337890625,309.03472900390625,31.279632568359375,94.20806884765625,-1,-1,-1,-1
105,1,403.1865234375,308.7821044921875,31.098968505859375,93.4364013671875,-1,-1,-1,-1
106,1,403.4207458496094,308.56573486328125,30.88092041015625,92.5526123046875,-1,-1,-1,-1
107,1,403.72906494140625,308.4732360839844,30.59271240234375,91.98211669921875,-1,-1,-1,-1
108,1,403.81329345703125,308.443115234375,30.357086181640625,91.80850219726562,-1,-1,-1,-1
109,1,404.36444091796875,308.150634765625,30.052398681640625,91.57537841796875,-1,-1,-1,-1
110,1,404.8675537109375,307.6474304199219,29.92999267578125,91.31179809570312,-1,-1,-1,-1
111,1,405.52587890625,306.3272399902344,30.172088623046875,91.23635864257812,-1,-1,-1,-1
112,1,406.0868835449219,306.02398681640625,30.34307861328125,90.29367065429688,-1,-1,-1,-1
113,1,406.54962158203125,304.52606201171875,30.679290771484375,91.01773071289062,-1,-1,-1,-1
114,1,406.9200439453125,303.998779296875,30.4334716796875,90.85247802734375,-1,-1,-1,-1
115,1,407.43255615234375,303.1036682128906,30.173919677734375,91.05810546875,-1,-1,-1,-1
116,1,407.72808837890625,302.51983642578125,29.9661865234375,91.34698486328125,-1,-1,-1,-1
117,1,408.1921691894531,301.61328125,29.814208984375,92.27139282226562,-1,-1,-1,-1
118,1,408.56903076171875,301.0701599121094,29.63037109375,92.56048583984375,-1,-1,-1,-1
119,1,408.8421325683594,300.8460388183594,29.95623779296875,92.97543334960938,-1,-1,-1,-1
120,1,409.2500305175781,300.720947265625,30.038909912109375,93.01571655273438,-1,-1,-1,-1
121,1,409.7956237792969,300.230224609375,30.19140625,93.26730346679688,-1,-1,-1,-1
122,1,409.95538330078125,300.14825439453125,30.1826171875,92.89154052734375,-1,-1,-1,-1
123,1,410.4517822265625,299.8133239746094,29.954833984375,92.23458862304688,-1,-1,-1,-1
124,1,410.2415771484375,299.6039733886719,30.000457763671875,91.29379272460938,-1,-1,-1,-1
125,1,410.4397888183594,299.0819091796875,29.84423828125,90.99795532226562,-1,-1,-1,-1
126,1,410.4281005859375,298.013427734375,30.064544677734375,90.82150268554688,-1,-1,-1,-1
127,1,410.4537048339844,296.3707580566406,30.46099853515625,91.4197998046875,-1,-1,-1,-1
128,1,410.5949401855469,295.8898620605469,30.50555419921875,91.42196655273438,-1,-1,-1,-1
129,1,410.6672668457031,295.1472473144531,30.906463623046875,91.44976806640625,-1,-1,-1,-1
130,1,410.9598388671875,294.9512634277344,30.879058837890625,91.02197265625,-1,-1,-1,-1
131,1,411.1039123535156,294.9704895019531,30.904541015625,90.60260009765625,-1,-1,-1,-1
132,1,411.4573974609375,295.0494079589844,30.58758544921875,90.12469482421875,-1,-1,-1,-1
133,1,411.8696594238281,295.3495178222656,30.4722900390625,89.77743530273438,-1,-1,-1,-1
134,1,412.0447998046875,295.1648254394531,30.731658935546875,89.95196533203125,-1,-1,-1,-1
135,1,412.6599426269531,294.5375671386719,30.656707763671875,89.49661254882812,-1,-1,-1,-1
136,1,413.0474548339844,294.09442138671875,30.779388427734375,89.737548828125,-1,-1,-1,-1
137,1,413.9955139160156,293.29498291015625,30.8367919921875,88.972412109375,-1,-1,-1,-1
138,1,414.4859619140625,292.4937438964844,31.0384521484375,89.42352294921875,-1,-1,-1,-1
139,1,415.06378173828125,291.32000732421875,31.158477783203125,88.83197021484375,-1,-1,-1,-1
140,1,415.59246826171875,290.93890380859375,31.448028564453125,88.3427734375,-1,-1,-1,-1
141,1,416.3845520019531,290.53704833984375,31.574737548828125,87.64044189453125,-1,-1,-1,-1
142,1,416.9482116699219,290.1695251464844,31.66278076171875,87.65176391601562,-1,-1,-1,-1
143,1,417.5353698730469,289.9167175292969,31.50823974609375,87.779541015625,-1,-1,-1,-1
144,1,417.9016418457031,289.69622802734375,31.22509765625,87.8873291015625,-1,-1,-1,-1
145,1,418.3956298828125,289.65362548828125,30.94793701171875,88.0699462890625,-1,-1,-1,-1
146,1,418.752685546875,289.6705627441406,30.656280517578125,87.90756225585938,-1,-1,-1,-1
147,1,419.1311340332031,289.2032165527344,30.479766845703125,87.70797729492188,-1,-1,-1,-1
148,1,419.22308349609375,288.50299072265625,30.3184814453125,88.12179565429688,-1,-1,-1,-1
149,1,419.4261169433594,286.86114501953125,30.30084228515625,89.49386596679688,-1,-1,-1,-1
150,1,419.5571594238281,285.93408203125,30.202301025390625,90.08016967773438,-1,-1,-1,-1
151,1,419.56805419921875,284.778564453125,30.395111083984375,89.66903686523438,-1,-1,-1,-1
152,1,419.6363525390625,283.9001770019531,30.64398193359375,88.82864379882812,-1,-1,-1,-1
153,1,419.5974426269531,283.13812255859375,30.791107177734375,88.36312866210938,-1,-1,-1,-1
154,1,419.4684753417969,282.6925964355469,31.154998779296875,89.02935791015625,-1,-1,-1,-1
155,1,419.662353515625,282.22296142578125,31.0604248046875,89.40060424804688,-1,-1,-1,-1
156,1,419.8034362792969,281.9825744628906,31.190185546875,89.37460327148438,-1,-1,-1,-1
157,1,420.52716064453125,281.86956787109375,31.064910888671875,88.46206665039062,-1,-1,-1,-1
158,1,420.67340087890625,281.8348693847656,31.08758544921875,88.77035522460938,-1,-1,-1,-1
159,1,421.1060791015625,281.82293701171875,31.15863037109375,88.14779663085938,-1,-1,-1,-1
160,1,421.1784362792969,281.52606201171875,31.544189453125,88.06707763671875,-1,-1,-1,-1
161,1,421.8213806152344,281.36639404296875,31.33135986328125,86.99868774414062,-1,-1,-1,-1
162,1,422.0904846191406,280.9681091308594,31.4639892578125,86.76596069335938,-1,-1,-1,-1
163,1,422.62091064453125,280.0074768066406,31.815399169921875,85.92416381835938,-1,-1,-1,-1
164,1,422.66943359375,278.5193786621094,33.558197021484375,86.66018676757812,-1,-1,-1,-1
165,1,423.4300231933594,277.3771057128906,33.74365234375,86.7713623046875,-1,-1,-1,-1
166,1,423.5137939453125,276.6978759765625,34.27130126953125,86.96194458007812,-1,-1,-1,-1
167,1,423.713134765625,276.38214111328125,35.84356689453125,86.40216064453125,-1,-1,-1,-1
168,1,424.25372314453125,276.3611145019531,35.630523681640625,85.76486206054688,-1,-1,-1,-1
169,1,423.98541259765625,276.1819152832031,36.914093017578125,86.36691284179688,-1,-1,-1,-1
170,1,424.2648620605469,276.319091796875,37.233856201171875,86.12594604492188,-1,-1,-1,-1
171,1,424.4432678222656,276.3316345214844,37.333709716796875,85.92648315429688,-1,-1,-1,-1
172,1,425.12799072265625,276.316162109375,36.548828125,85.65554809570312,-1,-1,-1,-1
173,1,425.9000549316406,275.7320556640625,35.272674560546875,85.655517578125,-1,-1,-1,-1
174,1,426.54119873046875,275.09765625,34.0732421875,86.01470947265625,-1,-1,-1,-1
175,1,427.1732482910156,273.9790344238281,33.457550048828125,86.5701904296875,-1,-1,-1,-1
176,1,427.3520202636719,273.1525573730469,33.00714111328125,86.28878784179688,-1,-1,-1,-1
177,1,427.85845947265625,272.5955505371094,32.262176513671875,86.20492553710938,-1,-1,-1,-1
178,1,428.1395568847656,272.0426025390625,31.619842529296875,86.26513671875,-1,-1,-1,-1
179,1,428.48785400390625,271.27197265625,31.39324951171875,86.54745483398438,-1,-1,-1,-1
180,1,428.7580871582031,271.01177978515625,31.14324951171875,86.31982421875,-1,-1,-1,-1
181,1,429.3101806640625,270.54791259765625,31.067108154296875,86.3721923828125,-1,-1,-1,-1
182,1,429.6041564941406,270.4464416503906,30.98828125,86.35958862304688,-1,-1,-1,-1
183,1,430.2597961425781,270.404296875,30.1510009765625,86.09967041015625,-1,-1,-1,-1
184,1,430.7477722167969,270.2853698730469,29.6728515625,85.94241333007812,-1,-1,-1,-1
185,1,430.81494140625,269.6981506347656,29.631683349609375,85.95846557617188,-1,-1,-1,-1
186,1,430.9108581542969,268.8349609375,29.6820068359375,86.32907104492188,-1,-1,-1,-1
187,1,431.0783996582031,267.6080322265625,30.31964111328125,86.2506103515625,-1,-1,-1,-1
188,1,431.045654296875,266.4967956542969,31.154022216796875,86.04135131835938,-1,-1,-1,-1
189,1,431.7196350097656,265.8826904296875,30.82635498046875,85.69757080078125,-1,-1,-1,-1
190,1,432.2099609375,265.3480529785156,30.720062255859375,85.6142578125,-1,-1,-1,-1
191,1,432.85174560546875,264.85247802734375,30.751251220703125,85.24346923828125,-1,-1,-1,-1
192,1,433.5588684082031,264.582275390625,31.25787353515625,84.90966796875,-1,-1,-1,-1
193,1,435.0334777832031,264.5085754394531,31.028350830078125,84.61233520507812,-1,-1,-1,-1
194,1,436.04730224609375,264.4806213378906,30.470367431640625,84.40216064453125,-1,-1,-1,-1
195,1,436.9173889160156,264.432373046875,29.786651611328125,84.288818359375,-1,-1,-1,-1
196,1,437.5953674316406,264.39825439453125,29.166900634765625,84.29013061523438,-1,-1,-1,-1
197,1,437.9153747558594,263.46478271484375,29.268035888671875,85.1370849609375,-1,-1,-1,-1
198,1,438.1290283203125,262.9709167480469,28.985748291015625,85.29190063476562,-1,-1,-1,-1
199,1,438.2698974609375,262.37896728515625,29.099884033203125,85.40234375,-1,-1,-1,-1
200,1,438.3932189941406,261.86468505859375,29.39935302734375,84.8187255859375,-1,-1,-1,-1
1,2,172.84634399414062,313.2236328125,33.39381408691406,91.56240844726562,-1,-1,-1,-1
2,2,172.39724731445312,313.9828186035156,33.21925354003906,90.73391723632812,-1,-1,-1,-1
3,2,171.22860717773438,314.38372802734375,33.06864929199219,91.25115966796875,-1,-1,-1,-1
4,2,169.99560546875,314.47003173828125,33.29637145996094,91.81744384765625,-1,-1,-1,-1
5,2,167.86611938476562,315.6488037109375,33.66313171386719,92.77005004882812,-1,-1,-1,-1
6,2,167.35238647460938,316.76251220703125,33.47807312011719,92.71115112304688,-1,-1,-1,-1
7,2,167.259765625,318.281494140625,32.17173767089844,92.6221923828125,-1,-1,-1,-1
8,2,166.653076171875,319.7860107421875,31.602920532226562,91.19711303710938,-1,-1,-1,-1
9,2,165.5939178466797,321.342529296875,31.14044189453125,90.12893676757812,-1,-1,-1,-1
10,2,164.86573791503906,321.75201416015625,31.515045166015625,90.31146240234375,-1,-1,-1,-1
11,2,162.88607788085938,321.8141174316406,31.982437133789062,91.189697265625,-1,-1,-1,-1
12,2,162.1501007080078,322.0071105957031,31.555038452148438,91.400146484375,-1,-1,-1,-1
13,2,159.3792266845703,321.544677734375,31.929473876953125,92.75018310546875,-1,-1,-1,-1
14,2,158.84402465820312,321.69354248046875,31.926773071289062,93.0760498046875,-1,-1,-1,-1
15,2,157.93032836914062,322.3548583984375,32.066619873046875,93.08670043945312,-1,-1,-1,-1
16,2,156.7904815673828,322.83441162109375,32.64714050292969,93.13723754882812,-1,-1,-1,-1
17,2,153.73782348632812,323.90350341796875,33.89031982421875,92.7325439453125,-1,-1,-1,-1
18,2,152.17918395996094,325.3403625488281,34.75559997558594,91.58932495117188,-1,-1,-1,-1
19,2,149.61326599121094,327.3564758300781,35.457275390625,91.0904541015625,-1,-1,-1,-1
20,2,148.9954833984375,327.119873046875,35.298614501953125,91.79159545898438,-1,-1,-1,-1
21,2,148.03097534179688,327.72491455078125,34.67723083496094,91.63787841796875,-1,-1,-1,-1
22,2,146.59646606445312,327.76385498046875,34.7034912109375,92.37423706054688,-1,-1,-1,-1
23,2,143.92181396484375,327.24688720703125,34.14154052734375,94.37185668945312,-1,-1,-1,-1
24,2,142.58863830566406,326.79632568359375,33.61933898925781,95.12698364257812,-1,-1,-1,-1
25,2,141.13885498046875,327.0057373046875,32.7509765625,95.49136352539062,-1,-1,-1,-1
26,2,139.3724822998047,327.0673522949219,33.31024169921875,96.25909423828125,-1,-1,-1,-1
27,2,137.17630004882812,327.4856262207031,33.903533935546875,97.37451171875,-1,-1,-1,-1
28,2,135.66018676757812,328.8548278808594,34.59625244140625,96.51141357421875,-1,-1,-1,-1
29,2,134.61819458007812,330.80279541015625,34.822662353515625,94.83740234375,-1,-1,-1,-1
30,2,132.57057189941406,332.2134094238281,35.873931884765625,93.754150390625,-1,-1,-1,-1
31,2,131.5640869140625,332.7071533203125,35.23036193847656,93.88375854492188,-1,-1,-1,-1
32,2,131.15721130371094,333.2913513183594,34.29554748535156,93.55059814453125,-1,-1,-1,-1
33,2,129.46665954589844,333.4511413574219,34.43316650390625,94.93060302734375,-1,-1,-1,-1
34,2,129.2092742919922,334.112060546875,33.97422790527344,94.9593505859375,-1,-1,-1,-1
35,2,128.514892578125,334.78253173828125,33.377197265625,94.33670043945312,-1,-1,-1,-1
36,2,127.54349517822266,334.7647399902344,33.31220245361328,95.00555419921875,-1,-1,-1,-1
37,2,125.92813110351562,336.402587890625,32.43391418457031,94.528076171875,-1,-1,-1,-1
38,2,123.42620086669922,336.5150146484375,34.07605743408203,95.21157836914062,-1,-1,-1,-1
39,2,119.59166717529297,337.9854736328125,36.40312957763672,94.8516845703125,-1,-1,-1,-1
40,2,118.82948303222656,339.20550537109375,36.619110107421875,93.59652709960938,-1,-1,-1,-1
41,2,116.72908020019531,340.21075439453125,37.585693359375,93.53521728515625,-1,-1,-1,-1
42,2,115.20832061767578,340.4997863769531,38.446495056152344,93.71942138671875,-1,-1,-1,-1
43,2,112.41700744628906,340.1980895996094,39.88703918457031,94.4788818359375,-1,-1,-1,-1
44,2,111.89427947998047,340.6020202636719,39.262229919433594,94.51797485351562,-1,-1,-1,-1
45,2,110.11715698242188,340.7894592285156,37.80888366699219,94.91845703125,-1,-1,-1,-1
46,2,109.75577545166016,340.3804016113281,36.38996124267578,95.52218627929688,-1,-1,-1,-1
47,2,105.99311828613281,340.1453552246094,34.326629638671875,96.58355712890625,-1,-1,-1,-1
48,2,104.5552749633789,338.6545104980469,34.73180389404297,98.41021728515625,-1,-1,-1,-1
49,2,102.61151885986328,341.7784423828125,33.866905212402344,96.90719604492188,-1,-1,-1,-1
50,2,101.80081939697266,343.1709289550781,33.270652770996094,96.30487060546875,-1,-1,-1,-1
51,2,101.04584503173828,345.243408203125,32.44116973876953,94.9827880859375,-1,-1,-1,-1
52,2,99.79595184326172,345.58355712890625,32.91699981689453,96.04293823242188,-1,-1,-1,-1
53,2,98.33270263671875,346.53558349609375,32.55729675292969,96.04104614257812,-1,-1,-1,-1
54,2,97.63253021240234,346.8892822265625,32.50745391845703,96.23922729492188,-1,-1,-1,-1
55,2,96.33719635009766,347.8204345703125,32.848876953125,96.3765869140625,-1,-1,-1,-1
56,2,95.85836791992188,348.69537353515625,32.48236846923828,95.48306274414062,-1,-1,-1,-1
57,2,94.04649353027344,348.6793518066406,32.45127868652344,95.22637939453125,-1,-1,-1,-1
58,2,92.48844909667969,348.7386169433594,32.82286834716797,95.6043701171875,-1,-1,-1,-1
59,2,91.09122467041016,349.30859375,33.016380310058594,95.593017578125,-1,-1,-1,-1
60,2,90.93877410888672,350.03741455078125,32.66905975341797,95.33755493164062,-1,-1,-1,-1
61,2,87.39746856689453,351.7115173339844,34.48155212402344,94.53811645507812,-1,-1,-1,-1
62,2,84.47894287109375,352.7735290527344,36.31730651855469,94.00088500976562,-1,-1,-1,-1
63,2,83.2894287109375,354.1730041503906,36.27783966064453,93.29241943359375,-1,-1,-1,-1
64,2,82.82449340820312,354.48675537109375,36.10761260986328,93.77471923828125,-1,-1,-1,-1
65,2,80.66232299804688,355.14202880859375,35.95130157470703,95.20849609375,-1,-1,-1,-1
66,2,79.6886978149414,356.07354736328125,36.348114013671875,94.83071899414062,-1,-1,-1,-1
67,2,77.27191925048828,356.21685791015625,37.48638153076172,95.31060791015625,-1,-1,-1,-1
68,2,76.34778594970703,356.6002197265625,37.06828308105469,94.43966674804688,-1,-1,-1,-1
69,2,73.59659576416016,356.8793029785156,36.566741943359375,93.49688720703125,-1,-1,-1,-1
70,2,72.96319580078125,357.3302001953125,35.593605041503906,92.6214599609375,-1,-1,-1,-1
71,2,60.27408218383789,361.1163330078125,49.45893478393555,120.8836669921875,-1,-1,-1,-1
72,2,61.111019134521484,360.2283935546875,50.97635269165039,121.7716064453125,-1,-1,-1,-1
73,2,60.57671356201172,362.49298095703125,52.51579284667969,119.50701904296875,-1,-1,-1,-1
74,2,62.08356857299805,365.07330322265625,49.73696517944336,116.92669677734375,-1,-1,-1,-1
75,2,64.24521255493164,368.6827392578125,45.77724075317383,113.3172607421875,-1,-1,-1,-1
76,2,62.80018615722656,364.56011962890625,36.10053253173828,94.7674560546875,-1,-1,-1,-1
77,2,62.27070236206055,364.3128662109375,34.87824630737305,95.23690795898438,-1,-1,-1,-1
78,2,61.688926696777344,364.9363098144531,34.74604797363281,95.91204833984375,-1,-1,-1,-1
79,2,58.72621536254883,364.1268005371094,34.9519157409668,97.58462524414062,-1,-1,-1,-1
80,2,57.978057861328125,364.0892639160156,34.02580261230469,97.69171142578125,-1,-1,-1,-1
81,2,53.69385528564453,364.69879150390625,34.03313446044922,97.59860229492188,-1,-1,-1,-1
82,2,53.10197830200195,364.9077453613281,33.73025894165039,98.13299560546875,-1,-1,-1,-1
83,2,48.88725280761719,365.73870849609375,35.842933654785156,99.23080444335938,-1,-1,-1,-1
84,2,47.14225769042969,366.0284118652344,37.1480712890625,99.5155029296875,-1,-1,-1,-1
85,2,42.295650482177734,366.7896728515625,40.256465911865234,100.2362060546875,-1,-1,-1,-1
86,2,41.59971237182617,367.2641296386719,40.871097564697266,100.25875854492188,-1,-1,-1,-1
87,2,40.954593658447266,368.573974609375,41.31931686401367,99.97329711914062,-1,-1,-1,-1
88,2,40.190208435058594,369.14825439453125,41.02405548095703,99.35232543945312,-1,-1,-1,-1
89,2,37.11637496948242,368.8753662109375,40.6102180480957,99.74761962890625,-1,-1,-1,-1
90,2,36.67094421386719,369.34844970703125,39.408843994140625,99.21212768554688,-1,-1,-1,-1
91,2,32.61403846740723,369.90869140625,37.21463584899902,99.69113159179688,-1,-1,-1,-1
92,2,32.34108924865723,369.86328125,36.27448081970215,99.29556274414062,-1,-1,-1,-1
93,2,28.404979705810547,370.0873107910156,35.51972961425781,99.26986694335938,-1,-1,-1,-1
94,2,28.42753028869629,370.5267639160156,35.47810173034668,99.30105590820312,-1,-1,-1,-1
95,2,26.66039276123047,372.0399475097656,34.91023635864258,101.14163208007812,-1,-1,-1,-1
96,2,25.997907638549805,372.47412109375,34.71913719177246,101.13995361328125,-1,-1,-1,-1
97,2,23.792268753051758,375.4453430175781,33.98604774475098,98.7943115234375,-1,-1,-1,-1
98,2,22.88766860961914,377.27691650390625,34.386024475097656,96.38381958007812,-1,-1,-1,-1
99,2,18.61981201171875,378.050537109375,35.54784393310547,96.35305786132812,-1,-1,-1,-1
100,2,18.003843307495117,378.4971008300781,35.519460678100586,96.81307983398438,-1,-1,-1,-1
101,2,16.80162811279297,379.1160888671875,34.37822341918945,96.86422729492188,-1,-1,-1,-1
102,2,15.735749244689941,379.125732421875,35.105101585388184,98.93338012695312,-1,-1,-1,-1
103,2,12.877758026123047,378.543212890625,36.27518081665039,101.650146484375,-1,-1,-1,-1
104,2,12.265707015991211,378.6924743652344,36.55948448181152,102.19894409179688,-1,-1,-1,-1
105,2,5.748588562011719,379.030029296875,38.40059280395508,102.969970703125,-1,-1,-1,-1
106,2,5.259174346923828,378.517822265625,38.52033233642578,103.482177734375,-1,-1,-1,-1
107,2,5.300021648406982,381.3226013183594,36.89970827102661,99.49557495117188,-1,-1,-1,-1
108,2,3.9890880584716797,383.19110107421875,37.53632164001465,98.15863037109375,-1,-1,-1,-1
109,2,1.0,383.3412170410156,38.69770050048828,98.65878295898438,-1,-1,-1,-1
110,2,1.0,383.3187255859375,38.12865447998047,98.6812744140625,-1,-1,-1,-1
111,2,1.0,386.19012451171875,34.859825134277344,95.80987548828125,-1,-1,-1,-1
112,2,1.0,385.16986083984375,33.492958068847656,96.83013916015625,-1,-1,-1,-1
1,3,134.8584747314453,322.5492248535156,31.450241088867188,84.80715942382812,-1,-1,-1,-1
2,3,134.6614990234375,323.2426452636719,30.714874267578125,83.91925048828125,-1,-1,-1,-1
3,3,132.6923370361328,322.605712890625,31.551803588867188,84.144775390625,-1,-1,-1,-1
4,3,132.23822021484375,322.918212890625,31.202117919921875,83.67477416992188,-1,-1,-1,-1
5,3,131.7501983642578,323.5885314941406,30.817489624023438,83.66134643554688,-1,-1,-1,-1
6,3,130.60084533691406,324.7579345703125,30.597427368164062,84.13101196289062,-1,-1,-1,-1
7,3,128.95723724365234,325.70440673828125,30.80052947998047,85.15682983398438,-1,-1,-1,-1
8,3,127.80516815185547,325.66650390625,30.182106018066406,85.75689697265625,-1,-1,-1,-1
9,3,125.32164001464844,326.5594482421875,30.890380859375,86.06137084960938,-1,-1,-1,-1
10,3,124.26084899902344,326.90301513671875,31.619155883789062,87.23455810546875,-1,-1,-1,-1
11,3,122.75916290283203,328.1599426269531,30.941627502441406,85.8682861328125,-1,-1,-1,-1
12,3,121.97891998291016,330.2825927734375,28.347679138183594,83.305419921875,-1,-1,-1,-1
13,3,120.51883697509766,332.5032653808594,30.41382598876953,82.7261962890625,-1,-1,-1,-1
14,3,120.99211883544922,336.7001647949219,29.27965545654297,78.21917724609375,-1,-1,-1,-1
15,3,119.05457305908203,335.229248046875,29.772789001464844,79.68093872070312,-1,-1,-1,-1
16,3,119.16907501220703,335.7985534667969,29.22107696533203,79.54287719726562,-1,-1,-1,-1
17,3,114.50871276855469,335.26605224609375,30.769638061523438,81.01092529296875,-1,-1,-1,-1
18,3,114.66512298583984,334.4248962402344,30.40546417236328,82.66619873046875,-1,-1,-1,-1
19,3,112.479248046875,333.7860107421875,31.87548828125,84.36343383789062,-1,-1,-1,-1
20,3,112.52429962158203,333.8320007324219,30.546546936035156,84.82171630859375,-1,-1,-1,-1
21,3,109.89816284179688,333.6124572753906,31.370315551757812,86.01910400390625,-1,-1,-1,-1
22,3,109.15096282958984,333.1490783691406,30.404563903808594,86.05828857421875,-1,-1,-1,-1
23,3,105.35150909423828,336.78326416015625,30.37415313720703,83.93841552734375,-1,-1,-1,-1
24,3,104.99132537841797,335.89276123046875,29.280784606933594,84.92172241210938,-1,-1,-1,-1
25,3,103.4905776977539,335.9124450683594,30.64435577392578,86.36361694335938,-1,-1,-1,-1
26,3,101.6485595703125,336.6783752441406,30.8297119140625,86.10501098632812,-1,-1,-1,-1
27,3,100.25180053710938,337.11529541015625,29.963790893554688,87.77017211914062,-1,-1,-1,-1
28,3,99.75724029541016,338.33392333984375,28.894256591796875,87.22512817382812,-1,-1,-1,-1
29,3,97.64353942871094,337.66229248046875,30.9945068359375,88.716552734375,-1,-1,-1,-1
30,3,97.08840942382812,338.5357666015625,31.351943969726562,88.27444458007812,-1,-1,-1,-1
31,3,95.50654602050781,339.8409423828125,31.183204650878906,86.79421997070312,-1,-1,-1,-1
32,3,94.02493286132812,341.0126647949219,31.279823303222656,85.53378295898438,-1,-1,-1,-1
33,3,93.28528594970703,342.07012939453125,31.162437438964844,85.22909545898438,-1,-1,-1,-1
34,3,92.44073486328125,342.83001708984375,31.644622802734375,85.38980102539062,-1,-1,-1,-1
35,3,89.28651428222656,341.9910583496094,32.979698181152344,87.36895751953125,-1,-1,-1,-1
36,3,88.40290069580078,342.38482666015625,33.12043762207031,87.43280029296875,-1,-1,-1,-1
37,3,84.44444274902344,347.7147216796875,32.159080505371094,82.68283081054688,-1,-1,-1,-1
38,3,81.75605010986328,344.9830322265625,33.006439208984375,86.31588745117188,-1,-1,-1,-1
39,3,80.88042449951172,347.24908447265625,31.863525390625,85.37478637695312,-1,-1,-1,-1
40,3,80.25617218017578,347.1933898925781,31.884124755859375,86.36810302734375,-1,-1,-1,-1
41,3,79.95928192138672,347.7642822265625,31.566383361816406,86.66845703125,-1,-1,-1,-1
42,3,78.83674621582031,348.5491638183594,31.41687774658203,86.13650512695312,-1,-1,-1,-1
43,3,76.80528259277344,347.77386474609375,32.522666931152344,87.31893920898438,-1,-1,-1,-1
44,3,74.94247436523438,347.6767578125,33.1341552734375,87.90704345703125,-1,-1,-1,-1
45,3,74.07522583007812,348.51904296875,32.39043426513672,86.7420654296875,-1,-1,-1,-1
46,3,73.30306243896484,348.748779296875,32.58058166503906,86.69046020507812,-1,-1,-1,-1
47,3,70.26712799072266,349.24658203125,33.766502380371094,88.46151733398438,-1,-1,-1,-1
48,3,69.24738311767578,349.17724609375,33.94371795654297,90.37460327148438,-1,-1,-1,-1
49,3,68.29285430908203,350.3594970703125,31.84551239013672,89.91403198242188,-1,-1,-1,-1
50,3,68.09573364257812,351.5066833496094,30.64202880859375,89.3765869140625,-1,-1,-1,-1
51,3,64.48526000976562,351.5057373046875,31.52014923095703,90.51754760742188,-1,-1,-1,-1
52,3,64.11819839477539,351.9990234375,30.32302474975586,90.55322265625,-1,-1,-1,-1
53,3,62.513675689697266,352.0624084472656,31.159908294677734,91.02395629882812,-1,-1,-1,-1
54,3,62.57289505004883,353.1579284667969,30.201251983642578,90.1427001953125,-1,-1,-1,-1
55,3,61.78565216064453,354.2191467285156,29.62609100341797,90.3778076171875,-1,-1,-1,-1
56,3,61.29477310180664,356.2337646484375,28.370990753173828,88.132080078125,-1,-1,-1,-1
57,3,58.347164154052734,357.0087890625,30.172245025634766,88.87252807617188,-1,-1,-1,-1
58,3,56.628868103027344,358.04498291015625,30.153175354003906,88.74862670898438,-1,-1,-1,-1
59,3,53.237274169921875,360.0697326660156,32.32853698730469,88.37478637695312,-1,-1,-1,-1
60,3,52.3304557800293,360.561767578125,32.88481521606445,88.70254516601562,-1,-1,-1,-1
61,3,50.10894775390625,365.0154113769531,33.84568786621094,84.18878173828125,-1,-1,-1,-1
62,3,44.55630111694336,363.2867736816406,38.316829681396484,89.752197265625,-1,-1,-1,-1
63,3,29.11138343811035,363.4747314453125,56.8267879486084,118.5252685546875,-1,-1,-1,-1
64,3,30.584861755371094,364.0299072265625,56.216957092285156,117.9700927734375,-1,-1,-1,-1
65,3,36.84803009033203,363.9180908203125,48.17375183105469,118.0819091796875,-1,-1,-1,-1
66,3,38.04814910888672,364.7281494140625,46.57085418701172,117.2718505859375,-1,-1,-1,-1
67,3,37.263153076171875,365.8111877441406,46.339195251464844,116.18881225585938,-1,-1,-1,-1
68,3,36.42617416381836,367.79693603515625,36.59383010864258,99.76077270507812,-1,-1,-1,-1
69,3,33.820030212402344,366.93023681640625,32.81854248046875,90.99905395507812,-1,-1,-1,-1
70,3,31.805692672729492,367.6871032714844,33.07348823547363,90.45513916015625,-1,-1,-1,-1
71,3,29.382322311401367,368.533447265625,31.614904403686523,89.11776733398438,-1,-1,-1,-1
72,3,28.8531436920166,367.9718017578125,32.85122489929199,90.351806640625,-1,-1,-1,-1
73,3,26.820756912231445,368.2605895996094,30.534555435180664,89.10903930664062,-1,-1,-1,-1
74,3,24.261293411254883,368.1572265625,31.855478286743164,90.03460693359375,-1,-1,-1,-1
75,3,22.759435653686523,368.0849914550781,32.378164291381836,91.66848754882812,-1,-1,-1,-1
76,3,21.831104278564453,367.0904541015625,32.65835189819336,93.48138427734375,-1,-1,-1,-1
77,3,18.88741111755371,367.635009765625,32.30499076843262,93.75076293945312,-1,-1,-1,-1
78,3,17.392602920532227,367.262939453125,32.48171424865723,94.84259033203125,-1,-1,-1,-1
79,3,11.756436347961426,368.0249938964844,36.715224266052246,96.02163696289062,-1,-1,-1,-1
80,3,10.02161979675293,369.28375244140625,37.61189842224121,94.59573364257812,-1,-1,-1,-1
81,3,6.23436164855957,371.5217590332031,38.77662467956543,93.66757202148438,-1,-1,-1,-1
82,3,6.2295074462890625,372.7783203125,38.021034240722656,92.67092895507812,-1,-1,-1,-1
83,3,5.357657432556152,374.7930603027344,37.60144901275635,91.7254638671875,-1,-1,-1,-1
84,3,3.754533529281616,376.2518310546875,37.01545166969299,90.78216552734375,-1,-1,-1,-1
85,3,1.0,375.9449462890625,34.6314582824707,90.22903442382812,-1,-1,-1,-1
86,3,1.0,375.2272644042969,32.426992416381836,90.87887573242188,-1,-1,-1,-1
87,3,1.0,374.0492858886719,30.603235244750977,93.20071411132812,-1,-1,-1,-1
88,3,1.0,375.5584411621094,28.7005672454834,93.54376220703125,-1,-1,-1,-1
89,3,1.0,377.05523681640625,26.129676818847656,93.48007202148438,-1,-1,-1,-1
90,3,1.0,378.42022705078125,27.272655487060547,91.355224609375,-1,-1,-1,-1
91,3,1.0,377.36468505859375,23.347030639648438,91.49929809570312,-1,-1,-1,-1
92,3,1.0,377.8936767578125,22.576345443725586,90.2528076171875,-1,-1,-1,-1
1,4,237.80392456054688,228.38848876953125,30.13702392578125,71.23129272460938,-1,-1,-1,-1
2,4,237.84823608398438,228.87692260742188,29.94805908203125,70.99740600585938,-1,-1,-1,-1
3,4,237.6028594970703,229.35794067382812,28.461471557617188,70.4361572265625,-1,-1,-1,-1
4,4,237.47930908203125,229.32302856445312,27.594085693359375,70.305908203125,-1,-1,-1,-1
5,4,237.57293701171875,229.71205139160156,26.066619873046875,69.88621520996094,-1,-1,-1,-1
6,4,237.05804443359375,229.355712890625,25.985137939453125,70.4776611328125,-1,-1,-1,-1
7,4,234.03598022460938,229.29750061035156,27.55682373046875,71.78938293457031,-1,-1,-1,-1
8,4,232.7293243408203,229.385498046875,27.662765502929688,72.25808715820312,-1,-1,-1,-1
9,4,232.4885711669922,233.46783447265625,26.294662475585938,68.66317749023438,-1,-1,-1,-1
10,4,232.2397003173828,234.37261962890625,26.115798950195312,68.57485961914062,-1,-1,-1,-1
11,4,232.4773406982422,236.15396118164062,24.801116943359375,67.38967895507812,-1,-1,-1,-1
12,4,232.0403289794922,235.64797973632812,24.892303466796875,68.47457885742188,-1,-1,-1,-1
13,4,231.06614685058594,232.61163330078125,25.346145629882812,71.51101684570312,-1,-1,-1,-1
14,4,231.2923583984375,235.0694580078125,24.3433837890625,69.22799682617188,-1,-1,-1,-1
15,4,230.20425415039062,234.15225219726562,25.332122802734375,70.87957763671875,-1,-1,-1,-1
16,4,229.99859619140625,233.29151916503906,25.703048706054688,71.87388610839844,-1,-1,-1,-1
17,4,230.40708923339844,236.9960479736328,25.639328002929688,69.16465759277344,-1,-1,-1,-1
18,4,229.1108856201172,229.09835815429688,29.958175659179688,78.949951171875,-1,-1,-1,-1
19,4,229.31141662597656,232.89622497558594,30.334152221679688,77.58110046386719,-1,-1,-1,-1
20,4,229.7838592529297,237.4039764404297,29.464767456054688,73.13691711425781,-1,-1,-1,-1
21,4,229.40138244628906,238.69825744628906,29.273178100585938,71.51307678222656,-1,-1,-1,-1
22,4,228.33334350585938,236.78575134277344,30.50933837890625,73.98985290527344,-1,-1,-1,-1
23,4,225.93898010253906,240.66383361816406,30.399337768554688,70.00883483886719,-1,-1,-1,-1
24,4,225.449462890625,240.8495635986328,29.273468017578125,69.51994323730469,-1,-1,-1,-1
25,4,225.7249298095703,241.67596435546875,26.6688232421875,68.96707153320312,-1,-1,-1,-1
26,4,225.27049255371094,241.6112518310547,26.471511840820312,69.22111511230469,-1,-1,-1,-1
27,4,224.15499877929688,241.60939025878906,26.08380126953125,69.66032409667969,-1,-1,-1,-1
28,4,223.35968017578125,240.8692169189453,25.86480712890625,70.85649108886719,-1,-1,-1,-1
29,4,220.9678497314453,241.43238830566406,27.298233032226562,71.57133483886719,-1,-1,-1,-1
30,4,220.6406707763672,241.46017456054688,27.105789184570312,71.737548828125,-1,-1,-1,-1
31,4,219.849609375,240.3054656982422,26.780410766601562,73.52293395996094,-1,-1,-1,-1
32,4,219.3818817138672,238.08485412597656,26.82281494140625,75.58543395996094,-1,-1,-1,-1
33,4,219.77838134765625,243.2539520263672,25.064849853515625,70.06022644042969,-1,-1,-1,-1
34,4,219.2942657470703,243.32986450195312,25.35137939453125,70.48992919921875,-1,-1,-1,-1
35,4,217.6380157470703,242.23080444335938,26.249191284179688,72.1248779296875,-1,-1,-1,-1
36,4,218.0771026611328,242.90341186523438,25.00384521484375,71.34805297851562,-1,-1,-1,-1
37,4,217.12274169921875,242.39515686035156,25.4984130859375,73.03697204589844,-1,-1,-1,-1
38,4,216.5519561767578,241.48695373535156,25.7374267578125,74.80747985839844,-1,-1,-1,-1
39,4,216.27127075195312,243.90025329589844,25.383010864257812,73.62998962402344,-1,-1,-1,-1
40,4,215.66412353515625,243.2003631591797,25.783554077148438,75.34400939941406,-1,-1,-1,-1
41,4,215.37271118164062,246.57073974609375,24.882080078125,73.1239013671875,-1,-1,-1,-1
42,4,214.24888610839844,247.7196502685547,25.268280029296875,72.05714416503906,-1,-1,-1,-1
43,4,213.28501892089844,249.69618225097656,25.57623291015625,70.34379577636719,-1,-1,-1,-1
44,4,212.9792938232422,249.88623046875,25.71929931640625,70.18624877929688,-1,-1,-1,-1
45,4,211.8050537109375,248.94839477539062,26.619308471679688,71.4400634765625,-1,-1,-1,-1
46,4,212.140625,248.9543914794922,26.00909423828125,70.94233703613281,-1,-1,-1,-1
47,4,211.5227813720703,250.07354736328125,26.183883666992188,70.03729248046875,-1,-1,-1,-1
48,4,211.40972900390625,250.37091064453125,25.864105224609375,70.15725708007812,-1,-1,-1,-1
49,4,210.9423370361328,250.80975341796875,25.868682861328125,71.12857055664062,-1,-1,-1,-1
50,4,209.93699645996094,251.4977264404297,26.097015380859375,71.52815246582031,-1,-1,-1,-1
51,4,207.60153198242188,253.12457275390625,26.5992431640625,71.13790893554688,-1,-1,-1,-1
52,4,206.95013427734375,253.16299438476562,26.253509521484375,71.89511108398438,-1,-1,-1,-1
53,4,205.81907653808594,253.820556640625,26.1297607421875,71.6773681640625,-1,-1,-1,-1
54,4,205.65940856933594,254.37828063964844,25.642120361328125,71.37742614746094,-1,-1,-1,-1
55,4,203.83941650390625,253.95570373535156,26.239837646484375,72.59773254394531,-1,-1,-1,-1
56,4,203.37002563476562,253.9330596923828,26.306488037109375,72.48127746582031,-1,-1,-1,-1
57,4,202.45687866210938,253.7853546142578,26.285430908203125,73.09257507324219,-1,-1,-1,-1
58,4,201.99966430664062,254.21653747558594,26.280929565429688,72.97895812988281,-1,-1,-1,-1
59,4,200.8380584716797,254.5390167236328,25.895721435546875,73.58598327636719,-1,-1,-1,-1
60,4,200.18788146972656,254.87863159179688,25.96307373046875,74.15792846679688,-1,-1,-1,-1
61,4,199.5755157470703,257.02679443359375,25.821548461914062,72.9608154296875,-1,-1,-1,-1
62,4,199.09259033203125,258.369873046875,25.408172607421875,71.7667236328125,-1,-1,-1,-1
63,4,197.99105834960938,259.2594299316406,25.188522338867188,71.03982543945312,-1,-1,-1,-1
64,4,197.9071807861328,259.8868713378906,24.688827514648438,70.56100463867188,-1,-1,-1,-1
65,4,196.3617706298828,259.22564697265625,25.452972412109375,71.84869384765625,-1,-1,-1,-1
66,4,194.78770446777344,259.1430358886719,26.226516723632812,72.44879150390625,-1,-1,-1,-1
67,4,192.84202575683594,259.3834228515625,27.479141235351562,72.72952270507812,-1,-1,-1,-1
68,4,192.67718505859375,259.90216064453125,26.8714599609375,71.84201049804688,-1,-1,-1,-1
69,4,192.0955352783203,259.6648864746094,27.237884521484375,72.68356323242188,-1,-1,-1,-1
70,4,190.73968505859375,259.7573547363281,28.1142578125,73.12460327148438,-1,-1,-1,-1
71,4,186.72769165039062,259.43145751953125,29.50494384765625,73.80364990234375,-1,-1,-1,-1
72,4,185.65869140625,260.40606689453125,30.264755249023438,73.5179443359375,-1,-1,-1,-1
73,4,183.4072723388672,260.4049987792969,32.016204833984375,74.5009765625,-1,-1,-1,-1
74,4,182.37205505371094,261.2439880371094,31.449920654296875,71.85592651367188,-1,-1,-1,-1
75,4,181.74981689453125,261.4813537597656,30.807861328125,73.20458984375,-1,-1,-1,-1
76,4,182.46560668945312,263.5364074707031,28.6705322265625,70.83526611328125,-1,-1,-1,-1
77,4,181.79847717285156,264.1217041015625,27.757781982421875,70.95538330078125,-1,-1,-1,-1
78,4,181.146484375,263.4369812011719,27.822250366210938,72.10806274414062,-1,-1,-1,-1
79,4,180.41751098632812,263.3505554199219,27.329071044921875,73.57461547851562,-1,-1,-1,-1
80,4,179.4727020263672,263.1198425292969,28.314544677734375,75.12564086914062,-1,-1,-1,-1
81,4,177.30140686035156,265.96044921875,28.074493408203125,74.24496459960938,-1,-1,-1,-1
82,4,177.02711486816406,266.8765563964844,27.892730712890625,73.5606689453125,-1,-1,-1,-1
83,4,175.3033905029297,267.940185546875,28.136642456054688,73.43698120117188,-1,-1,-1,-1
84,4,175.0637664794922,268.43524169921875,27.930526733398438,73.66244506835938,-1,-1,-1,-1
85,4,174.19598388671875,268.62762451171875,27.613479614257812,73.81011962890625,-1,-1,-1,-1
86,4,173.6465606689453,268.9995422363281,27.732269287109375,73.9588623046875,-1,-1,-1,-1
87,4,173.011474609375,269.2436218261719,27.826431274414062,73.83294677734375,-1,-1,-1,-1
88,4,171.61550903320312,269.97900390625,28.062393188476562,72.8817138671875,-1,-1,-1,-1
89,4,171.33853149414062,270.3190002441406,27.829238891601562,73.12991333007812,-1,-1,-1,-1
90,4,170.3975830078125,270.47869873046875,28.237930297851562,73.82733154296875,-1,-1,-1,-1
91,4,166.65101623535156,270.4722595214844,29.7919921875,74.77810668945312,-1,-1,-1,-1
92,4,164.23834228515625,271.3160400390625,30.408615112304688,74.37823486328125,-1,-1,-1,-1
93,4,163.523681640625,272.2736511230469,30.254287719726562,74.16043090820312,-1,-1,-1,-1
94,4,163.1316375732422,273.2499084472656,30.022842407226562,73.70458984375,-1,-1,-1,-1
95,4,162.77044677734375,274.43975830078125,29.268447875976562,72.75045776367188,-1,-1,-1,-1
96,4,162.450927734375,274.7326354980469,29.05377197265625,72.4222412109375,-1,-1,-1,-1
97,4,161.8486785888672,275.7229919433594,28.271987915039062,71.73211669921875,-1,-1,-1,-1
98,4,161.53213500976562,276.6484375,27.604537963867188,71.06729125976562,-1,-1,-1,-1
99,4,160.64755249023438,277.9487609863281,26.951171875,69.94058227539062,-1,-1,-1,-1
100,4,160.39974975585938,278.3457336425781,26.805892944335938,69.52911376953125,-1,-1,-1,-1
101,4,158.78662109375,278.97796630859375,27.81597900390625,71.06057739257812,-1,-1,-1,-1
102,4,158.4234161376953,278.9776611328125,28.429824829101562,72.06060791015625,-1,-1,-1,-1
103,4,156.8739776611328,279.49676513671875,28.611831665039062,73.09881591796875,-1,-1,-1,-1
104,4,155.5780487060547,280.358154296875,28.303619384765625,72.46160888671875,-1,-1,-1,-1
105,4,154.99449157714844,282.1027526855469,27.814727783203125,70.75302124023438,-1,-1,-1,-1
106,4,154.5009765625,282.2955017089844,28.481063842773438,70.82879638671875,-1,-1,-1,-1
107,4,153.34210205078125,282.1776428222656,29.494110107421875,70.803955078125,-1,-1,-1,-1
108,4,152.88360595703125,281.82794189453125,29.69964599609375,71.43386840820312,-1,-1,-1,-1
109,4,152.79983520507812,281.11712646484375,29.51171875,72.1536865234375,-1,-1,-1,-1
110,4,152.47727966308594,280.8149108886719,29.752761840820312,72.75482177734375,-1,-1,-1,-1
111,4,150.72438049316406,281.2829284667969,29.901870727539062,73.01983642578125,-1,-1,-1,-1
112,4,148.3384246826172,281.8672790527344,30.76287841796875,73.36862182617188,-1,-1,-1,-1
113,4,146.26869201660156,283.0048522949219,31.286956787109375,73.39007568359375,-1,-1,-1,-1
114,4,145.15013122558594,283.4856262207031,31.07708740234375,73.94805908203125,-1,-1,-1,-1
115,4,143.05105590820312,283.761962890625,31.74365234375,74.166748046875,-1,-1,-1,-1
116,4,142.98936462402344,283.741943359375,30.839599609375,74.55984497070312,-1,-1,-1,-1
117,4,142.70777893066406,283.5977478027344,29.835494995117188,75.05593872070312,-1,-1,-1,-1
118,4,142.49502563476562,283.4414367675781,29.490753173828125,75.69046020507812,-1,-1,-1,-1
119,4,142.43658447265625,283.51739501953125,29.130126953125,75.94412231445312,-1,-1,-1,-1
120,4,141.9264678955078,283.48236083984375,29.044036865234375,76.20654296875,-1,-1,-1,-1
121,4,141.33670043945312,283.0888671875,29.287750244140625,79.598388671875,-1,-1,-1,-1
122,4,140.962646484375,283.6372375488281,29.3150634765625,80.60708618164062,-1,-1,-1,-1
123,4,140.8865509033203,284.2290954589844,29.354476928710938,81.07406616210938,-1,-1,-1,-1
124,4,140.54019165039062,285.1619873046875,28.9998779296875,81.34878540039062,-1,-1,-1,-1
125,4,140.49082946777344,287.283203125,28.000198364257812,79.61148071289062,-1,-1,-1,-1
126,4,140.0191192626953,288.0183410644531,26.95977783203125,79.0418701171875,-1,-1,-1,-1
127,4,138.72317504882812,288.333984375,27.398406982421875,79.07757568359375,-1,-1,-1,-1
128,4,137.95497131347656,288.43328857421875,28.213333129882812,79.25204467773438,-1,-1,-1,-1
129,4,134.79080200195312,288.34332275390625,30.054107666015625,79.56704711914062,-1,-1,-1,-1
130,4,134.86648559570312,288.49652099609375,29.6627197265625,79.218994140625,-1,-1,-1,-1
131,4,133.5835418701172,288.5791931152344,30.288742065429688,79.62521362304688,-1,-1,-1,-1
132,4,133.41993713378906,289.0568542480469,30.241561889648438,79.52755737304688,-1,-1,-1,-1
133,4,131.30455017089844,289.5063781738281,32.19541931152344,80.69546508789062,-1,-1,-1,-1
134,4,130.69300842285156,290.5,31.677581787109375,80.0142822265625,-1,-1,-1,-1
135,4,130.4661407470703,292.0914611816406,31.745254516601562,79.63198852539062,-1,-1,-1,-1
136,4,130.5616912841797,293.8586120605469,31.401870727539062,77.86233520507812,-1,-1,-1,-1
137,4,130.40184020996094,295.3885498046875,30.701614379882812,76.04302978515625,-1,-1,-1,-1
138,4,128.83538055419922,295.4209899902344,30.98450469970703,75.91336059570312,-1,-1,-1,-1
139,4,126.17848205566406,295.95819091796875,30.528793334960938,75.81591796875,-1,-1,-1,-1
140,4,125.88230895996094,296.07977294921875,30.08172607421875,76.05596923828125,-1,-1,-1,-1
141,4,124.91553497314453,296.4124450683594,29.72553253173828,76.28323364257812,-1,-1,-1,-1
142,4,124.19461822509766,297.0589294433594,29.791725158691406,76.91864013671875,-1,-1,-1,-1
143,4,122.73493957519531,298.4781799316406,29.972763061523438,77.40615844726562,-1,-1,-1,-1
144,4,122.17704010009766,299.1803894042969,29.966590881347656,77.3564453125,-1,-1,-1,-1
145,4,122.22148895263672,299.83477783203125,29.891807556152344,77.24386596679688,-1,-1,-1,-1
146,4,121.7099380493164,300.4674987792969,29.85778045654297,77.16732788085938,-1,-1,-1,-1
147,4,121.3623275756836,300.50347900390625,30.464393615722656,77.86669921875,-1,-1,-1,-1
148,4,121.1074447631836,300.8401184082031,30.63446807861328,78.05108642578125,-1,-1,-1,-1
149,4,120.6390151977539,300.48358154296875,30.82512664794922,78.85702514648438,-1,-1,-1,-1
150,4,120.76161193847656,300.36346435546875,30.291946411132812,78.91534423828125,-1,-1,-1,-1
151,4,120.07624816894531,300.44781494140625,30.392105102539062,79.03668212890625,-1,-1,-1,-1
152,4,119.96778106689453,301.21954345703125,29.84754180908203,78.4052734375,-1,-1,-1,-1
153,4,116.58104705810547,301.9793395996094,31.211448669433594,78.767822265625,-1,-1,-1,-1
154,4,114.70086669921875,302.6156311035156,32.72935485839844,78.9000244140625,-1,-1,-1,-1
155,4,114.1689453125,303.6282653808594,32.42604064941406,79.07083129882812,-1,-1,-1,-1
156,4,114.44698333740234,304.6339111328125,31.44127655029297,78.53118896484375,-1,-1,-1,-1
157,4,113.5158920288086,305.61767578125,31.99004364013672,79.07904052734375,-1,-1,-1,-1
158,4,113.43441009521484,306.57470703125,31.280235290527344,78.53225708007812,-1,-1,-1,-1
159,4,112.35254669189453,306.09716796875,32.04492950439453,79.49276733398438,-1,-1,-1,-1
160,4,111.2857666015625,305.28875732421875,32.5299072265625,80.3580322265625,-1,-1,-1,-1
161,4,110.74776458740234,305.58526611328125,32.62462615966797,80.45452880859375,-1,-1,-1,-1
162,4,110.31226348876953,305.4653015136719,32.258583068847656,81.22357177734375,-1,-1,-1,-1
163,4,109.04430389404297,308.0785827636719,31.978431701660156,80.45034790039062,-1,-1,-1,-1
164,4,108.05387878417969,309.6632080078125,32.38731384277344,79.84228515625,-1,-1,-1,-1
165,4,107.2337417602539,312.35577392578125,30.32294464111328,78.32763671875,-1,-1,-1,-1
166,4,105.74280548095703,313.6331787109375,30.48552703857422,77.7437744140625,-1,-1,-1,-1
167,4,104.46251678466797,314.197021484375,30.617286682128906,78.010498046875,-1,-1,-1,-1
168,4,104.40678405761719,314.65679931640625,30.315475463867188,78.01312255859375,-1,-1,-1,-1
169,4,103.19462585449219,314.3392333984375,31.255355834960938,78.94552612304688,-1,-1,-1,-1
170,4,103.27501678466797,314.2611083984375,30.925193786621094,79.16030883789062,-1,-1,-1,-1
171,4,102.85176849365234,313.98968505859375,30.94629669189453,79.29583740234375,-1,-1,-1,-1
172,4,102.61457061767578,314.0654296875,30.83007049560547,79.58615112304688,-1,-1,-1,-1
173,4,99.86805725097656,314.7154541015625,32.13525390625,79.66555786132812,-1,-1,-1,-1
174,4,98.4939193725586,314.99713134765625,32.590782165527344,79.88479614257812,-1,-1,-1,-1
175,4,94.52531433105469,316.4545593261719,34.53113555908203,79.94696044921875,-1,-1,-1,-1
176,4,94.10169982910156,317.24249267578125,34.26942443847656,79.40167236328125,-1,-1,-1,-1
177,4,93.77088165283203,317.5966796875,33.986053466796875,79.7593994140625,-1,-1,-1,-1
178,4,93.73717498779297,318.7003479003906,32.95848083496094,78.84918212890625,-1,-1,-1,-1
179,4,93.43759155273438,318.9955139160156,32.39960479736328,78.58294677734375,-1,-1,-1,-1
180,4,93.23518371582031,319.4145202636719,31.787498474121094,78.04208374023438,-1,-1,-1,-1
181,4,91.260498046875,319.17889404296875,32.071205139160156,78.81436157226562,-1,-1,-1,-1
182,4,89.59908294677734,317.92791748046875,32.44599914550781,79.8758544921875,-1,-1,-1,-1
183,4,86.98942565917969,317.40093994140625,34.07421112060547,81.86636352539062,-1,-1,-1,-1
184,4,87.64263916015625,319.8519592285156,31.072433471679688,79.98760986328125,-1,-1,-1,-1
185,4,83.52079772949219,319.41265869140625,33.248680114746094,83.26290893554688,-1,-1,-1,-1
186,4,84.05391693115234,319.8740234375,31.66710662841797,82.91238403320312,-1,-1,-1,-1
187,4,83.74858093261719,321.24932861328125,30.30126953125,82.21926879882812,-1,-1,-1,-1
188,4,82.78811645507812,321.9593505859375,31.047500610351562,82.22927856445312,-1,-1,-1,-1
189,4,80.50581359863281,322.4289855957031,30.813751220703125,82.21871948242188,-1,-1,-1,-1
190,4,80.39707946777344,322.392822265625,30.13842010498047,82.24813842773438,-1,-1,-1,-1
191,4,78.84294128417969,321.8772277832031,30.8541259765625,83.23464965820312,-1,-1,-1,-1
192,4,77.11737823486328,322.05780029296875,31.727874755859375,83.29135131835938,-1,-1,-1,-1
193,4,75.16838073730469,322.2409362792969,31.490257263183594,83.51611328125,-1,-1,-1,-1
194,4,73.93546295166016,322.4164733886719,31.869064331054688,84.00631713867188,-1,-1,-1,-1
195,4,68.62220764160156,322.92840576171875,34.95952606201172,84.49270629882812,-1,-1,-1,-1
196,4,67.41919708251953,323.0491638183594,35.5782470703125,84.93496704101562,-1,-1,-1,-1
197,4,66.20276641845703,324.2926330566406,35.488189697265625,84.52035522460938,-1,-1,-1,-1
198,4,65.52120971679688,325.5995788574219,34.86116027832031,84.18942260742188,-1,-1,-1,-1
199,4,64.27261734008789,326.6999206542969,34.37308120727539,83.45965576171875,-1,-1,-1,-1
200,4,64.09814834594727,327.8075256347656,33.06271743774414,82.34396362304688,-1,-1,-1,-1
1,5,509.3989562988281,98.07241821289062,22.772247314453125,51.92546081542969,-1,-1,-1,-1
2,5,509.7331848144531,97.3371353149414,23.158721923828125,52.548484802246094,-1,-1,-1,-1
3,5,510.40118408203125,97.11263275146484,23.220458984375,51.807350158691406,-1,-1,-1,-1
4,5,511.1972351074219,97.17792510986328,23.286102294921875,52.05059051513672,-1,-1,-1,-1
5,5,511.87493896484375,97.0542984008789,22.737548828125,52.09198760986328,-1,-1,-1,-1
6,5,512.0114440917969,96.86392211914062,22.883148193359375,52.268707275390625,-1,-1,-1,-1
7,5,512.8695373535156,97.4041519165039,22.223541259765625,50.923423767089844,-1,-1,-1,-1
8,5,513.3394165039062,97.32315826416016,22.377685546875,50.615684509277344,-1,-1,-1,-1
9,5,513.5477294921875,96.92205810546875,22.53167724609375,50.68980407714844,-1,-1,-1,-1
10,5,513.9915771484375,96.82402038574219,22.53094482421875,50.588348388671875,-1,-1,-1,-1
11,5,515.4038696289062,96.93119812011719,21.95440673828125,49.49534606933594,-1,-1,-1,-1
12,5,515.6212768554688,96.13054656982422,22.40277099609375,50.344703674316406,-1,-1,-1,-1
13,5,516.9298095703125,96.05095672607422,21.66558837890625,49.761680603027344,-1,-1,-1,-1
14,5,517.2748413085938,95.64628601074219,21.7652587890625,49.76373291015625,-1,-1,-1,-1
15,5,518.1078491210938,95.5735855102539,21.63671875,50.297325134277344,-1,-1,-1,-1
16,5,518.4188842773438,95.34444427490234,21.6070556640625,50.66130828857422,-1,-1,-1,-1
17,5,519.2156982421875,95.6153564453125,21.69873046875,50.57110595703125,-1,-1,-1,-1
18,5,520.5661010742188,95.73297882080078,22.37579345703125,50.36823272705078,-1,-1,-1,-1
19,5,521.5116577148438,95.77726745605469,21.9560546875,49.703369140625,-1,-1,-1,-1
20,5,522.355224609375,95.11906433105469,21.83648681640625,49.793792724609375,-1,-1,-1,-1
21,5,523.11328125,94.33424377441406,21.44244384765625,49.839599609375,-1,-1,-1,-1
22,5,524.2252807617188,93.91493225097656,21.282470703125,50.019073486328125,-1,-1,-1,-1
23,5,524.7496337890625,93.24787902832031,21.43609619140625,50.80863952636719,-1,-1,-1,-1
24,5,524.9871826171875,92.63157653808594,21.4659423828125,51.32609558105469,-1,-1,-1,-1
25,5,525.5464477539062,92.7563247680664,21.89630126953125,51.37769317626953,-1,-1,-1,-1
26,5,526.2632446289062,93.34748077392578,21.72784423828125,50.61785125732422,-1,-1,-1,-1
27,5,527.858154296875,93.90365600585938,21.39483642578125,49.69715881347656,-1,-1,-1,-1
28,5,528.0540161132812,93.64022827148438,21.4122314453125,50.071868896484375,-1,-1,-1,-1
29,5,528.7250366210938,93.34395599365234,21.3284912109375,50.42902374267578,-1,-1,-1,-1
30,5,529.4877319335938,93.36177825927734,20.9971923828125,50.29308319091797,-1,-1,-1,-1
31,5,531.2330932617188,92.04684448242188,21.4705810546875,51.28999328613281,-1,-1,-1,-1
32,5,532.0465087890625,91.25435638427734,20.8927001953125,51.14386749267578,-1,-1,-1,-1
33,5,532.8880615234375,89.03230285644531,20.61700439453125,51.96565246582031,-1,-1,-1,-1
34,5,533.6234130859375,89.07997131347656,20.4422607421875,51.8238525390625,-1,-1,-1,-1
35,5,534.050048828125,88.82561492919922,20.6961669921875,53.25035858154297,-1,-1,-1,-1
36,5,534.4833984375,88.32910919189453,20.88494873046875,53.705421447753906,-1,-1,-1,-1
37,5,535.3424072265625,88.56866455078125,21.87493896484375,54.00758361816406,-1,-1,-1,-1
38,5,535.670654296875,88.87265014648438,21.87835693359375,53.61016845703125,-1,-1,-1,-1
39,5,536.8299560546875,89.0913314819336,21.78271484375,52.880882263183594,-1,-1,-1,-1
40,5,537.1725463867188,89.08089447021484,21.85711669921875,52.874732971191406,-1,-1,-1,-1
41,5,537.9080810546875,88.61261749267578,21.73583984375,53.208946228027344,-1,-1,-1,-1
42,5,538.3018188476562,88.86515808105469,21.7333984375,52.991424560546875,-1,-1,-1,-1
43,5,538.919677734375,86.90996551513672,22.46484375,53.413856506347656,-1,-1,-1,-1
44,5,539.4970703125,87.1051025390625,22.03472900390625,52.366363525390625,-1,-1,-1,-1
45,5,541.662353515625,87.96917724609375,20.3192138671875,51.418914794921875,-1,-1,-1,-1
46,5,541.925537109375,87.71058654785156,20.4925537109375,51.755828857421875,-1,-1,-1,-1
47,5,542.4066162109375,87.85411071777344,20.34893798828125,51.5755615234375,-1,-1,-1,-1
48,5,542.4275512695312,87.85882568359375,20.38714599609375,51.56462097167969,-1,-1,-1,-1
49,5,542.9028930664062,87.79498291015625,20.310302734375,51.71199035644531,-1,-1,-1,-1
50,5,543.4393310546875,87.85379028320312,20.22314453125,51.12823486328125,-1,-1,-1,-1
51,5,543.6586303710938,87.53189086914062,20.65423583984375,51.14422607421875,-1,-1,-1,-1
52,5,544.1943969726562,87.40928649902344,20.92047119140625,50.60514831542969,-1,-1,-1,-1
53,5,544.6942138671875,87.33819580078125,21.13470458984375,50.20411682128906,-1,-1,-1,-1
54,5,545.2269897460938,87.20259857177734,21.4306640625,50.34339141845703,-1,-1,-1,-1
55,5,545.6569213867188,87.02340698242188,21.3310546875,50.664031982421875,-1,-1,-1,-1
56,5,546.6943969726562,87.16380310058594,21.1309814453125,50.44969177246094,-1,-1,-1,-1
57,5,547.2030639648438,86.83739471435547,21.33233642578125,51.033348083496094,-1,-1,-1,-1
58,5,547.422119140625,86.56797790527344,21.38592529296875,51.371429443359375,-1,-1,-1,-1
59,5,548.1343383789062,86.85173797607422,21.3614501953125,50.863197326660156,-1,-1,-1,-1
60,5,548.76123046875,86.94828033447266,21.5101318359375,50.564659118652344,-1,-1,-1,-1
61,5,550.4835205078125,85.93436431884766,20.66632080078125,50.692588806152344,-1,-1,-1,-1
62,5,550.8754272460938,85.24481201171875,20.82275390625,51.38352966308594,-1,-1,-1,-1
63,5,551.8282470703125,84.6623764038086,20.35809326171875,51.17687225341797,-1,-1,-1,-1
64,5,552.4945068359375,84.15777587890625,20.6610107421875,51.57887268066406,-1,-1,-1,-1
65,5,553.1968994140625,82.29309844970703,21.38031005859375,53.015769958496094,-1,-1,-1,-1
66,5,553.591552734375,82.12208557128906,21.1619873046875,52.90663146972656,-1,-1,-1,-1
67,5,554.318359375,82.0580825805664,21.4788818359375,52.863563537597656,-1,-1,-1,-1
68,5,554.70654296875,81.8328628540039,21.61126708984375,52.28949737548828,-1,-1,-1,-1
69,5,555.58447265625,82.11263275146484,20.808349609375,50.705406188964844,-1,-1,-1,-1
70,5,555.771484375,81.4986572265625,21.31158447265625,51.67887878417969,-1,-1,-1,-1
71,5,556.0655517578125,80.92694091796875,21.28680419921875,52.40879821777344,-1,-1,-1,-1
72,5,556.6298217773438,80.39287567138672,20.690185546875,52.27031707763672,-1,-1,-1,-1
73,5,557.1771850585938,81.25479888916016,20.762939453125,50.818809509277344,-1,-1,-1,-1
74,5,557.2511596679688,81.56249237060547,20.67437744140625,50.24243927001953,-1,-1,-1,-1
75,5,557.6757202148438,81.89698791503906,20.03948974609375,49.29347229003906,-1,-1,-1,-1
76,5,557.8712158203125,79.91692352294922,20.8843994140625,51.588661193847656,-1,-1,-1,-1
77,5,559.0426635742188,78.55912017822266,20.81732177734375,52.561302185058594,-1,-1,-1,-1
78,5,559.6201171875,79.133056640625,20.68572998046875,51.93489074707031,-1,-1,-1,-1
79,5,559.7224731445312,79.55935668945312,20.902099609375,51.48406982421875,-1,-1,-1,-1
80,5,559.6932373046875,80.75574493408203,20.72808837890625,50.43651580810547,-1,-1,-1,-1
81,5,559.6622314453125,81.24394226074219,20.791259765625,49.90435791015625,-1,-1,-1,-1
82,5,559.6383056640625,78.4802474975586,22.07684326171875,52.183204650878906,-1,-1,-1,-1
83,5,559.8763427734375,78.25971984863281,23.86376953125,52.243560791015625,-1,-1,-1,-1
84,5,560.1900024414062,79.35315704345703,23.6234130859375,50.113739013671875,-1,-1,-1,-1
85,5,560.959228515625,79.40664672851562,22.6116943359375,48.90167236328125,-1,-1,-1,-1
86,5,561.605224609375,79.66741943359375,21.7215576171875,47.62023162841797,-1,-1,-1,-1
87,5,562.0643920898438,76.52214050292969,22.77008056640625,52.40997314453125,-1,-1,-1,-1
88,5,562.32958984375,76.7320556640625,22.67449951171875,52.26336669921875,-1,-1,-1,-1
89,5,562.7413330078125,77.21308898925781,22.203125,51.86029052734375,-1,-1,-1,-1
90,5,562.76611328125,77.4059066772461,21.969970703125,50.74024963378906,-1,-1,-1,-1
91,5,562.9279174804688,76.84554290771484,22.0223388671875,51.30852508544922,-1,-1,-1,-1
92,5,562.9064331054688,75.80171966552734,22.43316650390625,52.08534240722656,-1,-1,-1,-1
93,5,563.3074951171875,74.88410186767578,22.9246826171875,52.64433288574219,-1,-1,-1,-1
94,5,563.4117431640625,74.49832153320312,23.08319091796875,52.77942657470703,-1,-1,-1,-1
95,5,563.8741455078125,77.56494903564453,22.02423095703125,49.10746765136719,-1,-1,-1,-1
96,5,563.9080810546875,77.42504119873047,22.3681640625,49.281890869140625,-1,-1,-1,-1
97,5,563.9385986328125,76.79743957519531,22.34613037109375,49.370094299316406,-1,-1,-1,-1
98,5,564.0481567382812,78.54729461669922,21.8809814453125,47.67876434326172,-1,-1,-1,-1
99,5,564.3175659179688,79.27630615234375,21.35333251953125,47.7723388671875,-1,-1,-1,-1
100,5,564.1287841796875,77.11201477050781,21.88299560546875,49.824119567871094,-1,-1,-1,-1
101,5,564.1774291992188,77.02840423583984,22.578125,49.41487121582031,-1,-1,-1,-1
102,5,564.2968139648438,75.62644958496094,23.0765380859375,50.55504608154297,-1,-1,-1,-1
104,5,564.8194580078125,74.47171020507812,23.58935546875,50.84541320800781,-1,-1,-1,-1
105,5,564.9472045898438,75.68485260009766,21.95880126953125,49.92597961425781,-1,-1,-1,-1
106,5,565.2828979492188,74.7374267578125,22.63043212890625,50.16771697998047,-1,-1,-1,-1
107,5,565.369873046875,76.19768524169922,21.48529052734375,48.46742248535156,-1,-1,-1,-1
108,5,565.7693481445312,79.39346313476562,21.4429931640625,44.96302032470703,-1,-1,-1,-1
109,5,565.5243530273438,79.51172637939453,21.85009765625,47.399681091308594,-1,-1,-1,-1
110,5,565.4559326171875,78.0865478515625,21.8876953125,47.80982971191406,-1,-1,-1,-1
111,5,565.5531616210938,79.00020599365234,21.205810546875,46.09770202636719,-1,-1,-1,-1
112,5,565.034912109375,75.73041534423828,22.249755859375,49.8968505859375,-1,-1,-1,-1
113,5,564.9511108398438,75.55310821533203,21.6793212890625,49.235252380371094,-1,-1,-1,-1
118,5,565.5947875976562,76.28984832763672,20.7896728515625,44.692901611328125,-1,-1,-1,-1
52,6,1.0,414.4183044433594,29.946535110473633,67.58169555664062,-1,-1,-1,-1
53,6,2.787617564201355,411.0764465332031,32.908637166023254,70.92355346679688,-1,-1,-1,-1
54,6,5.367411136627197,411.1680908203125,32.02286672592163,70.8319091796875,-1,-1,-1,-1
55,6,7.237151622772217,410.04931640625,37.020370960235596,71.95068359375,-1,-1,-1,-1
56,6,9.33748722076416,410.88336181640625,38.75545406341553,71.11663818359375,-1,-1,-1,-1
57,6,13.738920211791992,408.4739685058594,36.90037727355957,73.52603149414062,-1,-1,-1,-1
58,6,16.3488130569458,407.5541687011719,36.18377208709717,74.44583129882812,-1,-1,-1,-1
59,6,21.72823143005371,406.77777099609375,35.13937568664551,75.22222900390625,-1,-1,-1,-1
60,6,22.270790100097656,406.0291748046875,41.71728515625,75.9708251953125,-1,-1,-1,-1
61,6,27.107627868652344,401.07763671875,43.15480041503906,80.92236328125,-1,-1,-1,-1
62,6,28.637737274169922,397.999267578125,44.83454513549805,84.000732421875,-1,-1,-1,-1
77,7,81.0557861328125,392.186767578125,35.85675811767578,89.813232421875,-1,-1,-1,-1
78,7,83.44383239746094,390.6219787597656,36.596954345703125,91.37802124023438,-1,-1,-1,-1
79,7,89.2838363647461,390.4625549316406,37.28517150878906,91.53744506835938,-1,-1,-1,-1
80,7,89.84265899658203,391.0947570800781,38.992919921875,90.90524291992188,-1,-1,-1,-1
81,7,94.57723999023438,390.623291015625,46.4453125,91.376708984375,-1,-1,-1,-1
82,7,94.62699890136719,391.562744140625,51.29010009765625,90.437255859375,-1,-1,-1,-1
83,7,95.5076904296875,390.0545349121094,49.77119445800781,91.94546508789062,-1,-1,-1,-1
84,7,96.47346496582031,390.18231201171875,48.19355773925781,91.81768798828125,-1,-1,-1,-1
85,7,103.37887573242188,387.48687744140625,42.60459899902344,94.51312255859375,-1,-1,-1,-1
86,7,106.18547058105469,386.8971252441406,40.21409606933594,95.10287475585938,-1,-1,-1,-1
87,7,112.04441833496094,384.76141357421875,36.021697998046875,97.23858642578125,-1,-1,-1,-1
88,7,114.62324523925781,384.2940673828125,34.348236083984375,97.7059326171875,-1,-1,-1,-1
89,7,118.5050277709961,382.514404296875,35.15416717529297,99.485595703125,-1,-1,-1,-1
90,7,119.22174072265625,382.4651794433594,35.75599670410156,99.53482055664062,-1,-1,-1,-1
91,7,123.22608184814453,382.9136657714844,36.056358337402344,99.08633422851562,-1,-1,-1,-1
92,7,124.41957092285156,382.6521301269531,36.23048400878906,99.34786987304688,-1,-1,-1,-1
93,7,127.84922790527344,381.58563232421875,35.51216125488281,100.41436767578125,-1,-1,-1,-1
94,7,128.92918395996094,381.36541748046875,35.34159851074219,100.63458251953125,-1,-1,-1,-1
95,7,133.98880004882812,379.5983581542969,34.276092529296875,100.03436279296875,-1,-1,-1,-1
96,7,135.402587890625,378.830322265625,33.78962707519531,99.27035522460938,-1,-1,-1,-1
97,7,139.55833435058594,377.44549560546875,34.244476318359375,98.4827880859375,-1,-1,-1,-1
98,7,140.74061584472656,377.14862060546875,34.40513610839844,98.91311645507812,-1,-1,-1,-1
99,7,144.33480834960938,376.19061279296875,34.64939880371094,100.045654296875,-1,-1,-1,-1
100,7,145.25836181640625,375.9211730957031,36.7850341796875,100.20330810546875,-1,-1,-1,-1
101,7,148.61732482910156,375.426025390625,40.94189453125,100.00262451171875,-1,-1,-1,-1
102,7,149.3839569091797,375.7709045410156,42.31419372558594,99.65914916992188,-1,-1,-1,-1
103,7,150.96327209472656,375.7802429199219,41.43266296386719,98.345703125,-1,-1,-1,-1
104,7,152.25653076171875,375.24267578125,42.18412780761719,98.44912719726562,-1,-1,-1,-1
105,7,156.4339141845703,373.7367858886719,41.526153564453125,99.5634765625,-1,-1,-1,-1
106,7,158.32566833496094,373.3830261230469,40.405548095703125,98.84732055664062,-1,-1,-1,-1
107,7,165.468017578125,371.8675537109375,36.42259216308594,97.76589965820312,-1,-1,-1,-1
108,7,166.97427368164062,371.3038330078125,35.57365417480469,97.40267944335938,-1,-1,-1,-1
109,7,171.30557250976562,370.3182373046875,33.81184387207031,96.78335571289062,-1,-1,-1,-1
110,7,172.62741088867188,370.070556640625,33.650390625,97.0421142578125,-1,-1,-1,-1
111,7,175.9524688720703,369.95050048828125,33.33393859863281,96.1866455078125,-1,-1,-1,-1
112,7,176.9822540283203,369.9619140625,33.635589599609375,95.67849731445312,-1,-1,-1,-1
113,7,179.69546508789062,369.4454345703125,34.99800109863281,96.5499267578125,-1,-1,-1,-1
114,7,181.30410766601562,369.0101013183594,34.78965759277344,96.57806396484375,-1,-1,-1,-1
115,7,185.37847900390625,367.9910583496094,34.35203552246094,96.93304443359375,-1,-1,-1,-1
116,7,186.73814392089844,367.3917541503906,33.95599365234375,96.84341430664062,-1,-1,-1,-1
117,7,191.51577758789062,366.2427978515625,32.15675354003906,93.43295288085938,-1,-1,-1,-1
118,7,193.1337127685547,364.956787109375,31.607254028320312,94.75131225585938,-1,-1,-1,-1
119,7,196.79393005371094,362.894775390625,33.13011169433594,98.51913452148438,-1,-1,-1,-1
120,7,197.77801513671875,363.0263977050781,33.15873718261719,98.0118408203125,-1,-1,-1,-1
121,7,200.30650329589844,362.5067138671875,37.00941467285156,97.49923706054688,-1,-1,-1,-1
122,7,201.59751892089844,363.11578369140625,40.36994934082031,96.57565307617188,-1,-1,-1,-1
123,7,202.64263916015625,362.735595703125,41.19966125488281,96.17501831054688,-1,-1,-1,-1
124,7,203.7408447265625,362.3856201171875,40.84306335449219,95.80935668945312,-1,-1,-1,-1
125,7,206.3004608154297,361.5531311035156,40.35577392578125,96.14300537109375,-1,-1,-1,-1
126,7,208.2947540283203,360.7360534667969,39.540008544921875,96.17037963867188,-1,-1,-1,-1
127,7,215.60708618164062,359.78045654296875,35.44181823730469,94.27291870117188,-1,-1,-1,-1
128,7,217.04354858398438,359.0869140625,34.629669189453125,94.560546875,-1,-1,-1,-1
129,7,220.45745849609375,357.1931457519531,34.48760986328125,95.08419799804688,-1,-1,-1,-1
130,7,222.0144500732422,357.056396484375,34.15687561035156,94.80853271484375,-1,-1,-1,-1
131,7,225.53988647460938,356.88531494140625,33.377655029296875,94.28695678710938,-1,-1,-1,-1
132,7,227.01905822753906,356.6676330566406,33.36903381347656,94.33090209960938,-1,-1,-1,-1
133,7,230.15582275390625,355.995849609375,34.97100830078125,95.18710327148438,-1,-1,-1,-1
134,7,231.36451721191406,356.1663513183594,34.64939880371094,94.748046875,-1,-1,-1,-1
135,7,233.4635772705078,355.65472412109375,35.13157653808594,94.94564819335938,-1,-1,-1,-1
136,7,234.85980224609375,355.01947021484375,34.814971923828125,94.69119262695312,-1,-1,-1,-1
137,7,239.0619659423828,353.712158203125,34.02702331542969,92.87567138671875,-1,-1,-1,-1
138,7,240.6183624267578,353.0002746582031,33.20606994628906,92.80535888671875,-1,-1,-1,-1
139,7,243.83734130859375,351.9499816894531,33.08746337890625,93.55755615234375,-1,-1,-1,-1
140,7,245.15234375,351.69384765625,32.873382568359375,93.4560546875,-1,-1,-1,-1
141,7,249.1351776123047,350.8315124511719,34.56871032714844,93.7030029296875,-1,-1,-1,-1
142,7,250.19293212890625,351.3543701171875,34.94329833984375,92.78836059570312,-1,-1,-1,-1
143,7,252.6949005126953,351.28948974609375,38.39167785644531,92.50387573242188,-1,-1,-1,-1
144,7,253.3023223876953,351.21759033203125,38.26091003417969,92.20169067382812,-1,-1,-1,-1
145,7,254.6016845703125,350.206298828125,38.514312744140625,92.71609497070312,-1,-1,-1,-1
146,7,256.7115783691406,349.26171875,37.54376220703125,93.55621337890625,-1,-1,-1,-1
147,7,261.1924133300781,347.2635803222656,35.75982666015625,94.2713623046875,-1,-1,-1,-1
148,7,262.5224609375,346.58203125,35.073760986328125,94.15087890625,-1,-1,-1,-1
149,7,267.31427001953125,344.7124938964844,32.683258056640625,94.37237548828125,-1,-1,-1,-1
150,7,269.14971923828125,344.2954406738281,31.6082763671875,94.0537109375,-1,-1,-1,-1
151,7,272.20098876953125,343.7532653808594,31.558624267578125,93.943603515625,-1,-1,-1,-1
152,7,273.0459289550781,343.6162109375,31.57623291015625,93.49102783203125,-1,-1,-1,-1
153,7,275.1593933105469,343.56146240234375,31.388275146484375,92.71011352539062,-1,-1,-1,-1
154,7,276.08782958984375,343.7786560058594,31.80047607421875,92.30130004882812,-1,-1,-1,-1
155,7,278.8753662109375,342.8774108886719,31.96563720703125,92.91470336914062,-1,-1,-1,-1
156,7,279.6202392578125,342.33349609375,32.344451904296875,93.19253540039062,-1,-1,-1,-1
157,7,281.332275390625,340.27337646484375,32.878387451171875,94.01144409179688,-1,-1,-1,-1
158,7,282.5985412597656,339.41455078125,32.640594482421875,93.24481201171875,-1,-1,-1,-1
159,7,285.8019714355469,338.574462890625,32.378326416015625,92.64935302734375,-1,-1,-1,-1
160,7,286.68988037109375,338.4853210449219,32.15386962890625,92.23992919921875,-1,-1,-1,-1
161,7,289.3171691894531,338.23931884765625,31.8057861328125,91.516357421875,-1,-1,-1,-1
162,7,290.5355224609375,338.24737548828125,32.233734130859375,91.14785766601562,-1,-1,-1,-1
163,7,292.88031005859375,338.1350402832031,34.293548583984375,91.00146484375,-1,-1,-1,-1
164,7,293.5865173339844,338.0958557128906,34.357574462890625,90.833984375,-1,-1,-1,-1
165,7,295.1365051269531,337.8856201171875,34.12384033203125,90.81500244140625,-1,-1,-1,-1
166,7,296.2668151855469,337.2510986328125,33.9014892578125,91.3394775390625,-1,-1,-1,-1
167,7,298.7331237792969,335.286865234375,34.08636474609375,93.04397583007812,-1,-1,-1,-1
168,7,299.76953125,334.7750244140625,33.7288818359375,92.67623901367188,-1,-1,-1,-1
169,7,302.36358642578125,332.71746826171875,32.86383056640625,92.2344970703125,-1,-1,-1,-1
170,7,303.73394775390625,332.17401123046875,32.38348388671875,91.67990112304688,-1,-1,-1,-1
171,7,306.04876708984375,331.2196960449219,32.322479248046875,91.42636108398438,-1,-1,-1,-1
172,7,307.2594299316406,330.9316711425781,32.297332763671875,92.2659912109375,-1,-1,-1,-1
173,7,308.7586364746094,330.78936767578125,32.480743408203125,92.289794921875,-1,-1,-1,-1
174,7,309.51019287109375,330.6443176269531,32.482940673828125,92.0982666015625,-1,-1,-1,-1
175,7,310.7879943847656,330.3145751953125,32.156494140625,92.09188842773438,-1,-1,-1,-1
176,7,312.0690002441406,329.79925537109375,31.78631591796875,92.3428955078125,-1,-1,-1,-1
177,7,314.1454162597656,328.7518310546875,31.359527587890625,91.58486938476562,-1,-1,-1,-1
178,7,315.04510498046875,328.1462097167969,31.779754638671875,90.97378540039062,-1,-1,-1,-1
179,7,317.7623596191406,326.05035400390625,31.411407470703125,90.63070678710938,-1,-1,-1,-1
180,7,318.4040832519531,325.5204772949219,31.821258544921875,90.72320556640625,-1,-1,-1,-1
181,7,319.5193786621094,324.67926025390625,32.5,91.65118408203125,-1,-1,-1,-1
182,7,320.42425537109375,324.291259765625,32.318572998046875,91.33895874023438,-1,-1,-1,-1
183,7,322.5474548339844,323.7178649902344,32.03302001953125,90.921142578125,-1,-1,-1,-1
184,7,323.92315673828125,323.53826904296875,32.678863525390625,90.42770385742188,-1,-1,-1,-1
185,7,325.7147216796875,323.506103515625,32.809661865234375,90.2642822265625,-1,-1,-1,-1
186,7,327.0299987792969,322.9449157714844,32.426971435546875,90.26019287109375,-1,-1,-1,-1
187,7,329.25018310546875,321.73785400390625,32.61822509765625,90.39419555664062,-1,-1,-1,-1
188,7,330.1171875,321.03179931640625,32.541534423828125,90.43609619140625,-1,-1,-1,-1
189,7,332.4598693847656,319.74053955078125,32.313232421875,89.79421997070312,-1,-1,-1,-1
190,7,333.55230712890625,319.6896667480469,31.976837158203125,89.06552124023438,-1,-1,-1,-1
191,7,335.9205017089844,318.82647705078125,31.767578125,88.54864501953125,-1,-1,-1,-1
192,7,336.90179443359375,318.25311279296875,32.1121826171875,88.7044677734375,-1,-1,-1,-1
193,7,338.5743103027344,317.8858642578125,32.576690673828125,88.90899658203125,-1,-1,-1,-1
194,7,339.3653259277344,317.5473937988281,32.913177490234375,89.15145874023438,-1,-1,-1,-1
195,7,340.78314208984375,317.54425048828125,32.672576904296875,88.6727294921875,-1,-1,-1,-1
196,7,341.9256286621094,317.11083984375,32.359893798828125,88.58029174804688,-1,-1,-1,-1
197,7,344.0213623046875,315.71417236328125,31.921112060546875,88.82449340820312,-1,-1,-1,-1
198,7,345.1146240234375,314.6464538574219,31.68035888671875,89.0849609375,-1,-1,-1,-1
199,7,346.9595947265625,313.80377197265625,31.486175537109375,87.3697509765625,-1,-1,-1,-1
200,7,347.8052978515625,313.15338134765625,31.371917724609375,86.96640014648438,-1,-1,-1,-1
