1,1,437.8659362792969,258.89288330078125,30.78765869140625,85.55606079101562,-1,-1,-1,-1
2,1,438.17340087890625,258.63482666015625,30.295989990234375,85.15887451171875,-1,-1,-1,-1
3,1,438.61114501953125,257.9526062011719,30.131561279296875,85.35617065429688,-1,-1,-1,-1
4,1,439.1355895996094,257.7071838378906,29.628021240234375,85.03497314453125,-1,-1,-1,-1
5,1,439.77337646484375,257.58587646484375,29.520355224609375,84.31729125976562,-1,-1,-1,-1
6,1,440.2198791503906,257.42877197265625,29.551483154296875,84.06887817382812,-1,-1,-1,-1
7,1,440.78717041015625,257.8240051269531,29.65313720703125,83.43743896484375,-1,-1,-1,-1
8,1,441.12579345703125,257.7945251464844,29.746978759765625,83.5399169921875,-1,-1,-1,-1
9,1,441.603271484375,257.6023254394531,29.976287841796875,83.1419677734375,-1,-1,-1,-1
10,1,441.8988342285156,257.45477294921875,30.182037353515625,82.45382690429688,-1,-1,-1,-1
11,1,442.8747253417969,256.74851989746094,29.838226318359375,81.99610900878906,-1,-1,-1,-1
12,1,443.6998596191406,256.1152801513672,29.681793212890625,81.64491271972656,-1,-1,-1,-1
13,1,444.4058837890625,255.13919067382812,29.72705078125,81.884765625,-1,-1,-1,-1
14,1,444.7901916503906,254.25306701660156,29.726959228515625,82.47679138183594,-1,-1,-1,-1
15,1,445.710205078125,253.44854736328125,29.568634033203125,82.749755859375,-1,-1,-1,-1
16,1,446.5330505371094,252.98777770996094,29.065887451171875,82.94914245605469,-1,-1,-1,-1
17,1,447.8583984375,252.75347900390625,28.168914794921875,82.91033935546875,-1,-1,-1,-1
18,1,448.65655517578125,252.61607360839844,27.974578857421875,82.75926208496094,-1,-1,-1,-1
19,1,449.54803466796875,252.5170135498047,27.9593505859375,82.52470397949219,-1,-1,-1,-1
20,1,450.28082275390625,252.48788452148438,27.6722412109375,82.50714111328125,-1,-1,-1,-1
21,1,450.95391845703125,252.09620666503906,27.94873046875,82.61476135253906,-1,-1,-1,-1
22,1,451.26324462890625,251.4334259033203,28.4705810546875,83.31507873535156,-1,-1,-1,-1
23,1,451.6764221191406,249.25315856933594,29.5689697265625,84.06333923339844,-1,-1,-1,-1
24,1,452.40087890625,248.5795135498047,29.674835205078125,83.51454162597656,-1,-1,-1,-1
25,1,452.7478942871094,247.61524963378906,29.958282470703125,83.48899841308594,-1,-1,-1,-1
26,1,453.1792297363281,247.3963165283203,29.91827392578125,83.16032409667969,-1,-1,-1,-1
27,1,453.8202209472656,246.51795959472656,30.0899658203125,83.09306335449219,-1,-1,-1,-1
28,1,454.4245300292969,246.5569610595703,29.990142822265625,82.48686218261719,-1,-1,-1,-1
29,1,455.4510803222656,246.37060546875,30.103240966796875,81.60537719726562,-1,-1,-1,-1
30,1,456.49530029296875,246.14271545410156,29.6600341796875,81.50675964355469,-1,-1,-1,-1
31,1,457.08380126953125,246.2252655029297,29.9248046875,81.46229553222656,-1,-1,-1,-1
32,1,457.7084655761719,246.4900665283203,30.059112548828125,81.36967468261719,-1,-1,-1,-1
33,1,458.90643310546875,246.44886779785156,30.065277099609375,80.49052429199219,-1,-1,-1,-1
34,1,459.5277404785156,246.1732940673828,29.966796875,80.47956848144531,-1,-1,-1,-1
35,1,460.1823425292969,245.59397888183594,30.050201416015625,80.35633850097656,-1,-1,-1,-1
36,1,460.60601806640625,244.83160400390625,30.152740478515625,80.37322998046875,-1,-1,-1,-1
37,1,462.7459411621094,243.6970977783203,29.30340576171875,80.30845642089844,-1,-1,-1,-1
38,1,463.987548828125,243.30416870117188,28.4639892578125,80.12924194335938,-1,-1,-1,-1
39,1,465.411376953125,242.58848571777344,28.1270751953125,80.18040466308594,-1,-1,-1,-1
40,1,466.3371887207031,242.1528778076172,27.848541259765625,80.24543762207031,-1,-1,-1,-1
41,1,467.1728210449219,242.06524658203125,27.85467529296875,80.0841064453125,-1,-1,-1,-1
42,1,467.4809875488281,241.8780059814453,28.21759033203125,80.22291564941406,-1,-1,-1,-1
43,1,467.7796325683594,241.75601196289062,28.75115966796875,80.0869140625,-1,-1,-1,-1
44,1,467.82525634765625,241.57089233398438,29.314971923828125,80.09970092773438,-1,-1,-1,-1
45,1,468.4661560058594,241.16989135742188,29.386260986328125,80.08819580078125,-1,-1,-1,-1
46,1,469.015625,240.72134399414062,29.16827392578125,80.35427856445312,-1,-1,-1,-1
47,1,469.24200439453125,238.72323608398438,30.001495361328125,81.94418334960938,-1,-1,-1,-1
48,1,469.33355712890625,238.42483520507812,30.18804931640625,81.69869995117188,-1,-1,-1,-1
49,1,469.9234619140625,237.5904083251953,30.05078125,81.05729675292969,-1,-1,-1,-1
50,1,470.18017578125,237.0982666015625,30.082275390625,81.51129150390625,-1,-1,-1,-1
51,1,470.8419494628906,236.6285858154297,30.045135498046875,81.52403259277344,-1,-1,-1,-1
52,1,471.2666015625,236.53138732910156,29.94525146484375,81.25358581542969,-1,-1,-1,-1
53,1,471.74847412109375,236.3346405029297,29.767120361328125,80.64912414550781,-1,-1,-1,-1
54,1,472.2265625,236.30833435058594,29.56744384765625,79.95845031738281,-1,-1,-1,-1
55,1,472.5587463378906,236.27049255371094,29.477447509765625,79.77000427246094,-1,-1,-1,-1
56,1,472.7473449707031,236.22593688964844,29.492523193359375,79.85368347167969,-1,-1,-1,-1
57,1,472.8555603027344,236.26853942871094,29.708892822265625,78.97468566894531,-1,-1,-1,-1
58,1,473.2300109863281,235.89608764648438,29.4154052734375,78.50332641601562,-1,-1,-1,-1
59,1,473.9559631347656,234.65780639648438,28.962249755859375,78.72329711914062,-1,-1,-1,-1
60,1,474.36419677734375,234.0291290283203,28.517974853515625,79.46220397949219,-1,-1,-1,-1
61,1,475.0644226074219,232.55413818359375,28.504364013671875,79.45037841796875,-1,-1,-1,-1
62,1,475.5270080566406,232.018798828125,28.4765625,79.1217041015625,-1,-1,-1,-1
63,1,476.12255859375,230.77288818359375,29.02825927734375,79.72601318359375,-1,-1,-1,-1
64,1,476.6504821777344,230.17538452148438,28.8970947265625,80.08041381835938,-1,-1,-1,-1
65,1,477.38507080078125,229.77317810058594,28.721954345703125,80.01606750488281,-1,-1,-1,-1
66,1,477.9543151855469,229.79481506347656,28.52008056640625,80.00819396972656,-1,-1,-1,-1
67,1,478.68524169921875,230.03346252441406,28.112579345703125,79.45079040527344,-1,-1,-1,-1
68,1,479.0779724121094,230.1742706298828,28.1524658203125,79.29512023925781,-1,-1,-1,-1
69,1,479.2601013183594,229.83665466308594,28.170166015625,79.47483825683594,-1,-1,-1,-1
70,1,479.1726379394531,229.49948120117188,28.52294921875,79.20156860351562,-1,-1,-1,-1
71,1,478.84600830078125,228.85008239746094,29.1396484375,78.68757629394531,-1,-1,-1,-1
72,1,478.3354187011719,228.4508056640625,29.5233154296875,78.4307861328125,-1,-1,-1,-1
73,1,478.0265808105469,227.52578735351562,29.7601318359375,77.12200927734375,-1,-1,-1,-1
74,1,477.5595397949219,226.83534240722656,30.00311279296875,76.84440612792969,-1,-1,-1,-1
75,1,477.3966064453125,226.2541046142578,29.60467529296875,76.83644104003906,-1,-1,-1,-1
76,1,477.0856628417969,226.1081085205078,29.89105224609375,77.13365173339844,-1,-1,-1,-1
77,1,477.03509521484375,226.2816925048828,29.771728515625,76.09233093261719,-1,-1,-1,-1
78,1,476.9503479003906,226.7310028076172,29.510772705078125,75.08744812011719,-1,-1,-1,-1
79,1,476.6592712402344,227.21347045898438,29.749908447265625,74.25128173828125,-1,-1,-1,-1
80,1,476.5639953613281,227.52735900878906,29.65887451171875,73.35679626464844,-1,-1,-1,-1
81,1,476.7072448730469,227.17611694335938,29.53948974609375,73.11151123046875,-1,-1,-1,-1
82,1,476.8485412597656,226.6019287109375,29.75885009765625,73.53741455078125,-1,-1,-1,-1
83,1,477.1717529296875,225.85765075683594,30.266265869140625,73.34703063964844,-1,-1,-1,-1
84,1,477.2980041503906,225.09877014160156,30.80224609375,73.87138366699219,-1,-1,-1,-1
85,1,477.42572021484375,224.2853240966797,31.585052490234375,73.91368103027344,-1,-1,-1,-1
86,1,477.6274108886719,223.89068603515625,31.507415771484375,73.27487182617188,-1,-1,-1,-1
87,1,477.8389892578125,223.12228393554688,31.372802734375,73.54562377929688,-1,-1,-1,-1
88,1,478.3185729980469,222.63265991210938,31.084747314453125,73.31622314453125,-1,-1,-1,-1
89,1,479.0420837402344,222.27035522460938,30.94329833984375,73.282470703125,-1,-1,-1,-1
90,1,479.63592529296875,222.2234649658203,30.7432861328125,72.96415710449219,-1,-1,-1,-1
91,1,479.979248046875,222.1157989501953,31.168304443359375,72.86479187011719,-1,-1,-1,-1
92,1,480.3783264160156,221.86563110351562,31.17529296875,72.73147583007812,-1,-1,-1,-1
93,1,480.5907287597656,221.1282196044922,31.5426025390625,72.97660827636719,-1,-1,-1,-1
94,1,480.8052062988281,220.73658752441406,31.688018798828125,72.89356994628906,-1,-1,-1,-1
95,1,481.1941833496094,219.4145965576172,31.70416259765625,73.90861511230469,-1,-1,-1,-1
96,1,481.8153381347656,218.9382781982422,31.301483154296875,73.84974670410156,-1,-1,-1,-1
97,1,482.8853759765625,217.40057373046875,30.317474365234375,74.02056884765625,-1,-1,-1,-1
98,1,483.4035949707031,216.93556213378906,29.93829345703125,74.20161437988281,-1,-1,-1,-1
99,1,483.98602294921875,216.12660217285156,29.565643310546875,74.60850524902344,-1,-1,-1,-1
100,1,484.5620422363281,215.88426208496094,29.129974365234375,74.50617980957031,-1,-1,-1,-1
101,1,485.1726379394531,215.51266479492188,28.855010986328125,74.7298583984375,-1,-1,-1,-1
102,1,485.5804748535156,215.47332763671875,28.589996337890625,74.53530883789062,-1,-1,-1,-1
103,1,486.4619445800781,215.55528259277344,27.982879638671875,73.58229064941406,-1,-1,-1,-1
104,1,487.570068359375,215.8040771484375,27.0853271484375,72.46478271484375,-1,-1,-1,-1
105,1,488.4909973144531,214.87310791015625,27.379608154296875,73.29986572265625,-1,-1,-1,-1
106,1,489.25506591796875,214.41213989257812,27.22808837890625,72.69424438476562,-1,-1,-1,-1
107,1,489.6025390625,213.0188751220703,29.09832763671875,72.52961730957031,-1,-1,-1,-1
108,1,490.0436096191406,212.55491638183594,29.439483642578125,72.37971496582031,-1,-1,-1,-1
109,1,491.0010681152344,211.11585998535156,30.700592041015625,72.71565246582031,-1,-1,-1,-1
110,1,491.38311767578125,210.26449584960938,30.89715576171875,73.35467529296875,-1,-1,-1,-1
111,1,492.07672119140625,209.77532958984375,31.92108154296875,73.50064086914062,-1,-1,-1,-1
112,1,492.979248046875,210.0038604736328,31.72344970703125,72.93797302246094,-1,-1,-1,-1
113,1,493.9289245605469,210.0501708984375,31.731292724609375,72.30288696289062,-1,-1,-1,-1
114,1,494.69873046875,210.1836700439453,31.65289306640625,71.66358947753906,-1,-1,-1,-1
115,1,495.32550048828125,210.23995971679688,31.98028564453125,71.13723754882812,-1,-1,-1,-1
116,1,495.5946960449219,209.97018432617188,32.433135986328125,71.27835083007812,-1,-1,-1,-1
117,1,496.2727355957031,209.2415771484375,32.368255615234375,71.8172607421875,-1,-1,-1,-1
118,1,496.96051025390625,208.6122589111328,31.88214111328125,72.50535583496094,-1,-1,-1,-1
119,1,497.87310791015625,207.3769073486328,31.37744140625,73.13194274902344,-1,-1,-1,-1
120,1,498.3416442871094,206.54571533203125,31.228912353515625,72.944091796875,-1,-1,-1,-1
121,1,498.7324523925781,205.7937774658203,31.295684814453125,73.55577087402344,-1,-1,-1,-1
122,1,499.3729553222656,205.4145965576172,31.005462646484375,73.26689147949219,-1,-1,-1,-1
123,1,499.7114562988281,205.22042846679688,31.078643798828125,72.90261840820312,-1,-1,-1,-1
124,1,500.1972961425781,205.12326049804688,30.995391845703125,72.26248168945312,-1,-1,-1,-1
125,1,501.47259521484375,205.18362426757812,30.73602294921875,71.47775268554688,-1,-1,-1,-1
126,1,502.93560791015625,205.3663330078125,29.55389404296875,70.85833740234375,-1,-1,-1,-1
127,1,504.18218994140625,205.21713256835938,28.94866943359375,70.58865356445312,-1,-1,-1,-1
128,1,504.9166564941406,204.93447875976562,28.597869873046875,70.55386352539062,-1,-1,-1,-1
129,1,505.7750549316406,204.30764770507812,28.611724853515625,70.34384155273438,-1,-1,-1,-1
130,1,506.1799011230469,203.25067138671875,29.644073486328125,71.08062744140625,-1,-1,-1,-1
131,1,507.3933410644531,201.3223419189453,30.257171630859375,72.23606872558594,-1,-1,-1,-1
132,1,508.3223876953125,200.3232879638672,30.43194580078125,72.96006774902344,-1,-1,-1,-1
133,1,509.7201843261719,199.58494567871094,30.071319580078125,73.12919616699219,-1,-1,-1,-1
134,1,510.48846435546875,199.3999481201172,29.9376220703125,73.04835510253906,-1,-1,-1,-1
135,1,511.3955993652344,199.21987915039062,29.931121826171875,73.10247802734375,-1,-1,-1,-1
136,1,512.0954895019531,199.1008758544922,29.864959716796875,73.22563171386719,-1,-1,-1,-1
137,1,512.8930969238281,199.03573608398438,29.481536865234375,73.13253784179688,-1,-1,-1,-1
138,1,513.449951171875,198.98373413085938,29.08306884765625,73.07855224609375,-1,-1,-1,-1
139,1,514.542236328125,198.70021057128906,27.9652099609375,72.44560241699219,-1,-1,-1,-1
140,1,515.0744018554688,198.21417236328125,27.58349609375,72.95889282226562,-1,-1,-1,-1
141,1,515.6209716796875,196.9609832763672,27.4661865234375,74.22798156738281,-1,-1,-1,-1
142,1,516.1539916992188,196.064208984375,27.32489013671875,74.59368896484375,-1,-1,-1,-1
143,1,516.5256958007812,195.07882690429688,27.27996826171875,74.04849243164062,-1,-1,-1,-1
144,1,516.700927734375,194.36143493652344,27.417236328125,74.09150695800781,-1,-1,-1,-1
145,1,517.2133178710938,193.31263732910156,27.36126708984375,74.67692565917969,-1,-1,-1,-1
146,1,517.5980224609375,192.83700561523438,27.293701171875,74.90899658203125,-1,-1,-1,-1
147,1,518.3997802734375,192.6803436279297,27.068359375,73.99598693847656,-1,-1,-1,-1
148,1,518.7864990234375,192.77284240722656,27.5625,73.30119323730469,-1,-1,-1,-1
149,1,519.2538452148438,193.2240753173828,27.6446533203125,72.65769958496094,-1,-1,-1,-1
150,1,519.554443359375,193.56787109375,27.76904296875,72.22988891601562,-1,-1,-1,-1
151,1,520.646484375,193.3101043701172,27.60894775390625,71.19285583496094,-1,-1,-1,-1
152,1,521.3597412109375,192.40496826171875,27.54827880859375,71.96963500976562,-1,-1,-1,-1
153,1,522.495361328125,190.92730712890625,27.28179931640625,72.69287109375,-1,-1,-1,-1
154,1,522.999267578125,190.36859130859375,27.302978515625,72.760009765625,-1,-1,-1,-1
155,1,524.0929565429688,189.4913787841797,26.61669921875,72.41590881347656,-1,-1,-1,-1
156,1,524.829345703125,188.92233276367188,26.3226318359375,72.5653076171875,-1,-1,-1,-1
157,1,525.15673828125,187.8848114013672,26.6044921875,73.10591125488281,-1,-1,-1,-1
158,1,525.4683837890625,187.47250366210938,26.81036376953125,73.31124877929688,-1,-1,-1,-1
159,1,525.766357421875,187.24636840820312,26.85028076171875,73.26785278320312,-1,-1,-1,-1
160,1,525.831298828125,187.22042846679688,27.04937744140625,73.220458984375,-1,-1,-1,-1
161,1,526.151123046875,187.33004760742188,27.1268310546875,72.98306274414062,-1,-1,-1,-1
162,1,526.40673828125,187.33155822753906,27.24163818359375,72.69447326660156,-1,-1,-1,-1
163,1,526.8765258789062,186.9740447998047,27.41424560546875,72.75428771972656,-1,-1,-1,-1
164,1,527.4561767578125,186.64491271972656,27.4190673828125,72.96910095214844,-1,-1,-1,-1
165,1,527.6627197265625,185.64381408691406,28.19537353515625,73.66587829589844,-1,-1,-1,-1
166,1,527.6339721679688,185.12435913085938,28.79302978515625,73.9627685546875,-1,-1,-1,-1
167,1,527.7211303710938,184.12850952148438,29.17047119140625,73.55525207519531,-1,-1,-1,-1
168,1,527.5906372070312,183.4984588623047,29.4765625,73.85459899902344,-1,-1,-1,-1
169,1,527.4287109375,182.52517700195312,29.9083251953125,75.06228637695312,-1,-1,-1,-1
170,1,527.4052734375,182.12303161621094,30.1390380859375,75.08143615722656,-1,-1,-1,-1
171,1,527.5413208007812,181.89849853515625,30.17022705078125,74.82916259765625,-1,-1,-1,-1
172,1,527.2427978515625,182.0762481689453,30.515869140625,73.87802124023438,-1,-1,-1,-1
173,1,527.5562133789062,182.29652404785156,30.44012451171875,73.24868774414062,-1,-1,-1,-1
174,1,527.8099365234375,182.39019775390625,30.36444091796875,72.52220153808594,-1,-1,-1,-1
175,1,528.2091674804688,181.89427185058594,30.45147705078125,72.77163696289062,-1,-1,-1,-1
176,1,528.6622314453125,181.3697509765625,30.38262939453125,72.65730285644531,-1,-1,-1,-1
177,1,529.3754272460938,180.71673583984375,30.17633056640625,71.7593994140625,-1,-1,-1,-1
178,1,530.1163940429688,180.3190155029297,29.838134765625,70.9202880859375,-1,-1,-1,-1
179,1,530.8667602539062,179.122802734375,29.4862060546875,71.80104064941406,-1,-1,-1,-1
180,1,531.5813598632812,178.31190490722656,29.17083740234375,72.46710205078125,-1,-1,-1,-1
181,1,532.5516967773438,177.6851806640625,29.0631103515625,72.71537780761719,-1,-1,-1,-1
182,1,533.5707397460938,177.46148681640625,28.4539794921875,72.88636779785156,-1,-1,-1,-1
183,1,534.5254516601562,177.6472930908203,28.0867919921875,72.63771057128906,-1,-1,-1,-1
184,1,535.301025390625,177.7730255126953,28.0057373046875,72.04376220703125,-1,-1,-1,-1
185,1,536.1502685546875,177.71932983398438,28.130859375,71.64439392089844,-1,-1,-1,-1
186,1,536.8046875,177.63365173339844,28.089111328125,71.56317138671875,-1,-1,-1,-1
187,1,537.3479614257812,176.97882080078125,28.283447265625,72.00614929199219,-1,-1,-1,-1
188,1,537.7918090820312,176.46041870117188,28.453369140625,71.48472595214844,-1,-1,-1,-1
189,1,538.483154296875,175.67335510253906,28.19354248046875,70.67500305175781,-1,-1,-1,-1
190,1,538.94873046875,175.26756286621094,27.97589111328125,69.59248352050781,-1,-1,-1,-1
191,1,539.5206909179688,173.8677215576172,27.764892578125,70.90365600585938,-1,-1,-1,-1
192,1,539.6486206054688,172.685302734375,27.84375,72.07762145996094,-1,-1,-1,-1
193,1,540.3485107421875,171.936767578125,27.447021484375,71.84358215332031,-1,-1,-1,-1
194,1,540.857177734375,171.89080810546875,27.05206298828125,71.28077697753906,-1,-1,-1,-1
195,1,541.4462280273438,172.0659942626953,26.7208251953125,70.35504150390625,-1,-1,-1,-1
196,1,541.9904174804688,172.1967315673828,26.53826904296875,69.81550598144531,-1,-1,-1,-1
197,1,542.8059692382812,172.32101440429688,25.9732666015625,68.30593872070312,-1,-1,-1,-1
198,1,543.61181640625,172.31338500976562,25.4498291015625,68.06410217285156,-1,-1,-1,-1
199,1,544.163330078125,171.67987060546875,25.7125244140625,68.46003723144531,-1,-1,-1,-1
200,1,544.4317626953125,171.33416748046875,25.8603515625,68.75605773925781,-1,-1,-1,-1
1,2,350.9881286621094,311.4584045410156,30.972015380859375,88.60711669921875,-1,-1,-1,-1
2,2,351.3987731933594,311.44354248046875,30.987091064453125,88.63259887695312,-1,-1,-1,-1
3,2,352.7871398925781,311.3119201660156,30.91827392578125,87.96875,-1,-1,-1,-1
4,2,353.89471435546875,311.2127685546875,31.072509765625,87.51519775390625,-1,-1,-1,-1
5,2,355.6186218261719,310.88372802734375,32.59783935546875,87.71646118164062,-1,-1,-1,-1
6,2,356.60400390625,310.7132568359375,32.588043212890625,87.39334106445312,-1,-1,-1,-1
7,2,358.2202453613281,309.72332763671875,33.0345458984375,87.730712890625,-1,-1,-1,-1
8,2,359.1797180175781,309.34136962890625,32.68121337890625,87.47232055664062,-1,-1,-1,-1
9,2,361.613525390625,307.3768005371094,31.756591796875,87.45355224609375,-1,-1,-1,-1
10,2,362.743408203125,306.8033447265625,31.294281005859375,87.28619384765625,-1,-1,-1,-1
11,2,365.95440673828125,304.9590148925781,30.303680419921875,87.95001220703125,-1,-1,-1,-1
12,2,366.7310791015625,304.4645080566406,30.31048583984375,87.78628540039062,-1,-1,-1,-1
13,2,367.99981689453125,303.8409729003906,30.7264404296875,88.18389892578125,-1,-1,-1,-1
14,2,368.8402099609375,303.77618408203125,30.866790771484375,88.17050170898438,-1,-1,-1,-1
15,2,370.41998291015625,303.6756896972656,30.567291259765625,87.79443359375,-1,-1,-1,-1
16,2,371.1240234375,303.5316467285156,30.79931640625,87.3958740234375,-1,-1,-1,-1
17,2,372.7747802734375,303.2931823730469,30.7406005859375,87.20855712890625,-1,-1,-1,-1
18,2,373.63824462890625,302.9425354003906,30.748626708984375,86.86138916015625,-1,-1,-1,-1
19,2,374.8901672363281,301.8506164550781,30.856170654296875,86.57266235351562,-1,-1,-1,-1
20,2,375.7940979003906,301.1083068847656,30.85321044921875,86.18939208984375,-1,-1,-1,-1
21,2,376.98809814453125,299.78167724609375,31.26153564453125,86.67495727539062,-1,-1,-1,-1
22,2,377.8271484375,299.3406982421875,31.3819580078125,86.91574096679688,-1,-1,-1,-1
23,2,379.1025085449219,298.79913330078125,31.48077392578125,86.83544921875,-1,-1,-1,-1
24,2,380.1480407714844,298.5150146484375,31.413238525390625,86.53515625,-1,-1,-1,-1
25,2,382.2427062988281,298.24542236328125,32.17852783203125,86.53445434570312,-1,-1,-1,-1
26,2,383.1800842285156,298.51904296875,31.6822509765625,85.932373046875,-1,-1,-1,-1
27,2,384.73150634765625,297.97039794921875,30.918548583984375,85.8284912109375,-1,-1,-1,-1
28,2,385.69573974609375,297.28802490234375,30.748046875,85.78985595703125,-1,-1,-1,-1
29,2,387.3223876953125,295.83856201171875,31.409271240234375,85.77056884765625,-1,-1,-1,-1
30,2,388.42529296875,295.4360656738281,30.92340087890625,84.90237426757812,-1,-1,-1,-1
31,2,390.23577880859375,294.0104064941406,30.36572265625,85.08685302734375,-1,-1,-1,-1
32,2,390.9237976074219,293.6214904785156,30.456329345703125,84.75588989257812,-1,-1,-1,-1
33,2,392.1513977050781,293.0163269042969,31.0953369140625,85.00747680664062,-1,-1,-1,-1
34,2,392.7261657714844,292.97003173828125,31.439300537109375,84.91180419921875,-1,-1,-1,-1
35,2,394.4934997558594,293.0969543457031,31.225341796875,84.677490234375,-1,-1,-1,-1
36,2,395.02142333984375,292.91949462890625,31.843017578125,84.74102783203125,-1,-1,-1,-1
37,2,396.0328674316406,292.113525390625,31.7955322265625,84.74951171875,-1,-1,-1,-1
38,2,396.94805908203125,291.38238525390625,31.5614013671875,85.177490234375,-1,-1,-1,-1
39,2,398.6812438964844,289.9204406738281,31.012542724609375,86.02789306640625,-1,-1,-1,-1
40,2,399.3330993652344,288.9970703125,31.286163330078125,86.58050537109375,-1,-1,-1,-1
41,2,400.16143798828125,287.5045166015625,31.739532470703125,86.33792114257812,-1,-1,-1,-1
42,2,400.9678649902344,287.0504150390625,31.428619384765625,85.64892578125,-1,-1,-1,-1
43,2,402.3536682128906,286.67144775390625,30.526611328125,85.541015625,-1,-1,-1,-1
44,2,403.1283264160156,286.5468444824219,30.2498779296875,85.22723388671875,-1,-1,-1,-1
45,2,404.74359130859375,286.1490173339844,30.031219482421875,84.57608032226562,-1,-1,-1,-1
46,2,405.8302307128906,286.1085510253906,30.15069580078125,84.28829956054688,-1,-1,-1,-1
47,2,407.3350830078125,285.8763732910156,30.367401123046875,83.99887084960938,-1,-1,-1,-1
48,2,408.0274963378906,285.4476623535156,30.200927734375,84.10699462890625,-1,-1,-1,-1
49,2,409.32696533203125,284.306884765625,30.536590576171875,84.6572265625,-1,-1,-1,-1
50,2,410.0783386230469,283.9089050292969,30.746063232421875,84.36825561523438,-1,-1,-1,-1
51,2,411.8143615722656,282.7867431640625,30.369598388671875,83.7999267578125,-1,-1,-1,-1
52,2,412.7442932128906,282.3307189941406,30.12109375,84.26898193359375,-1,-1,-1,-1
53,2,414.5968322753906,281.0266418457031,30.1705322265625,84.53097534179688,-1,-1,-1,-1
54,2,415.233154296875,280.7293395996094,30.745635986328125,84.97576904296875,-1,-1,-1,-1
55,2,416.5321044921875,280.39788818359375,30.63897705078125,84.88754272460938,-1,-1,-1,-1
56,2,417.25396728515625,280.3228759765625,30.525238037109375,84.88946533203125,-1,-1,-1,-1
57,2,418.49609375,280.2953186035156,30.1328125,84.3485107421875,-1,-1,-1,-1
58,2,419.1528015136719,279.899658203125,30.329620361328125,83.9830322265625,-1,-1,-1,-1
59,2,419.9053649902344,278.9497985839844,30.90399169921875,83.53045654296875,-1,-1,-1,-1
60,2,420.6380615234375,278.30694580078125,30.836669921875,82.80844116210938,-1,-1,-1,-1
61,2,421.8475341796875,277.1799621582031,30.811248779296875,82.57803344726562,-1,-1,-1,-1
62,2,422.6150817871094,276.53607177734375,30.52691650390625,82.554443359375,-1,-1,-1,-1
63,2,424.3543701171875,276.0814208984375,29.72235107421875,82.65234375,-1,-1,-1,-1
64,2,424.9604797363281,275.74639892578125,29.5926513671875,82.6573486328125,-1,-1,-1,-1
65,2,426.016845703125,275.46044921875,30.237396240234375,82.04922485351562,-1,-1,-1,-1
66,2,426.7636413574219,275.47955322265625,30.457763671875,81.511962890625,-1,-1,-1,-1
67,2,428.1975402832031,275.26788330078125,30.727294921875,81.39727783203125,-1,-1,-1,-1
68,2,429.0782775878906,275.02728271484375,30.626373291015625,81.3292236328125,-1,-1,-1,-1
69,2,430.46246337890625,273.995849609375,30.449066162109375,82.1810302734375,-1,-1,-1,-1
70,2,431.40142822265625,273.27880859375,30.075103759765625,82.5999755859375,-1,-1,-1,-1
71,2,433.634033203125,271.10736083984375,29.427215576171875,83.55038452148438,-1,-1,-1,-1
72,2,434.60504150390625,270.532958984375,29.398773193359375,83.4271240234375,-1,-1,-1,-1
73,2,436.1219177246094,269.3005676269531,30.1048583984375,83.42318725585938,-1,-1,-1,-1
74,2,436.8388671875,269.1246643066406,29.893096923828125,82.96932983398438,-1,-1,-1,-1
75,2,438.11810302734375,269.07379150390625,29.686553955078125,83.30978393554688,-1,-1,-1,-1
76,2,438.6770935058594,269.1186828613281,29.806884765625,83.1348876953125,-1,-1,-1,-1
77,2,439.6357727050781,269.1076965332031,29.621124267578125,82.75958251953125,-1,-1,-1,-1
78,2,440.1793518066406,269.148193359375,29.467559814453125,82.6485595703125,-1,-1,-1,-1
79,2,441.1320495605469,268.2102966308594,29.277862548828125,82.45346069335938,-1,-1,-1,-1
80,2,442.0672912597656,267.33319091796875,29.038055419921875,82.1444091796875,-1,-1,-1,-1
81,2,443.2454528808594,266.3683166503906,28.716094970703125,81.79989624023438,-1,-1,-1,-1
82,2,443.90509033203125,265.8562927246094,28.84747314453125,81.1104736328125,-1,-1,-1,-1
83,2,445.2148132324219,265.043212890625,28.84161376953125,81.6534423828125,-1,-1,-1,-1
84,2,445.9895935058594,264.3651428222656,28.82989501953125,82.14096069335938,-1,-1,-1,-1
85,2,446.96209716796875,263.5415344238281,29.041717529296875,82.42327880859375,-1,-1,-1,-1
86,2,447.6119079589844,263.1815185546875,29.09722900390625,82.5126953125,-1,-1,-1,-1
87,2,448.49176025390625,263.00982666015625,29.671905517578125,81.70062255859375,-1,-1,-1,-1
88,2,449.096923828125,263.0154724121094,29.607666015625,81.2083740234375,-1,-1,-1,-1
89,2,450.1259765625,262.5132141113281,29.291351318359375,81.18655395507812,-1,-1,-1,-1
90,2,450.6883239746094,261.994140625,29.292724609375,81.42953491210938,-1,-1,-1,-1
91,2,452.37103271484375,260.5955810546875,29.294281005859375,80.1717529296875,-1,-1,-1,-1
92,2,452.8873596191406,259.8696594238281,29.61907958984375,80.2374267578125,-1,-1,-1,-1
93,2,453.7120361328125,258.432861328125,30.175445556640625,80.88818359375,-1,-1,-1,-1
94,2,454.1474609375,258.00701904296875,30.692169189453125,80.92852783203125,-1,-1,-1,-1
95,2,454.861083984375,257.4045715332031,31.383209228515625,81.26260375976562,-1,-1,-1,-1
96,2,455.8442077636719,257.3838195800781,30.9154052734375,81.17108154296875,-1,-1,-1,-1
97,2,456.888916015625,257.4335632324219,30.396270751953125,80.91421508789062,-1,-1,-1,-1
98,2,457.5550231933594,257.3531799316406,30.1234130859375,80.84429931640625,-1,-1,-1,-1
99,2,458.0071716308594,256.730712890625,30.12628173828125,81.13311767578125,-1,-1,-1,-1
100,2,458.46002197265625,255.96861267089844,30.089019775390625,81.67103576660156,-1,-1,-1,-1
101,2,459.0935363769531,255.0988006591797,29.65423583984375,81.28263854980469,-1,-1,-1,-1
102,2,459.3817443847656,254.27920532226562,29.708587646484375,81.35928344726562,-1,-1,-1,-1
103,2,460.0361328125,253.19146728515625,29.54510498046875,81.62322998046875,-1,-1,-1,-1
104,2,460.3471984863281,252.74554443359375,29.552215576171875,81.58148193359375,-1,-1,-1,-1
105,2,461.1887512207031,252.6704559326172,29.193695068359375,80.70518493652344,-1,-1,-1,-1
106,2,461.9411315917969,252.59983825683594,28.8050537109375,80.32423400878906,-1,-1,-1,-1
107,2,462.9002380371094,252.37503051757812,28.82330322265625,80.17703247070312,-1,-1,-1,-1
108,2,463.84765625,252.1923065185547,28.55889892578125,79.90107727050781,-1,-1,-1,-1
109,2,464.7528381347656,251.3411102294922,28.43463134765625,80.20387268066406,-1,-1,-1,-1
110,2,465.7209777832031,250.53912353515625,28.6514892578125,80.04104614257812,-1,-1,-1,-1
111,2,466.5509948730469,248.98941040039062,28.654541015625,79.98471069335938,-1,-1,-1,-1
112,2,466.9988708496094,248.2638702392578,28.900146484375,79.89988708496094,-1,-1,-1,-1
113,2,467.8618469238281,247.3839111328125,29.090057373046875,80.0380859375,-1,-1,-1,-1
114,2,468.37164306640625,246.89492797851562,29.51763916015625,80.2122802734375,-1,-1,-1,-1
115,2,468.9940490722656,246.3101806640625,30.127166748046875,80.8016357421875,-1,-1,-1,-1
116,2,469.4801330566406,246.2217559814453,30.200042724609375,80.81419372558594,-1,-1,-1,-1
117,2,470.07196044921875,246.2772979736328,30.098236083984375,80.48307800292969,-1,-1,-1,-1
118,2,470.6359558105469,246.29537963867188,29.697540283203125,80.07443237304688,-1,-1,-1,-1
119,2,471.4942321777344,245.89707946777344,29.192901611328125,80.10145568847656,-1,-1,-1,-1
120,2,471.966796875,245.5487823486328,29.089202880859375,79.94410705566406,-1,-1,-1,-1
121,2,472.4807434082031,244.67031860351562,29.184539794921875,79.63272094726562,-1,-1,-1,-1
122,2,472.89678955078125,243.68453979492188,29.119964599609375,79.05569458007812,-1,-1,-1,-1
123,2,473.4756774902344,242.5425567626953,29.249786376953125,79.01072692871094,-1,-1,-1,-1
124,2,473.9426574707031,241.80014038085938,29.64898681640625,79.30996704101562,-1,-1,-1,-1
125,2,474.8706359863281,241.34591674804688,29.338287353515625,79.07803344726562,-1,-1,-1,-1
126,2,475.8026123046875,241.18499755859375,28.79876708984375,78.67776489257812,-1,-1,-1,-1
127,2,476.8642578125,240.96141052246094,28.71417236328125,78.86726379394531,-1,-1,-1,-1
128,2,477.47442626953125,240.83663940429688,28.751922607421875,78.72854614257812,-1,-1,-1,-1
129,2,478.18353271484375,240.61871337890625,28.53326416015625,78.48751831054688,-1,-1,-1,-1
130,2,479.1501159667969,240.0574493408203,28.090728759765625,78.73930358886719,-1,-1,-1,-1
131,2,480.189697265625,238.79234313964844,28.183990478515625,78.52558898925781,-1,-1,-1,-1
132,2,480.7799377441406,238.3750762939453,27.9334716796875,78.29951477050781,-1,-1,-1,-1
133,2,481.4788818359375,237.4423828125,28.005126953125,77.36993408203125,-1,-1,-1,-1
134,2,481.86248779296875,237.00650024414062,28.171234130859375,77.20257568359375,-1,-1,-1,-1
135,2,482.38690185546875,236.69677734375,28.239776611328125,77.175537109375,-1,-1,-1,-1
136,2,482.906005859375,236.49278259277344,28.057037353515625,77.32356262207031,-1,-1,-1,-1
137,2,483.77685546875,236.30955505371094,27.846832275390625,77.09895324707031,-1,-1,-1,-1
138,2,484.1140441894531,236.1716766357422,28.010772705078125,76.91184997558594,-1,-1,-1,-1
139,2,484.5755310058594,235.88619995117188,28.188232421875,76.95761108398438,-1,-1,-1,-1
140,2,485.1462707519531,235.3872528076172,28.07000732421875,77.34480285644531,-1,-1,-1,-1
141,2,485.50103759765625,233.6803436279297,28.64044189453125,78.43885803222656,-1,-1,-1,-1
142,2,486.0186767578125,233.1749267578125,28.4771728515625,77.73699951171875,-1,-1,-1,-1
143,2,486.54766845703125,231.76632690429688,28.38970947265625,77.47344970703125,-1,-1,-1,-1
144,2,486.95379638671875,230.89456176757812,28.468994140625,77.94369506835938,-1,-1,-1,-1
145,2,487.3112487792969,230.1690216064453,28.734405517578125,78.25474548339844,-1,-1,-1,-1
146,2,487.7696228027344,230.0592498779297,28.602020263671875,78.13432312011719,-1,-1,-1,-1
147,2,488.4485168457031,230.233154296875,28.297882080078125,77.04095458984375,-1,-1,-1,-1
148,2,488.9282531738281,230.1787567138672,28.282745361328125,76.71672058105469,-1,-1,-1,-1
149,2,489.5069885253906,230.17138671875,28.312408447265625,76.24716186523438,-1,-1,-1,-1
150,2,490.0657653808594,229.93434143066406,28.026153564453125,76.32453918457031,-1,-1,-1,-1
151,2,490.8728332519531,229.42002868652344,27.862640380859375,75.77940368652344,-1,-1,-1,-1
152,2,491.63006591796875,228.8168487548828,27.94696044921875,75.32734680175781,-1,-1,-1,-1
153,2,492.67413330078125,227.5902099609375,27.8253173828125,75.5360107421875,-1,-1,-1,-1
154,2,493.3126525878906,226.8487091064453,27.853729248046875,75.84080505371094,-1,-1,-1,-1
155,2,494.0126953125,225.83692932128906,28.67706298828125,76.12474060058594,-1,-1,-1,-1
156,2,494.7150573730469,225.6669921875,28.507843017578125,76.15704345703125,-1,-1,-1,-1
157,2,495.39068603515625,225.5603790283203,28.39044189453125,76.03361511230469,-1,-1,-1,-1
158,2,495.9324951171875,225.7716827392578,28.15203857421875,75.69041442871094,-1,-1,-1,-1
159,2,496.5149841308594,225.72532653808594,27.975189208984375,75.67424011230469,-1,-1,-1,-1
160,2,496.7350158691406,225.31898498535156,28.311431884765625,75.97114562988281,-1,-1,-1,-1
161,2,497.0508728027344,224.3010711669922,28.631439208984375,76.59205627441406,-1,-1,-1,-1
162,2,497.25311279296875,223.7828826904297,28.82086181640625,76.50816345214844,-1,-1,-1,-1
163,2,497.7929992675781,222.45944213867188,28.625823974609375,75.63192749023438,-1,-1,-1,-1
164,2,498.16436767578125,221.6459503173828,28.4932861328125,76.22099304199219,-1,-1,-1,-1
165,2,498.8369445800781,221.0404815673828,28.120147705078125,76.36564636230469,-1,-1,-1,-1
166,2,499.3790588378906,220.66273498535156,27.930511474609375,76.33641052246094,-1,-1,-1,-1
167,2,500.15472412109375,220.54847717285156,27.5394287109375,75.81846618652344,-1,-1,-1,-1
168,2,500.8034973144531,220.4622039794922,27.184112548828125,75.33726501464844,-1,-1,-1,-1
169,2,501.2127685546875,220.4981231689453,27.3795166015625,74.86952209472656,-1,-1,-1,-1
170,2,501.5941162109375,220.3682098388672,27.367919921875,74.67167663574219,-1,-1,-1,-1
171,2,502.3265686035156,219.76768493652344,27.202911376953125,74.94453430175781,-1,-1,-1,-1
172,2,503.03045654296875,219.2030487060547,27.29644775390625,74.96147155761719,-1,-1,-1,-1
173,2,503.87744140625,217.92787170410156,27.70074462890625,74.82267761230469,-1,-1,-1,-1
174,2,504.9649353027344,217.31854248046875,27.266326904296875,74.63241577148438,-1,-1,-1,-1
175,2,505.44635009765625,216.20965576171875,28.2369384765625,75.43295288085938,-1,-1,-1,-1
176,2,505.97698974609375,215.70111083984375,28.72259521484375,75.5621337890625,-1,-1,-1,-1
177,2,506.4093322753906,215.63133239746094,29.043792724609375,75.23997497558594,-1,-1,-1,-1
178,2,506.83734130859375,215.76560974121094,29.1885986328125,74.82359313964844,-1,-1,-1,-1
179,2,507.4072570800781,215.85214233398438,29.486785888671875,74.48623657226562,-1,-1,-1,-1
180,2,507.8289489746094,215.8243865966797,29.497650146484375,74.47557067871094,-1,-1,-1,-1
181,2,508.3725891113281,215.2449188232422,29.151153564453125,74.95542907714844,-1,-1,-1,-1
182,2,508.68634033203125,214.85946655273438,28.97674560546875,75.2093505859375,-1,-1,-1,-1
183,2,509.61907958984375,214.0253143310547,28.08636474609375,74.52088928222656,-1,-1,-1,-1
184,2,510.2832946777344,213.1971893310547,27.615631103515625,74.17085266113281,-1,-1,-1,-1
185,2,510.9051818847656,212.0797882080078,27.742095947265625,75.14543151855469,-1,-1,-1,-1
186,2,511.35986328125,211.64739990234375,28.0029296875,75.24356079101562,-1,-1,-1,-1
187,2,512.2618103027344,211.53102111816406,27.416168212890625,74.35124206542969,-1,-1,-1,-1
188,2,512.8802185058594,211.23452758789062,27.097930908203125,73.88092041015625,-1,-1,-1,-1
189,2,513.8085327148438,210.92796325683594,27.39898681640625,73.78248596191406,-1,-1,-1,-1
190,2,514.6029663085938,210.8411102294922,27.2462158203125,73.71476745605469,-1,-1,-1,-1
191,2,515.2313842773438,210.38693237304688,27.643798828125,74.13540649414062,-1,-1,-1,-1
192,2,515.768798828125,210.04490661621094,27.63726806640625,74.23072814941406,-1,-1,-1,-1
193,2,516.539794921875,209.30836486816406,27.84332275390625,73.79411315917969,-1,-1,-1,-1
194,2,517.3673095703125,208.81959533691406,27.5555419921875,73.42366027832031,-1,-1,-1,-1
195,2,518.50830078125,208.08851623535156,27.00726318359375,73.44657897949219,-1,-1,-1,-1
196,2,518.9777221679688,207.53785705566406,27.25787353515625,73.34120178222656,-1,-1,-1,-1
197,2,519.95751953125,207.20343017578125,27.52423095703125,73.51788330078125,-1,-1,-1,-1
198,2,520.5050048828125,206.98451232910156,27.66656494140625,73.67552185058594,-1,-1,-1,-1
199,2,521.3093872070312,206.93434143066406,27.44189453125,73.60649108886719,-1,-1,-1,-1
200,2,522.0007934570312,206.7676239013672,27.23297119140625,73.71794128417969,-1,-1,-1,-1
1,3,63.683082580566406,331.505126953125,29.976165771484375,79.7166748046875,-1,-1,-1,-1
2,3,63.360286712646484,330.23089599609375,29.65353775024414,80.69168090820312,-1,-1,-1,-1
3,3,59.09459686279297,325.7775573730469,31.188491821289062,86.07321166992188,-1,-1,-1,-1
4,3,57.47814178466797,322.4569396972656,33.07488250732422,90.89385986328125,-1,-1,-1,-1
5,3,56.100032806396484,326.9802551269531,32.256351470947266,88.65853881835938,-1,-1,-1,-1
6,3,56.409873962402344,329.8747863769531,31.317604064941406,86.16119384765625,-1,-1,-1,-1
7,3,56.71821212768555,334.48858642578125,29.394672393798828,81.54824829101562,-1,-1,-1,-1
8,3,55.68722915649414,334.4869384765625,30.228878021240234,81.5755615234375,-1,-1,-1,-1
9,3,54.59297180175781,335.0097351074219,30.54151153564453,81.54217529296875,-1,-1,-1,-1
10,3,53.93170166015625,336.64593505859375,29.53821563720703,80.17861938476562,-1,-1,-1,-1
11,3,50.89255142211914,336.7149658203125,31.687511444091797,81.483642578125,-1,-1,-1,-1
12,3,47.69538497924805,337.671142578125,32.173954010009766,81.14321899414062,-1,-1,-1,-1
13,3,46.562713623046875,337.50677490234375,32.405914306640625,82.06527709960938,-1,-1,-1,-1
14,3,45.8371696472168,337.8072509765625,31.39931869506836,81.67282104492188,-1,-1,-1,-1
15,3,43.67357635498047,337.70458984375,31.86199188232422,82.57730102539062,-1,-1,-1,-1
16,3,39.755767822265625,337.8136901855469,34.52680969238281,83.43994140625,-1,-1,-1,-1
17,3,36.709320068359375,339.12396240234375,35.57305908203125,83.88717651367188,-1,-1,-1,-1
18,3,36.418487548828125,341.4892578125,35.34196472167969,81.35305786132812,-1,-1,-1,-1
19,3,35.94020080566406,342.64813232421875,35.13337707519531,81.19412231445312,-1,-1,-1,-1
20,3,35.5215950012207,343.19000244140625,34.3416633605957,81.03466796875,-1,-1,-1,-1
21,3,35.44566345214844,343.8372497558594,32.42619323730469,80.7742919921875,-1,-1,-1,-1
22,3,33.68868637084961,344.2169189453125,32.75156784057617,81.03732299804688,-1,-1,-1,-1
23,3,33.35308837890625,343.86126708984375,32.03135299682617,82.01364135742188,-1,-1,-1,-1
24,3,31.416881561279297,343.3877258300781,32.19126892089844,82.94891357421875,-1,-1,-1,-1
25,3,27.409046173095703,343.11383056640625,33.27119445800781,84.51162719726562,-1,-1,-1,-1
26,3,26.816621780395508,343.6402587890625,33.25253868103027,85.13058471679688,-1,-1,-1,-1
27,3,25.530317306518555,345.4425048828125,32.3901424407959,85.30007934570312,-1,-1,-1,-1
28,3,25.22993278503418,346.9371337890625,31.766355514526367,84.12112426757812,-1,-1,-1,-1
29,3,24.019731521606445,347.9602355957031,30.984949111938477,84.07196044921875,-1,-1,-1,-1
30,3,24.236289978027344,348.8645935058594,29.955215454101562,83.29037475585938,-1,-1,-1,-1
31,3,23.425779342651367,349.8048400878906,29.30198097229004,82.77029418945312,-1,-1,-1,-1
32,3,22.253665924072266,350.02691650390625,30.174640655517578,83.18240356445312,-1,-1,-1,-1
33,3,20.123271942138672,349.8443603515625,31.42919158935547,84.08447265625,-1,-1,-1,-1
34,3,17.230913162231445,349.16619873046875,33.4749698638916,85.03179931640625,-1,-1,-1,-1
35,3,16.19722557067871,349.47503662109375,32.91355323791504,85.02847290039062,-1,-1,-1,-1
36,3,14.60287857055664,349.7798156738281,33.704830169677734,85.18838500976562,-1,-1,-1,-1
37,3,10.744378089904785,352.4805603027344,35.57739543914795,82.83370971679688,-1,-1,-1,-1
38,3,8.58635950088501,353.49774169921875,36.320645809173584,82.30673217773438,-1,-1,-1,-1
39,3,7.596022129058838,354.3436279296875,37.03667593002319,82.29684448242188,-1,-1,-1,-1
40,3,6.531440258026123,354.0647888183594,37.625813007354736,84.23565673828125,-1,-1,-1,-1
41,3,5.80195951461792,354.68341064453125,36.09257936477661,84.47134399414062,-1,-1,-1,-1
42,3,5.307770252227783,356.198486328125,35.00507688522339,83.00765991210938,-1,-1,-1,-1
43,3,5.010401248931885,356.32720947265625,33.573976039886475,83.28231811523438,-1,-1,-1,-1
44,3,4.256278038024902,355.9029541015625,33.075798988342285,84.23110961914062,-1,-1,-1,-1
45,3,1.859950304031372,356.3136901855469,33.493054151535034,84.96908569335938,-1,-1,-1,-1
46,3,1.2829185724258423,356.8238525390625,33.25967252254486,84.93350219726562,-1,-1,-1,-1
47,3,1.0,357.713623046875,33.11739730834961,85.81271362304688,-1,-1,-1,-1
48,3,1.0,358.3704833984375,32.58821487426758,86.04434204101562,-1,-1,-1,-1
49,3,1.0,361.3559265136719,29.949350357055664,83.84768676757812,-1,-1,-1,-1
50,3,1.0,363.2334899902344,28.004661560058594,83.027587890625,-1,-1,-1,-1
51,3,1.0,364.662841796875,26.21497917175293,82.30801391601562,-1,-1,-1,-1
52,3,1.0,365.066650390625,25.904043197631836,82.54293823242188,-1,-1,-1,-1
53,3,1.0,363.59490966796875,23.650060653686523,86.82504272460938,-1,-1,-1,-1
54,3,1.0,363.48382568359375,23.4666805267334,87.29702758789062,-1,-1,-1,-1
55,3,1.0,363.6526184082031,22.972213745117188,86.24966430664062,-1,-1,-1,-1
56,3,1.0,362.76776123046875,22.63180923461914,87.85122680664062,-1,-1,-1,-1
57,3,1.0,364.3998107910156,21.901357650756836,86.0037841796875,-1,-1,-1,-1
58,3,1.0,364.21783447265625,21.78536033630371,85.99221801757812,-1,-1,-1,-1
113,4,412.7055358886719,448.9303283691406,32.17376708984375,33.069671630859375,-1,-1,-1,-1
114,4,412.1262512207031,447.4485778808594,32.733428955078125,34.551422119140625,-1,-1,-1,-1
128,5,405.5716247558594,431.0627136230469,41.030670166015625,50.937286376953125,-1,-1,-1,-1
129,5,405.3919677734375,430.0155334472656,40.7939453125,51.984466552734375,-1,-1,-1,-1
130,5,405.20489501953125,429.410888671875,40.812713623046875,52.589111328125,-1,-1,-1,-1
131,5,402.634765625,428.3211669921875,42.10760498046875,53.6788330078125,-1,-1,-1,-1
132,5,401.4132995605469,428.1149597167969,43.615081787109375,53.885040283203125,-1,-1,-1,-1
133,5,400.11090087890625,425.4735107421875,44.774658203125,56.5264892578125,-1,-1,-1,-1
134,5,399.5829162597656,424.687255859375,44.8575439453125,57.312744140625,-1,-1,-1,-1
135,5,399.4356994628906,420.7200012207031,43.99542236328125,61.279998779296875,-1,-1,-1,-1
136,5,399.6511535644531,419.0195617675781,43.7293701171875,62.980438232421875,-1,-1,-1,-1
137,5,398.63616943359375,417.31072998046875,44.396575927734375,64.68927001953125,-1,-1,-1,-1
138,5,398.1186218261719,418.35015869140625,44.311676025390625,63.64984130859375,-1,-1,-1,-1
139,5,397.6103820800781,416.96575927734375,44.28985595703125,65.03424072265625,-1,-1,-1,-1
140,5,397.5079650878906,417.80548095703125,44.13055419921875,64.19451904296875,-1,-1,-1,-1
141,5,397.3229064941406,415.5113830566406,43.784942626953125,66.48861694335938,-1,-1,-1,-1
142,5,397.8647155761719,415.8077392578125,42.9783935546875,66.1922607421875,-1,-1,-1,-1
143,5,396.7214660644531,413.771240234375,42.748870849609375,68.228759765625,-1,-1,-1,-1
144,5,396.864990234375,412.3890686035156,41.84423828125,69.61093139648438,-1,-1,-1,-1
145,5,395.44512939453125,407.7397766113281,43.848785400390625,74.26022338867188,-1,-1,-1,-1
146,5,396.2623596191406,406.6452941894531,42.087921142578125,75.35470581054688,-1,-1,-1,-1
147,5,395.3174743652344,406.4314880371094,43.3240966796875,75.56851196289062,-1,-1,-1,-1
148,5,394.8038635253906,406.3759460449219,43.759063720703125,75.62405395507812,-1,-1,-1,-1
149,5,394.49102783203125,406.4703674316406,43.410003662109375,75.52963256835938,-1,-1,-1,-1
150,5,394.7174377441406,405.9741516113281,42.739166259765625,76.02584838867188,-1,-1,-1,-1
151,5,393.69891357421875,404.86334228515625,42.44775390625,77.13665771484375,-1,-1,-1,-1
152,5,393.4169616699219,404.38507080078125,42.1451416015625,77.61492919921875,-1,-1,-1,-1
153,5,391.8371276855469,401.3567199707031,42.69012451171875,80.64328002929688,-1,-1,-1,-1
154,5,391.7043762207031,401.2028503417969,41.9493408203125,80.79714965820312,-1,-1,-1,-1
155,5,389.3542175292969,398.18896484375,44.638580322265625,83.81103515625,-1,-1,-1,-1
156,5,389.04669189453125,396.4581298828125,44.714385986328125,85.5418701171875,-1,-1,-1,-1
157,5,388.9687194824219,394.59259033203125,46.04351806640625,87.40740966796875,-1,-1,-1,-1
158,5,387.8306884765625,393.583740234375,46.974761962890625,88.416259765625,-1,-1,-1,-1
159,5,388.8833923339844,393.3872985839844,46.216583251953125,88.61270141601562,-1,-1,-1,-1
160,5,388.47052001953125,393.5321350097656,46.292388916015625,88.46786499023438,-1,-1,-1,-1
161,5,389.28973388671875,393.0846252441406,44.230560302734375,88.91537475585938,-1,-1,-1,-1
162,5,388.5447998046875,392.349609375,45.72283935546875,89.650390625,-1,-1,-1,-1
163,5,388.7658996582031,389.8036804199219,45.5113525390625,92.19631958007812,-1,-1,-1,-1
164,5,389.166259765625,389.9033508300781,45.5751953125,92.09664916992188,-1,-1,-1,-1
165,5,389.2950439453125,387.8425598144531,45.839691162109375,94.15744018554688,-1,-1,-1,-1
166,5,390.2535400390625,386.38385009765625,45.027130126953125,95.61614990234375,-1,-1,-1,-1
167,5,390.9290466308594,384.93536376953125,44.75128173828125,97.06463623046875,-1,-1,-1,-1
168,5,390.96588134765625,384.6822814941406,44.92913818359375,97.31771850585938,-1,-1,-1,-1
169,5,391.5413818359375,382.86114501953125,43.864105224609375,99.13885498046875,-1,-1,-1,-1
170,5,391.9677734375,382.484619140625,43.037567138671875,99.515380859375,-1,-1,-1,-1
171,5,392.9307556152344,382.32659912109375,40.8272705078125,99.67340087890625,-1,-1,-1,-1
172,5,392.8583984375,381.822021484375,40.757110595703125,100.177978515625,-1,-1,-1,-1
173,5,392.6822204589844,380.9434814453125,40.821319580078125,101.0565185546875,-1,-1,-1,-1
174,5,392.5130920410156,380.3782958984375,41.06781005859375,101.6217041015625,-1,-1,-1,-1
175,5,391.9429016113281,378.9147644042969,41.77862548828125,103.01663208007812,-1,-1,-1,-1
176,5,391.1903076171875,377.91387939453125,42.395599365234375,102.05508422851562,-1,-1,-1,-1
177,5,390.1092224121094,375.5225830078125,43.577362060546875,102.17477416992188,-1,-1,-1,-1
178,5,389.48895263671875,375.0150146484375,44.161834716796875,100.92703247070312,-1,-1,-1,-1
179,5,388.99090576171875,373.8898620605469,44.652130126953125,100.43734741210938,-1,-1,-1,-1
180,5,389.1938171386719,372.9726257324219,44.400482177734375,100.62152099609375,-1,-1,-1,-1
181,5,389.0380554199219,372.69818115234375,44.580841064453125,99.63534545898438,-1,-1,-1,-1
182,5,389.31207275390625,372.546630859375,44.054840087890625,98.88540649414062,-1,-1,-1,-1
183,5,388.9193115234375,371.9268798828125,44.534149169921875,99.56777954101562,-1,-1,-1,-1
184,5,389.2847900390625,371.27886962890625,44.29669189453125,99.92996215820312,-1,-1,-1,-1
185,5,389.7679748535156,370.06951904296875,44.111663818359375,99.44497680664062,-1,-1,-1,-1
186,5,390.3604431152344,369.6412658691406,43.7811279296875,98.07958984375,-1,-1,-1,-1
187,5,390.76531982421875,368.81719970703125,44.092926025390625,96.7557373046875,-1,-1,-1,-1
188,5,391.1024169921875,367.6474304199219,44.26861572265625,96.6787109375,-1,-1,-1,-1
189,5,391.7376403808594,365.146240234375,43.694488525390625,96.83889770507812,-1,-1,-1,-1
190,5,392.0435485839844,363.4486083984375,43.376220703125,98.52975463867188,-1,-1,-1,-1
191,5,392.86480712890625,362.4949951171875,42.744903564453125,99.58779907226562,-1,-1,-1,-1
192,5,393.7872009277344,362.19696044921875,41.8548583984375,99.67562866210938,-1,-1,-1,-1
193,5,394.4670104980469,361.9764099121094,41.624298095703125,99.98226928710938,-1,-1,-1,-1
194,5,395.3256530761719,361.6386413574219,41.11944580078125,99.88442993164062,-1,-1,-1,-1
195,5,396.15472412109375,360.53741455078125,40.95977783203125,100.36679077148438,-1,-1,-1,-1
196,5,396.8820495605469,359.39691162109375,40.558563232421875,99.7764892578125,-1,-1,-1,-1
197,5,397.6047058105469,357.94476318359375,40.77239990234375,99.23477172851562,-1,-1,-1,-1
198,5,398.21185302734375,357.0513916015625,40.94232177734375,98.35614013671875,-1,-1,-1,-1
199,5,398.4149169921875,355.9282531738281,41.6014404296875,97.927978515625,-1,-1,-1,-1
200,5,398.4567565917969,355.31396484375,42.071014404296875,97.32183837890625,-1,-1,-1,-1
