1,1,529.7592163085938,155.2495880126953,23.39892578125,57.25663757324219,-1,-1,-1,-1
2,1,529.78564453125,155.46278381347656,23.4024658203125,57.216278076171875,-1,-1,-1,-1
3,1,529.6820678710938,155.3161163330078,23.25665283203125,57.18547058105469,-1,-1,-1,-1
4,1,529.5723876953125,155.14320373535156,23.143798828125,57.49420166015625,-1,-1,-1,-1
5,1,529.5664672851562,155.21791076660156,22.458740234375,57.56402587890625,-1,-1,-1,-1
6,1,529.169677734375,155.25975036621094,22.53564453125,57.81620788574219,-1,-1,-1,-1
7,1,527.943603515625,155.12075805664062,23.23681640625,58.436492919921875,-1,-1,-1,-1
8,1,527.291015625,155.3887939453125,23.464111328125,58.52052307128906,-1,-1,-1,-1
9,1,525.9862670898438,157.33314514160156,23.75860595703125,57.535400390625,-1,-1,-1,-1
10,1,525.6290283203125,157.4010772705078,23.8702392578125,57.77056884765625,-1,-1,-1,-1
11,1,524.2279052734375,157.81317138671875,23.7769775390625,57.73710632324219,-1,-1,-1,-1
12,1,523.8143920898438,158.00621032714844,23.8983154296875,57.97465515136719,-1,-1,-1,-1
13,1,522.69677734375,158.26686096191406,24.13134765625,57.920867919921875,-1,-1,-1,-1
14,1,522.0161743164062,158.36856079101562,24.3477783203125,58.02937316894531,-1,-1,-1,-1
15,1,519.9163208007812,158.43971252441406,24.8297119140625,57.82594299316406,-1,-1,-1,-1
16,1,519.2293090820312,158.2924041748047,24.92803955078125,58.14622497558594,-1,-1,-1,-1
17,1,518.3035278320312,158.74566650390625,24.920166015625,58.11590576171875,-1,-1,-1,-1
18,1,517.6593017578125,159.555908203125,24.80487060546875,57.918731689453125,-1,-1,-1,-1
19,1,516.7697143554688,160.4380340576172,24.24383544921875,57.55560302734375,-1,-1,-1,-1
20,1,516.0543212890625,160.61538696289062,24.18585205078125,57.96220397949219,-1,-1,-1,-1
21,1,515.43017578125,160.8489227294922,23.9764404296875,58.1776123046875,-1,-1,-1,-1
22,1,514.88330078125,161.00830078125,23.996337890625,58.37623596191406,-1,-1,-1,-1
23,1,514.6065673828125,161.41720581054688,23.4761962890625,58.37188720703125,-1,-1,-1,-1
24,1,514.3513793945312,161.48150634765625,23.186279296875,58.48637390136719,-1,-1,-1,-1
25,1,513.9589233398438,161.34695434570312,23.14166259765625,59.01890563964844,-1,-1,-1,-1
26,1,513.6783447265625,161.1979522705078,23.16998291015625,59.341796875,-1,-1,-1,-1
27,1,513.2353515625,161.38699340820312,22.86181640625,59.39146423339844,-1,-1,-1,-1
28,1,512.2456970214844,161.48599243164062,23.084320068359375,59.57295227050781,-1,-1,-1,-1
29,1,509.9833068847656,162.3773193359375,23.746734619140625,59.548858642578125,-1,-1,-1,-1
30,1,509.31005859375,162.8795623779297,23.9019775390625,59.096832275390625,-1,-1,-1,-1
31,1,509.075439453125,163.58233642578125,23.1826171875,58.55488586425781,-1,-1,-1,-1
32,1,508.6151428222656,163.89892578125,22.877716064453125,58.25895690917969,-1,-1,-1,-1
33,1,506.0334777832031,164.1572265625,23.920379638671875,58.82728576660156,-1,-1,-1,-1
34,1,505.8531494140625,164.39817810058594,23.50360107421875,58.80354309082031,-1,-1,-1,-1
35,1,504.9064636230469,164.30783081054688,23.529876708984375,59.21022033691406,-1,-1,-1,-1
36,1,503.8534851074219,164.25819396972656,23.330291748046875,59.41357421875,-1,-1,-1,-1
37,1,501.9076843261719,163.782958984375,23.768646240234375,59.97810363769531,-1,-1,-1,-1
38,1,501.5882263183594,164.0172119140625,23.516265869140625,59.89064025878906,-1,-1,-1,-1
39,1,500.04962158203125,164.76461791992188,23.40985107421875,59.56437683105469,-1,-1,-1,-1
40,1,499.4323425292969,165.07736206054688,23.302764892578125,59.77162170410156,-1,-1,-1,-1
41,1,497.7889709472656,166.50820922851562,23.236419677734375,58.86328125,-1,-1,-1,-1
42,1,497.16339111328125,166.76531982421875,23.0655517578125,59.2652587890625,-1,-1,-1,-1
43,1,496.9563903808594,167.7428741455078,22.328277587890625,59.05439758300781,-1,-1,-1,-1
44,1,496.3577575683594,167.6638641357422,22.305084228515625,59.2879638671875,-1,-1,-1,-1
45,1,495.3500671386719,167.65374755859375,22.269927978515625,59.505523681640625,-1,-1,-1,-1
46,1,494.083740234375,167.4667510986328,22.61749267578125,60.12457275390625,-1,-1,-1,-1
47,1,490.91485595703125,167.38623046875,23.4490966796875,60.97593688964844,-1,-1,-1,-1
48,1,490.2492980957031,167.31752014160156,23.5966796875,61.15618896484375,-1,-1,-1,-1
49,1,489.41436767578125,166.0640869140625,23.381072998046875,62.33174133300781,-1,-1,-1,-1
50,1,488.2371826171875,165.7210693359375,24.0137939453125,62.99870300292969,-1,-1,-1,-1
51,1,485.170654296875,164.15084838867188,25.68194580078125,64.78358459472656,-1,-1,-1,-1
57,1,479.7567443847656,168.34352111816406,24.1893310546875,62.69966125488281,-1,-1,-1,-1
58,1,479.44976806640625,169.3128204345703,23.93646240234375,61.98609924316406,-1,-1,-1,-1
59,1,477.2115783691406,169.90965270996094,23.46307373046875,61.58876037597656,-1,-1,-1,-1
60,1,476.5478210449219,170.05812072753906,23.777496337890625,61.760833740234375,-1,-1,-1,-1
61,1,475.0962219238281,170.299072265625,24.1551513671875,61.61500549316406,-1,-1,-1,-1
62,1,474.4056701660156,170.42303466796875,24.2474365234375,61.97969055175781,-1,-1,-1,-1
63,1,473.134033203125,171.80723571777344,24.211029052734375,61.164031982421875,-1,-1,-1,-1
64,1,472.167236328125,172.5537109375,24.584869384765625,60.88996887207031,-1,-1,-1,-1
65,1,470.36004638671875,174.1544189453125,24.563934326171875,60.32545471191406,-1,-1,-1,-1
66,1,470.0537414550781,174.67430114746094,24.17193603515625,60.27516174316406,-1,-1,-1,-1
67,1,469.2275695800781,175.5672607421875,23.5115966796875,59.67315673828125,-1,-1,-1,-1
68,1,468.7962646484375,175.70947265625,23.258453369140625,59.54060363769531,-1,-1,-1,-1
69,1,467.5182800292969,175.54510498046875,23.18499755859375,60.03895568847656,-1,-1,-1,-1
70,1,466.9274597167969,175.6398162841797,23.1748046875,60.07696533203125,-1,-1,-1,-1
71,1,464.86004638671875,175.4208984375,22.967529296875,60.43617248535156,-1,-1,-1,-1
72,1,463.68963623046875,175.23716735839844,23.492095947265625,61.01611328125,-1,-1,-1,-1
73,1,459.7376708984375,176.34176635742188,25.633544921875,60.812469482421875,-1,-1,-1,-1
74,1,457.5293273925781,176.9017333984375,27.2919921875,60.64942932128906,-1,-1,-1,-1
75,1,456.2769470214844,177.38674926757812,27.466644287109375,60.59211730957031,-1,-1,-1,-1
76,1,456.1935119628906,177.87753295898438,26.688446044921875,60.24516296386719,-1,-1,-1,-1
77,1,455.7154846191406,178.47467041015625,25.7366943359375,59.71391296386719,-1,-1,-1,-1
78,1,454.90679931640625,178.70724487304688,25.636993408203125,59.878631591796875,-1,-1,-1,-1
79,1,452.4061584472656,179.0338134765625,24.780059814453125,60.1600341796875,-1,-1,-1,-1
80,1,451.9200744628906,179.10916137695312,24.559234619140625,60.31617736816406,-1,-1,-1,-1
81,1,448.9792785644531,178.95281982421875,24.222747802734375,60.48173522949219,-1,-1,-1,-1
82,1,448.43310546875,178.8611297607422,24.301849365234375,60.75541687011719,-1,-1,-1,-1
83,1,446.3724365234375,179.04348754882812,25.0201416015625,60.98297119140625,-1,-1,-1,-1
84,1,445.7315979003906,179.17562866210938,24.96893310546875,61.15696716308594,-1,-1,-1,-1
85,1,444.6703186035156,180.18084716796875,24.84246826171875,60.533447265625,-1,-1,-1,-1
86,1,444.1620178222656,180.4681396484375,24.733612060546875,60.543670654296875,-1,-1,-1,-1
87,1,442.75689697265625,181.39794921875,25.12591552734375,60.47218322753906,-1,-1,-1,-1
88,1,442.0481262207031,181.96463012695312,24.75567626953125,60.07220458984375,-1,-1,-1,-1
89,1,441.2343444824219,182.532958984375,23.818389892578125,59.58607482910156,-1,-1,-1,-1
90,1,440.87786865234375,182.72023010253906,23.538909912109375,59.595611572265625,-1,-1,-1,-1
91,1,439.677978515625,182.52203369140625,23.435028076171875,59.760009765625,-1,-1,-1,-1
92,1,439.3041687011719,182.60926818847656,22.8504638671875,59.519439697265625,-1,-1,-1,-1
93,1,437.1228942871094,182.12351989746094,23.183807373046875,60.90211486816406,-1,-1,-1,-1
94,1,436.4041748046875,182.17030334472656,23.06494140625,60.955810546875,-1,-1,-1,-1
95,1,432.4977722167969,182.57452392578125,24.3526611328125,61.43183898925781,-1,-1,-1,-1
96,1,429.2292175292969,182.9247589111328,26.796112060546875,61.9049072265625,-1,-1,-1,-1
97,1,426.2033996582031,183.90945434570312,28.12310791015625,61.65116882324219,-1,-1,-1,-1
98,1,425.9642028808594,184.1230926513672,27.666656494140625,61.53529357910156,-1,-1,-1,-1
99,1,425.8997497558594,184.55078125,27.108642578125,61.5794677734375,-1,-1,-1,-1
100,1,425.8727111816406,184.9686279296875,26.6563720703125,61.69471740722656,-1,-1,-1,-1
101,1,424.60137939453125,185.7340087890625,25.657928466796875,61.51765441894531,-1,-1,-1,-1
102,1,423.8034362792969,185.95838928222656,25.59539794921875,61.7867431640625,-1,-1,-1,-1
103,1,421.03155517578125,186.08877563476562,24.863983154296875,61.72074890136719,-1,-1,-1,-1
104,1,420.58465576171875,186.13333129882812,24.19793701171875,61.78428649902344,-1,-1,-1,-1
105,1,418.2986755371094,186.21978759765625,24.57965087890625,61.85569763183594,-1,-1,-1,-1
106,1,417.86859130859375,186.47824096679688,24.5283203125,61.82331848144531,-1,-1,-1,-1
107,1,416.2402648925781,187.14601135253906,25.0106201171875,62.1279296875,-1,-1,-1,-1
108,1,415.7361755371094,187.49896240234375,24.95928955078125,62.11882019042969,-1,-1,-1,-1
109,1,414.2654724121094,188.478759765625,25.15093994140625,62.35554504394531,-1,-1,-1,-1
110,1,413.2225646972656,188.7630157470703,25.4105224609375,62.439697265625,-1,-1,-1,-1
111,1,412.5768127441406,189.33949279785156,24.901336669921875,62.026275634765625,-1,-1,-1,-1
112,1,412.3254089355469,189.71470642089844,24.4423828125,61.644500732421875,-1,-1,-1,-1
113,1,411.2982482910156,190.12579345703125,24.375030517578125,61.78883361816406,-1,-1,-1,-1
114,1,410.83770751953125,190.07029724121094,24.283477783203125,62.23637390136719,-1,-1,-1,-1
115,1,409.67041015625,190.1209259033203,24.1309814453125,62.75770568847656,-1,-1,-1,-1
116,1,409.0645751953125,190.00535583496094,23.913177490234375,62.94483947753906,-1,-1,-1,-1
117,1,405.1006164550781,190.35438537597656,24.80743408203125,63.63771057128906,-1,-1,-1,-1
118,1,403.143798828125,190.6167449951172,26.019378662109375,63.92327880859375,-1,-1,-1,-1
119,1,399.6943054199219,191.6149444580078,27.97100830078125,63.53169250488281,-1,-1,-1,-1
120,1,399.2655334472656,191.90975952148438,27.639739990234375,63.21751403808594,-1,-1,-1,-1
121,1,398.5921325683594,192.4003143310547,27.909027099609375,62.92254638671875,-1,-1,-1,-1
122,1,398.22967529296875,192.45364379882812,27.584564208984375,63.11376953125,-1,-1,-1,-1
123,1,396.4178466796875,192.66644287109375,26.91595458984375,63.137359619140625,-1,-1,-1,-1
124,1,395.5127258300781,192.8159637451172,26.58172607421875,63.30720520019531,-1,-1,-1,-1
125,1,392.9805908203125,193.01358032226562,25.474029541015625,63.04814147949219,-1,-1,-1,-1
126,1,391.9034118652344,193.3418426513672,25.585296630859375,62.97479248046875,-1,-1,-1,-1
127,1,388.5864562988281,193.70680236816406,25.841064453125,63.01416015625,-1,-1,-1,-1
128,1,388.4417419433594,194.08534240722656,25.653533935546875,63.038299560546875,-1,-1,-1,-1
129,1,386.9804992675781,195.02748107910156,25.5511474609375,63.27674865722656,-1,-1,-1,-1
130,1,386.1272277832031,195.396240234375,25.6065673828125,63.54779052734375,-1,-1,-1,-1
131,1,383.7850036621094,196.92684936523438,26.474151611328125,62.839324951171875,-1,-1,-1,-1
132,1,383.6352844238281,197.57962036132812,25.5458984375,62.72332763671875,-1,-1,-1,-1
133,1,383.0483703613281,198.32102966308594,24.3726806640625,62.14048767089844,-1,-1,-1,-1
134,1,382.3876037597656,198.430419921875,24.204742431640625,62.188446044921875,-1,-1,-1,-1
135,1,381.0904846191406,198.29269409179688,23.5430908203125,62.19342041015625,-1,-1,-1,-1
136,1,380.747802734375,198.50738525390625,23.566650390625,62.271636962890625,-1,-1,-1,-1
137,1,378.7431945800781,198.2527618408203,23.883941650390625,62.84648132324219,-1,-1,-1,-1
138,1,377.5278015136719,198.18019104003906,24.175811767578125,63.36299133300781,-1,-1,-1,-1
139,1,374.6162109375,198.6005096435547,24.3638916015625,63.56632995605469,-1,-1,-1,-1
140,1,372.590576171875,198.70681762695312,25.50927734375,64.26138305664062,-1,-1,-1,-1
141,1,368.9434814453125,199.03736877441406,27.046539306640625,64.54023742675781,-1,-1,-1,-1
142,1,368.2239990234375,199.39183044433594,27.258514404296875,64.36842346191406,-1,-1,-1,-1
143,1,367.5128479003906,200.04888916015625,26.726470947265625,64.10235595703125,-1,-1,-1,-1
144,1,366.50201416015625,200.7291259765625,27.014739990234375,63.96063232421875,-1,-1,-1,-1
145,1,364.98095703125,201.77757263183594,27.111846923828125,63.89662170410156,-1,-1,-1,-1
146,1,364.2109069824219,202.33450317382812,26.695343017578125,63.68719482421875,-1,-1,-1,-1
147,1,361.2896423339844,202.03468322753906,24.389312744140625,63.86927795410156,-1,-1,-1,-1
148,1,360.2698974609375,202.01507568359375,24.673553466796875,63.962799072265625,-1,-1,-1,-1
149,1,357.67437744140625,202.1003875732422,25.15716552734375,64.05131530761719,-1,-1,-1,-1
150,1,356.6383056640625,202.2875213623047,25.663482666015625,64.64399719238281,-1,-1,-1,-1
151,1,353.9911804199219,203.3356475830078,27.0811767578125,64.74418640136719,-1,-1,-1,-1
152,1,353.3857421875,203.60691833496094,26.79620361328125,64.72721862792969,-1,-1,-1,-1
153,1,352.7867126464844,204.476806640625,25.931427001953125,64.41506958007812,-1,-1,-1,-1
154,1,352.4817199707031,205.23202514648438,25.464447021484375,64.1109619140625,-1,-1,-1,-1
155,1,351.91741943359375,206.3032989501953,25.161224365234375,63.30204772949219,-1,-1,-1,-1
156,1,351.6094055175781,206.64083862304688,24.68902587890625,63.240997314453125,-1,-1,-1,-1
157,1,350.29815673828125,207.115478515625,24.936431884765625,63.57421875,-1,-1,-1,-1
158,1,349.3128356933594,207.00453186035156,25.3175048828125,64.34507751464844,-1,-1,-1,-1
159,1,346.87567138671875,206.72874450683594,23.85491943359375,64.54011535644531,-1,-1,-1,-1
160,1,346.58636474609375,206.75270080566406,23.235443115234375,64.64997863769531,-1,-1,-1,-1
161,1,342.5328674316406,206.5042266845703,24.105499267578125,65.43266296386719,-1,-1,-1,-1
162,1,341.0712890625,206.59170532226562,25.190277099609375,65.80105590820312,-1,-1,-1,-1
163,1,337.75091552734375,207.4519500732422,26.850341796875,65.99687194824219,-1,-1,-1,-1
164,1,336.7223815917969,207.58743286132812,27.446136474609375,65.95135498046875,-1,-1,-1,-1
165,1,335.9013671875,208.0888214111328,27.177642822265625,65.73814392089844,-1,-1,-1,-1
166,1,335.15130615234375,208.38880920410156,27.314605712890625,65.70845031738281,-1,-1,-1,-1
167,1,332.86883544921875,209.00437927246094,27.9891357421875,65.97969055175781,-1,-1,-1,-1
168,1,331.93212890625,209.66700744628906,27.52862548828125,64.98088073730469,-1,-1,-1,-1
169,1,329.6924133300781,209.9364013671875,26.400604248046875,65.06033325195312,-1,-1,-1,-1
170,1,329.20941162109375,210.14625549316406,25.64080810546875,64.85484313964844,-1,-1,-1,-1
171,1,325.161376953125,210.21083068847656,26.9207763671875,64.92167663574219,-1,-1,-1,-1
172,1,324.9183044433594,210.361572265625,26.370880126953125,65.14837646484375,-1,-1,-1,-1
173,1,322.6817626953125,210.87171936035156,27.38299560546875,65.98268127441406,-1,-1,-1,-1
174,1,322.1568603515625,211.27561950683594,27.54656982421875,66.18098449707031,-1,-1,-1,-1
175,1,321.61639404296875,211.98916625976562,27.3026123046875,66.12258911132812,-1,-1,-1,-1
176,1,321.41436767578125,212.60667419433594,26.83538818359375,66.35307312011719,-1,-1,-1,-1
177,1,320.7188720703125,213.52232360839844,26.479339599609375,65.39695739746094,-1,-1,-1,-1
178,1,320.3147888183594,214.34425354003906,26.167388916015625,64.37141418457031,-1,-1,-1,-1
179,1,318.21160888671875,215.1756591796875,26.304351806640625,64.8292236328125,-1,-1,-1,-1
180,1,317.3975524902344,215.26438903808594,26.3179931640625,64.86732482910156,-1,-1,-1,-1
181,1,315.2039489746094,215.2598419189453,26.107635498046875,65.47325134277344,-1,-1,-1,-1
182,1,314.96490478515625,214.97071838378906,25.37750244140625,65.94578552246094,-1,-1,-1,-1
183,1,312.6804504394531,215.21266174316406,25.412078857421875,65.84669494628906,-1,-1,-1,-1
184,1,311.236328125,215.38589477539062,26.149169921875,66.32818603515625,-1,-1,-1,-1
185,1,307.6844177246094,215.76498413085938,28.084625244140625,66.958984375,-1,-1,-1,-1
186,1,306.8327941894531,215.85426330566406,28.260101318359375,67.32585144042969,-1,-1,-1,-1
187,1,306.2292785644531,216.6111602783203,27.8685302734375,67.03813171386719,-1,-1,-1,-1
188,1,306.1018371582031,216.95957946777344,27.34771728515625,67.01210021972656,-1,-1,-1,-1
189,1,304.3797302246094,217.80088806152344,26.576904296875,66.65065002441406,-1,-1,-1,-1
190,1,303.5535583496094,218.2350616455078,26.690338134765625,66.28871154785156,-1,-1,-1,-1
191,1,301.9397277832031,218.64210510253906,26.049072265625,65.55464172363281,-1,-1,-1,-1
192,1,301.595947265625,218.69406127929688,25.256866455078125,65.59274291992188,-1,-1,-1,-1
193,1,298.54241943359375,219.10888671875,25.697479248046875,65.75665283203125,-1,-1,-1,-1
194,1,298.0329284667969,219.51022338867188,25.906890869140625,65.94186401367188,-1,-1,-1,-1
195,1,297.1031494140625,220.4261932373047,25.766571044921875,65.82322692871094,-1,-1,-1,-1
196,1,296.3104553222656,220.70912170410156,25.773651123046875,66.27210998535156,-1,-1,-1,-1
197,1,295.2284240722656,221.65745544433594,25.801544189453125,66.06108093261719,-1,-1,-1,-1
198,1,294.5926818847656,222.14793395996094,25.703826904296875,66.08164978027344,-1,-1,-1,-1
199,1,294.1063232421875,222.8175048828125,25.73504638671875,65.80743408203125,-1,-1,-1,-1
200,1,293.806640625,223.4751434326172,25.588348388671875,65.30097961425781,-1,-1,-1,-1
1,2,450.94647216796875,158.1629638671875,23.49407958984375,65.52432250976562,-1,-1,-1,-1
2,2,451.00152587890625,157.75965881347656,23.593017578125,65.78128051757812,-1,-1,-1,-1
3,2,451.6230163574219,156.7228546142578,23.500885009765625,66.09323120117188,-1,-1,-1,-1
4,2,452.31646728515625,156.06509399414062,23.169097900390625,66.34260559082031,-1,-1,-1,-1
5,2,453.0133972167969,155.62518310546875,23.1260986328125,66.32759094238281,-1,-1,-1,-1
6,2,453.3634338378906,155.27487182617188,23.47808837890625,66.46072387695312,-1,-1,-1,-1
7,2,454.8016662597656,155.29039001464844,23.64691162109375,65.828857421875,-1,-1,-1,-1
8,2,455.3712158203125,155.4641571044922,23.71826171875,65.36578369140625,-1,-1,-1,-1
9,2,456.13763427734375,155.1629638671875,23.780731201171875,65.14268493652344,-1,-1,-1,-1
10,2,457.0733337402344,154.78619384765625,23.566436767578125,65.32490539550781,-1,-1,-1,-1
11,2,458.4508361816406,153.6289825439453,23.39898681640625,66.12998962402344,-1,-1,-1,-1
12,2,458.9896545410156,153.36349487304688,23.5230712890625,66.19331359863281,-1,-1,-1,-1
13,2,459.9879455566406,152.89532470703125,23.636871337890625,65.779541015625,-1,-1,-1,-1
14,2,460.42266845703125,152.6154327392578,23.793853759765625,65.35359191894531,-1,-1,-1,-1
15,2,461.4757995605469,152.46685791015625,23.35821533203125,64.15634155273438,-1,-1,-1,-1
16,2,462.0089111328125,152.22091674804688,23.44659423828125,64.06013488769531,-1,-1,-1,-1
17,2,463.16656494140625,152.50608825683594,23.322845458984375,63.81056213378906,-1,-1,-1,-1
18,2,463.8568115234375,152.6239776611328,23.388885498046875,63.51106262207031,-1,-1,-1,-1
19,2,464.9361877441406,152.6409454345703,23.090789794921875,62.81671142578125,-1,-1,-1,-1
20,2,465.3105773925781,152.17478942871094,23.307891845703125,63.1639404296875,-1,-1,-1,-1
21,2,465.7757568359375,151.28482055664062,23.2410888671875,63.80889892578125,-1,-1,-1,-1
22,2,466.1829528808594,150.32440185546875,23.135467529296875,64.91633605957031,-1,-1,-1,-1
23,2,466.91357421875,149.162109375,22.99212646484375,65.52079772949219,-1,-1,-1,-1
24,2,467.5554504394531,148.74632263183594,22.653106689453125,65.74624633789062,-1,-1,-1,-1
25,2,468.2987976074219,149.02178955078125,22.55157470703125,65.29151916503906,-1,-1,-1,-1
26,2,468.963623046875,148.95782470703125,22.417327880859375,65.15596008300781,-1,-1,-1,-1
27,2,469.6475830078125,149.44017028808594,23.04620361328125,64.63351440429688,-1,-1,-1,-1
28,2,470.2530212402344,149.69967651367188,23.16864013671875,63.8243408203125,-1,-1,-1,-1
29,2,471.0015869140625,149.8565216064453,22.711029052734375,63.08988952636719,-1,-1,-1,-1
30,2,471.7455749511719,149.63401794433594,22.34674072265625,62.86518859863281,-1,-1,-1,-1
31,2,473.1665344238281,148.51609802246094,21.8065185546875,62.955596923828125,-1,-1,-1,-1
32,2,473.5509338378906,148.18231201171875,21.79571533203125,62.85682678222656,-1,-1,-1,-1
33,2,474.3337097167969,146.5270538330078,22.144927978515625,63.998382568359375,-1,-1,-1,-1
34,2,474.8760986328125,145.34056091308594,22.6148681640625,64.67106628417969,-1,-1,-1,-1
35,2,475.6264343261719,144.40093994140625,23.361572265625,64.1256103515625,-1,-1,-1,-1
36,2,476.110595703125,144.42510986328125,23.398712158203125,63.802581787109375,-1,-1,-1,-1
37,2,476.74615478515625,144.86203002929688,23.245330810546875,63.22276306152344,-1,-1,-1,-1
38,2,477.521484375,145.3935546875,22.8206787109375,62.96208190917969,-1,-1,-1,-1
39,2,478.7930603027344,145.55027770996094,22.70098876953125,62.936492919921875,-1,-1,-1,-1
40,2,479.2405090332031,144.9650115966797,22.6500244140625,63.262451171875,-1,-1,-1,-1
41,2,479.4555969238281,143.85537719726562,22.90093994140625,63.739593505859375,-1,-1,-1,-1
42,2,479.8260803222656,143.59642028808594,22.8433837890625,62.919158935546875,-1,-1,-1,-1
43,2,480.1254577636719,142.31634521484375,23.4747314453125,63.38246154785156,-1,-1,-1,-1
44,2,480.73004150390625,141.66229248046875,23.201904296875,63.510833740234375,-1,-1,-1,-1
45,2,481.3736572265625,141.131103515625,23.53033447265625,63.98725891113281,-1,-1,-1,-1
46,2,481.8364562988281,140.84426879882812,23.740875244140625,65.07496643066406,-1,-1,-1,-1
47,2,482.62298583984375,141.83763122558594,24.707763671875,66.13069152832031,-1,-1,-1,-1
48,2,483.12060546875,142.79368591308594,24.367919921875,65.01092529296875,-1,-1,-1,-1
49,2,484.2115478515625,143.37478637695312,24.697296142578125,66.24769592285156,-1,-1,-1,-1
50,2,484.54534912109375,143.23699951171875,24.20721435546875,64.35108947753906,-1,-1,-1,-1
51,2,484.5923767089844,143.07806396484375,24.65069580078125,68.05929565429688,-1,-1,-1,-1
52,2,483.7184143066406,141.07594299316406,26.1961669921875,79.411376953125,-1,-1,-1,-1
53,2,483.0328063964844,139.07809448242188,27.100677490234375,81.40560913085938,-1,-1,-1,-1
54,2,483.84942626953125,139.43519592285156,26.25347900390625,74.32740783691406,-1,-1,-1,-1
55,2,484.01568603515625,137.97604370117188,26.086761474609375,74.16569519042969,-1,-1,-1,-1
56,2,484.2843322753906,137.93975830078125,25.596710205078125,71.38577270507812,-1,-1,-1,-1
57,2,484.6089172363281,137.60928344726562,25.180908203125,69.93968200683594,-1,-1,-1,-1
58,2,485.1573181152344,137.77098083496094,24.675018310546875,65.54985046386719,-1,-1,-1,-1
59,2,486.4956359863281,137.74057006835938,24.115234375,62.26133728027344,-1,-1,-1,-1
60,2,486.7874755859375,137.00384521484375,24.3741455078125,62.47001647949219,-1,-1,-1,-1
61,2,487.2029113769531,135.73289489746094,24.337066650390625,63.05107116699219,-1,-1,-1,-1
62,2,487.47308349609375,134.99612426757812,24.482757568359375,63.19775390625,-1,-1,-1,-1
63,2,487.8891906738281,134.24481201171875,24.45697021484375,63.18023681640625,-1,-1,-1,-1
64,2,488.19061279296875,133.8390350341797,24.41046142578125,63.243988037109375,-1,-1,-1,-1
65,2,488.4610290527344,133.7223663330078,24.477325439453125,62.506622314453125,-1,-1,-1,-1
66,2,488.5838317871094,133.5970001220703,24.48828125,62.57954406738281,-1,-1,-1,-1
67,2,488.9124755859375,134.0693359375,24.365570068359375,61.412200927734375,-1,-1,-1,-1
68,2,489.2718200683594,134.2971954345703,24.290283203125,61.10615539550781,-1,-1,-1,-1
69,2,490.1246032714844,134.60476684570312,23.712982177734375,60.49021911621094,-1,-1,-1,-1
70,2,490.73675537109375,134.31822204589844,23.54376220703125,60.585235595703125,-1,-1,-1,-1
71,2,491.7785339355469,133.32452392578125,23.437286376953125,61.42430114746094,-1,-1,-1,-1
72,2,492.2257080078125,132.87515258789062,23.5469970703125,61.5179443359375,-1,-1,-1,-1
73,2,492.9613342285156,131.72659301757812,23.733123779296875,62.27226257324219,-1,-1,-1,-1
74,2,493.4176330566406,131.0703125,23.597991943359375,62.622344970703125,-1,-1,-1,-1
75,2,494.0646667480469,130.37637329101562,23.399688720703125,62.559112548828125,-1,-1,-1,-1
76,2,494.5202331542969,130.1457977294922,23.313140869140625,62.57829284667969,-1,-1,-1,-1
77,2,495.20745849609375,130.3704071044922,23.4039306640625,62.077667236328125,-1,-1,-1,-1
78,2,495.7252197265625,130.36404418945312,23.2430419921875,62.01318359375,-1,-1,-1,-1
79,2,496.56170654296875,130.30120849609375,22.71722412109375,61.66090393066406,-1,-1,-1,-1
80,2,496.9853210449219,130.03927612304688,22.680206298828125,61.9786376953125,-1,-1,-1,-1
81,2,497.4985656738281,129.63136291503906,22.656890869140625,62.01252746582031,-1,-1,-1,-1
82,2,497.9118347167969,129.26588439941406,22.595367431640625,61.562713623046875,-1,-1,-1,-1
83,2,498.1856994628906,128.29224395751953,22.819000244140625,62.242652893066406,-1,-1,-1,-1
84,2,498.3912048339844,127.77047729492188,23.108795166015625,62.47831726074219,-1,-1,-1,-1
85,2,498.6344299316406,127.07421112060547,23.709014892578125,62.72881317138672,-1,-1,-1,-1
86,2,498.9962463378906,126.75855255126953,23.752044677734375,62.634864807128906,-1,-1,-1,-1
87,2,499.5949401855469,127.60345458984375,23.550872802734375,61.154876708984375,-1,-1,-1,-1
88,2,500.08056640625,128.03099060058594,23.5877685546875,60.39569091796875,-1,-1,-1,-1
89,2,501.0425109863281,128.36028289794922,23.047393798828125,59.56885528564453,-1,-1,-1,-1
90,2,501.6779479980469,128.40921783447266,22.993133544921875,59.22234344482422,-1,-1,-1,-1
91,2,502.5102233886719,128.10411071777344,23.209320068359375,58.81819152832031,-1,-1,-1,-1
92,2,502.860107421875,127.45819091796875,23.6622314453125,59.213775634765625,-1,-1,-1,-1
93,2,503.5972900390625,125.04834747314453,23.8695068359375,61.22528839111328,-1,-1,-1,-1
94,2,504.0793151855469,124.31925201416016,23.958160400390625,61.72443389892578,-1,-1,-1,-1
95,2,504.613525390625,123.83478546142578,24.13909912109375,60.961997985839844,-1,-1,-1,-1
96,2,504.9390869140625,123.58487701416016,24.31671142578125,60.95317840576172,-1,-1,-1,-1
97,2,505.5938415527344,123.8602294921875,24.048492431640625,60.23738098144531,-1,-1,-1,-1
98,2,506.13348388671875,124.01078796386719,23.9093017578125,60.06660461425781,-1,-1,-1,-1
99,2,506.83642578125,123.91644287109375,23.45355224609375,59.438323974609375,-1,-1,-1,-1
100,2,507.2850646972656,123.56404876708984,23.253265380859375,59.38721466064453,-1,-1,-1,-1
101,2,507.6402587890625,122.85209655761719,23.25341796875,59.93475341796875,-1,-1,-1,-1
102,2,508.0537414550781,122.30400848388672,23.181793212890625,60.33063507080078,-1,-1,-1,-1
103,2,508.5825500488281,121.2934341430664,23.252105712890625,60.93993377685547,-1,-1,-1,-1
104,2,508.9955749511719,120.59257507324219,23.264007568359375,61.44047546386719,-1,-1,-1,-1
105,2,509.4298400878906,119.89950561523438,23.245208740234375,61.867431640625,-1,-1,-1,-1
106,2,509.6435852050781,119.72175598144531,23.401275634765625,61.77290344238281,-1,-1,-1,-1
107,2,509.9363708496094,120.40100860595703,23.764495849609375,60.73389434814453,-1,-1,-1,-1
108,2,510.36834716796875,120.65995788574219,23.74420166015625,60.19535827636719,-1,-1,-1,-1
109,2,511.0212097167969,120.98499298095703,23.556121826171875,59.548301696777344,-1,-1,-1,-1
110,2,511.40673828125,120.7057876586914,23.79290771484375,59.77979278564453,-1,-1,-1,-1
111,2,511.9713134765625,119.83594512939453,24.00396728515625,59.67906951904297,-1,-1,-1,-1
112,2,512.4858093261719,119.1799545288086,24.024932861328125,59.547813415527344,-1,-1,-1,-1
113,2,512.9747314453125,117.9743423461914,24.083251953125,60.13758087158203,-1,-1,-1,-1
114,2,513.4390258789062,117.37037658691406,24.08111572265625,60.16331481933594,-1,-1,-1,-1
115,2,513.9781494140625,116.345947265625,24.19873046875,60.333221435546875,-1,-1,-1,-1
116,2,514.4093627929688,116.00015258789062,24.208984375,60.447509765625,-1,-1,-1,-1
117,2,514.9630737304688,116.17877960205078,24.14324951171875,60.14466094970703,-1,-1,-1,-1
118,2,515.2286987304688,116.2250747680664,24.27703857421875,60.280845642089844,-1,-1,-1,-1
119,2,516.0552978515625,116.18846893310547,23.69482421875,60.099403381347656,-1,-1,-1,-1
120,2,516.3445434570312,115.77606201171875,23.648193359375,60.43409729003906,-1,-1,-1,-1
121,2,516.7041015625,115.2405776977539,23.6053466796875,60.38813018798828,-1,-1,-1,-1
122,2,517.0308227539062,114.80118560791016,23.71099853515625,60.587135314941406,-1,-1,-1,-1
123,2,517.591552734375,114.0788345336914,23.3883056640625,60.69274139404297,-1,-1,-1,-1
124,2,517.99658203125,113.53532409667969,23.275390625,60.73027038574219,-1,-1,-1,-1
125,2,518.8368530273438,113.27224731445312,22.7701416015625,60.63768005371094,-1,-1,-1,-1
126,2,519.3616943359375,113.32707214355469,22.53839111328125,60.389678955078125,-1,-1,-1,-1
127,2,519.7344360351562,113.7184829711914,22.79034423828125,59.785926818847656,-1,-1,-1,-1
128,2,520.05029296875,113.94559478759766,22.895263671875,59.44487762451172,-1,-1,-1,-1
129,2,521.1736450195312,114.04022216796875,22.6910400390625,58.660797119140625,-1,-1,-1,-1
130,2,521.372314453125,113.55176544189453,23.13287353515625,59.138755798339844,-1,-1,-1,-1
131,2,522.2704467773438,112.97669982910156,22.9151611328125,59.199920654296875,-1,-1,-1,-1
132,2,522.5174560546875,112.24175262451172,23.29864501953125,59.724327087402344,-1,-1,-1,-1
133,2,523.16650390625,111.33915710449219,23.13311767578125,60.29338073730469,-1,-1,-1,-1
134,2,523.7142944335938,110.8510513305664,22.90673828125,60.550254821777344,-1,-1,-1,-1
135,2,524.5686645507812,110.42752838134766,22.7811279296875,59.735572814941406,-1,-1,-1,-1
136,2,524.9557495117188,110.38713836669922,22.796630859375,59.068092346191406,-1,-1,-1,-1
137,2,525.526123046875,110.77774047851562,22.8321533203125,58.400787353515625,-1,-1,-1,-1
138,2,525.8583984375,110.89112091064453,22.78131103515625,58.460914611816406,-1,-1,-1,-1
139,2,526.8735961914062,111.36358642578125,22.11993408203125,57.59733581542969,-1,-1,-1,-1
140,2,527.0963134765625,111.01609802246094,22.22900390625,57.67230224609375,-1,-1,-1,-1
141,2,527.28662109375,109.83075714111328,22.68365478515625,58.467308044433594,-1,-1,-1,-1
142,2,527.494873046875,109.6354751586914,22.7186279296875,58.06909942626953,-1,-1,-1,-1
143,2,527.4684448242188,108.5677719116211,23.06939697265625,58.83318328857422,-1,-1,-1,-1
144,2,527.6790161132812,107.81449127197266,23.11041259765625,59.430809020996094,-1,-1,-1,-1
145,2,528.0029296875,107.52455139160156,23.120849609375,59.59234619140625,-1,-1,-1,-1
146,2,528.3095703125,107.449951171875,23.01922607421875,59.48124694824219,-1,-1,-1,-1
147,2,528.6268310546875,108.4106674194336,22.77056884765625,58.245216369628906,-1,-1,-1,-1
148,2,528.9622192382812,108.65803527832031,22.476318359375,57.901214599609375,-1,-1,-1,-1
149,2,530.3997802734375,109.05231475830078,21.64990234375,56.90497589111328,-1,-1,-1,-1
150,2,530.9700927734375,108.8714370727539,21.64581298828125,56.716819763183594,-1,-1,-1,-1
151,2,532.437255859375,108.13431549072266,21.67919921875,56.633705139160156,-1,-1,-1,-1
152,2,532.7369995117188,107.81002044677734,21.84130859375,56.700599670410156,-1,-1,-1,-1
153,2,533.002685546875,106.4803237915039,22.56097412109375,57.528709411621094,-1,-1,-1,-1
154,2,533.3020629882812,105.93375396728516,22.69866943359375,57.699729919433594,-1,-1,-1,-1
155,2,533.9601440429688,105.3911361694336,22.54620361328125,56.815284729003906,-1,-1,-1,-1
156,2,534.0979614257812,105.12010955810547,22.85467529296875,56.76665496826172,-1,-1,-1,-1
157,2,534.7423706054688,105.1900863647461,22.408935546875,56.65686798095703,-1,-1,-1,-1
158,2,534.9638061523438,105.17915344238281,22.52227783203125,56.650177001953125,-1,-1,-1,-1
159,2,535.2838134765625,105.099365234375,22.58111572265625,56.553131103515625,-1,-1,-1,-1
160,2,535.7006225585938,104.90948486328125,22.50439453125,56.739227294921875,-1,-1,-1,-1
161,2,536.0685424804688,104.48281860351562,22.54864501953125,56.56524658203125,-1,-1,-1,-1
162,2,536.4351196289062,103.79287719726562,22.58673095703125,56.41851806640625,-1,-1,-1,-1
163,2,536.80322265625,102.74044036865234,22.5291748046875,56.97905731201172,-1,-1,-1,-1
164,2,536.890869140625,102.24910736083984,22.70947265625,57.227638244628906,-1,-1,-1,-1
165,2,537.0619506835938,101.87071990966797,23.0037841796875,57.333168029785156,-1,-1,-1,-1
166,2,537.4378051757812,101.80778503417969,22.92218017578125,57.093048095703125,-1,-1,-1,-1
167,2,538.0335083007812,102.07152557373047,22.7811279296875,56.45581817626953,-1,-1,-1,-1
168,2,538.7505493164062,102.35314178466797,22.3271484375,55.959571838378906,-1,-1,-1,-1
169,2,539.2745361328125,102.44746398925781,22.1905517578125,55.70216369628906,-1,-1,-1,-1
170,2,539.6417236328125,102.41187286376953,21.9998779296875,55.55474090576172,-1,-1,-1,-1
171,2,540.0725708007812,101.6692886352539,22.11474609375,55.846107482910156,-1,-1,-1,-1
172,2,540.4156494140625,101.00406646728516,22.3031005859375,56.03350067138672,-1,-1,-1,-1
173,2,541.1598510742188,99.69013214111328,22.401123046875,56.783287048339844,-1,-1,-1,-1
174,2,541.4212036132812,99.1318359375,22.56390380859375,57.18348693847656,-1,-1,-1,-1
175,2,541.747314453125,98.31961822509766,22.7423095703125,56.929725646972656,-1,-1,-1,-1
176,2,542.3441162109375,98.01052856445312,22.5643310546875,56.74974060058594,-1,-1,-1,-1
177,2,543.1015014648438,98.37039947509766,22.1986083984375,56.21105194091797,-1,-1,-1,-1
178,2,543.7323608398438,98.5746841430664,21.97760009765625,56.040611267089844,-1,-1,-1,-1
179,2,544.288330078125,98.60924530029297,21.91497802734375,55.957435607910156,-1,-1,-1,-1
180,2,544.509033203125,98.38511657714844,22.2137451171875,56.067474365234375,-1,-1,-1,-1
181,2,545.0447998046875,98.26670837402344,22.10076904296875,55.98258972167969,-1,-1,-1,-1
182,2,545.1179809570312,97.9770736694336,22.47509765625,55.49030303955078,-1,-1,-1,-1
183,2,545.3433837890625,97.20010375976562,22.63055419921875,55.86225891113281,-1,-1,-1,-1
184,2,545.6032104492188,96.5506591796875,22.6676025390625,56.37060546875,-1,-1,-1,-1
185,2,546.05517578125,96.14644622802734,22.5299072265625,56.63404083251953,-1,-1,-1,-1
186,2,546.5956420898438,96.06500244140625,22.26861572265625,56.488250732421875,-1,-1,-1,-1
187,2,547.2667236328125,96.14810180664062,22.25567626953125,56.19989013671875,-1,-1,-1,-1
188,2,547.6906127929688,96.4192123413086,22.17010498046875,55.670692443847656,-1,-1,-1,-1
189,2,548.3649291992188,96.40824890136719,21.9979248046875,55.433441162109375,-1,-1,-1,-1
190,2,549.0836791992188,96.11380767822266,21.84716796875,55.492942810058594,-1,-1,-1,-1
191,2,550.425537109375,95.61480712890625,21.12457275390625,55.18327331542969,-1,-1,-1,-1
192,2,550.6843872070312,95.02220916748047,21.22418212890625,55.121376037597656,-1,-1,-1,-1
193,2,551.2047119140625,93.53852081298828,21.118408203125,56.20098114013672,-1,-1,-1,-1
194,2,551.6559448242188,92.71461486816406,21.0130615234375,56.694000244140625,-1,-1,-1,-1
195,2,552.26806640625,92.00601959228516,20.9482421875,56.29143524169922,-1,-1,-1,-1
196,2,552.6538696289062,91.46501922607422,21.21246337890625,56.676612854003906,-1,-1,-1,-1
197,2,553.2173461914062,91.43590545654297,21.27410888671875,56.994163513183594,-1,-1,-1,-1
198,2,553.4977416992188,91.82921600341797,21.02508544921875,57.24242401123047,-1,-1,-1,-1
199,2,554.1302490234375,91.5085220336914,21.05523681640625,56.641578674316406,-1,-1,-1,-1
200,2,554.2730102539062,91.35269927978516,20.93572998046875,56.60875701904297,-1,-1,-1,-1
1,3,514.6937866210938,104.46290588378906,22.21148681640625,57.22752380371094,-1,-1,-1,-1
2,3,514.889892578125,104.0701675415039,22.303466796875,56.60021209716797,-1,-1,-1,-1
3,3,515.1971435546875,103.86548614501953,22.31304931640625,56.78943634033203,-1,-1,-1,-1
4,3,515.4866333007812,103.40849304199219,22.25848388671875,56.972137451171875,-1,-1,-1,-1
5,3,515.614501953125,103.10507202148438,22.650634765625,57.18663024902344,-1,-1,-1,-1
6,3,515.8445434570312,103.17230987548828,22.7000732421875,57.06890106201172,-1,-1,-1,-1
7,3,516.088623046875,102.8682861328125,22.8065185546875,57.217437744140625,-1,-1,-1,-1
8,3,516.3298950195312,102.88448333740234,22.92730712890625,57.082862854003906,-1,-1,-1,-1
9,3,516.3121337890625,103.3355941772461,22.8048095703125,56.132530212402344,-1,-1,-1,-1
10,3,516.321533203125,103.53475189208984,22.79388427734375,55.786293029785156,-1,-1,-1,-1
11,3,516.8937377929688,103.39982604980469,22.5948486328125,55.50386047363281,-1,-1,-1,-1
12,3,517.407958984375,103.22502136230469,22.35833740234375,55.7481689453125,-1,-1,-1,-1
13,3,518.2606811523438,102.0456771850586,21.7103271484375,56.886741638183594,-1,-1,-1,-1
14,3,518.7674560546875,101.280517578125,21.4951171875,57.63825988769531,-1,-1,-1,-1
15,3,519.31591796875,100.3278579711914,21.898681640625,58.27495574951172,-1,-1,-1,-1
16,3,519.4556884765625,100.04360961914062,22.074462890625,58.208099365234375,-1,-1,-1,-1
17,3,519.8018188476562,99.28763580322266,22.34002685546875,58.61595916748047,-1,-1,-1,-1
18,3,520.055419921875,98.70655059814453,22.67755126953125,58.451988220214844,-1,-1,-1,-1
19,3,520.8514404296875,98.4155044555664,23.0791015625,57.19579315185547,-1,-1,-1,-1
20,3,521.1405639648438,98.61878204345703,23.10205078125,57.238243103027344,-1,-1,-1,-1
21,3,521.6172485351562,98.7906723022461,22.8377685546875,56.98857879638672,-1,-1,-1,-1
22,3,521.8726196289062,98.82784271240234,22.7923583984375,56.806373596191406,-1,-1,-1,-1
23,3,522.2064208984375,98.96137237548828,22.66387939453125,56.60071563720703,-1,-1,-1,-1
24,3,522.416015625,98.7391586303711,22.66265869140625,56.320472717285156,-1,-1,-1,-1
25,3,522.5420532226562,98.04273223876953,22.8902587890625,56.836448669433594,-1,-1,-1,-1
26,3,522.8031616210938,97.96417236328125,22.7015380859375,56.64289855957031,-1,-1,-1,-1
27,3,523.3284301757812,97.86190795898438,22.8912353515625,56.667999267578125,-1,-1,-1,-1
28,3,523.463623046875,97.84168243408203,22.84173583984375,55.88610076904297,-1,-1,-1,-1
29,3,523.8756103515625,97.77359008789062,22.576171875,55.93391418457031,-1,-1,-1,-1
30,3,524.0684204101562,97.55948638916016,22.62451171875,56.038108825683594,-1,-1,-1,-1
31,3,524.4021606445312,97.3565444946289,22.45025634765625,55.983497619628906,-1,-1,-1,-1
32,3,524.7420043945312,97.11744689941406,22.2806396484375,55.93254089355469,-1,-1,-1,-1
33,3,525.2648315429688,96.88227844238281,22.16387939453125,55.94538879394531,-1,-1,-1,-1
34,3,525.6307983398438,96.72537994384766,22.093994140625,55.959068298339844,-1,-1,-1,-1
35,3,526.0206909179688,96.30903625488281,21.93212890625,56.14390563964844,-1,-1,-1,-1
36,3,526.2908325195312,96.18609619140625,21.9234619140625,55.9771728515625,-1,-1,-1,-1
37,3,526.9603271484375,96.18222045898438,21.6986083984375,55.82920837402344,-1,-1,-1,-1
38,3,527.6055908203125,96.20355224609375,21.48394775390625,55.88539123535156,-1,-1,-1,-1
39,3,528.0177612304688,95.06192016601562,21.7703857421875,56.90643310546875,-1,-1,-1,-1
40,3,528.3513793945312,94.85311889648438,21.91009521484375,56.94889831542969,-1,-1,-1,-1
41,3,529.1441040039062,94.49038696289062,21.53106689453125,57.202911376953125,-1,-1,-1,-1
42,3,529.570068359375,94.69160461425781,21.62164306640625,57.0440673828125,-1,-1,-1,-1
43,3,530.4296875,93.61439514160156,21.21917724609375,57.4188232421875,-1,-1,-1,-1
44,3,531.0333862304688,93.32450866699219,20.9068603515625,57.179779052734375,-1,-1,-1,-1
45,3,531.67041015625,93.12010955810547,20.649169921875,56.965309143066406,-1,-1,-1,-1
46,3,532.5081176757812,93.00012969970703,20.4796142578125,56.48674774169922,-1,-1,-1,-1
47,3,533.0370483398438,93.04286193847656,20.900390625,56.42433166503906,-1,-1,-1,-1
48,3,533.3772583007812,93.1353759765625,20.88970947265625,56.14007568359375,-1,-1,-1,-1
49,3,533.35791015625,93.10639190673828,21.2000732421875,55.541465759277344,-1,-1,-1,-1
50,3,533.8662109375,93.28327178955078,20.98687744140625,55.36431121826172,-1,-1,-1,-1
51,3,534.2689208984375,93.0211410522461,20.8931884765625,55.16503143310547,-1,-1,-1,-1
52,3,534.6968994140625,92.2256851196289,20.99920654296875,55.708213806152344,-1,-1,-1,-1
53,3,535.0880737304688,92.69727325439453,20.65716552734375,55.39069366455078,-1,-1,-1,-1
54,3,535.2208251953125,92.47317504882812,20.44537353515625,55.31645202636719,-1,-1,-1,-1
55,3,535.6014404296875,92.41352844238281,20.28436279296875,55.41650390625,-1,-1,-1,-1
56,3,535.77197265625,91.77730560302734,20.2301025390625,56.10344696044922,-1,-1,-1,-1
57,3,536.0696411132812,91.13063049316406,20.052734375,56.21217346191406,-1,-1,-1,-1
58,3,536.2539672851562,90.84676361083984,20.02978515625,56.17894744873047,-1,-1,-1,-1
59,3,536.447265625,90.61636352539062,19.991455078125,56.296844482421875,-1,-1,-1,-1
60,3,536.427490234375,90.74520874023438,20.01348876953125,56.37263488769531,-1,-1,-1,-1
61,3,536.9738159179688,91.02567291259766,19.70654296875,55.98369598388672,-1,-1,-1,-1
62,3,537.3838500976562,91.25421142578125,19.3466796875,55.69578552246094,-1,-1,-1,-1
63,3,537.4461669921875,91.04356384277344,19.52960205078125,55.614044189453125,-1,-1,-1,-1
64,3,538.0892333984375,91.8615493774414,18.87908935546875,54.47026824951172,-1,-1,-1,-1
65,3,538.7422485351562,91.17874908447266,19.23651123046875,54.598655700683594,-1,-1,-1,-1
66,3,538.9002075195312,91.35403442382812,19.20330810546875,54.193817138671875,-1,-1,-1,-1
67,3,538.8763427734375,90.38787078857422,19.582275390625,54.86278533935547,-1,-1,-1,-1
68,3,538.9229736328125,90.514892578125,19.7584228515625,54.51239013671875,-1,-1,-1,-1
69,3,538.7596435546875,89.23572540283203,20.4527587890625,55.48851776123047,-1,-1,-1,-1
70,3,538.8093872070312,88.47565460205078,20.71527099609375,55.55211639404297,-1,-1,-1,-1
71,3,538.8678588867188,88.12039184570312,20.88494873046875,55.460479736328125,-1,-1,-1,-1
72,3,539.1361694335938,87.88761138916016,20.83868408203125,55.18250274658203,-1,-1,-1,-1
73,3,539.5733642578125,88.19619750976562,21.1119384765625,54.40362548828125,-1,-1,-1,-1
74,3,539.7294311523438,88.57140350341797,20.96270751953125,54.035987854003906,-1,-1,-1,-1
75,3,539.9048461914062,88.7443618774414,20.62213134765625,53.965293884277344,-1,-1,-1,-1
76,3,539.9855346679688,89.01654815673828,20.40570068359375,53.730369567871094,-1,-1,-1,-1
77,3,540.186767578125,89.21195983886719,20.48614501953125,53.45623779296875,-1,-1,-1,-1
78,3,540.0684814453125,89.02996826171875,20.64447021484375,53.627227783203125,-1,-1,-1,-1
79,3,539.818359375,88.11280822753906,20.603271484375,54.35820007324219,-1,-1,-1,-1
80,3,539.8093872070312,87.70034790039062,20.54278564453125,54.485260009765625,-1,-1,-1,-1
81,3,539.8724365234375,87.10647583007812,20.5123291015625,55.01654052734375,-1,-1,-1,-1
82,3,539.9293212890625,86.73311614990234,20.552001953125,55.257591247558594,-1,-1,-1,-1
83,3,540.0421142578125,86.59153747558594,20.33563232421875,55.14741516113281,-1,-1,-1,-1
84,3,540.252685546875,86.87252807617188,20.03759765625,54.446990966796875,-1,-1,-1,-1
85,3,540.2892456054688,87.04940795898438,20.0977783203125,53.85408020019531,-1,-1,-1,-1
86,3,540.325927734375,87.38274383544922,20.007080078125,53.21448516845703,-1,-1,-1,-1
87,3,540.5406494140625,87.72526550292969,20.02105712890625,52.71148681640625,-1,-1,-1,-1
88,3,540.6373901367188,87.78848266601562,20.1318359375,52.566802978515625,-1,-1,-1,-1
89,3,540.9558715820312,86.85698699951172,20.25335693359375,53.26288604736328,-1,-1,-1,-1
90,3,541.25732421875,86.28463745117188,20.24774169921875,53.76771545410156,-1,-1,-1,-1
91,3,541.78271484375,85.23698425292969,20.32269287109375,54.615386962890625,-1,-1,-1,-1
92,3,542.012451171875,85.11214447021484,20.11517333984375,54.477684020996094,-1,-1,-1,-1
93,3,542.3629150390625,84.51547241210938,20.05389404296875,54.36895751953125,-1,-1,-1,-1
94,3,542.795654296875,84.01506042480469,20.01947021484375,54.48243713378906,-1,-1,-1,-1
95,3,543.3323974609375,82.48579406738281,20.49835205078125,55.686004638671875,-1,-1,-1,-1
96,3,543.4436645507812,81.47593688964844,21.56298828125,56.37705993652344,-1,-1,-1,-1
97,3,543.6620483398438,80.6087875366211,21.52056884765625,56.03784942626953,-1,-1,-1,-1
98,3,543.876953125,80.98922729492188,20.91473388671875,55.17311096191406,-1,-1,-1,-1
99,3,544.4181518554688,81.29695892333984,20.63641357421875,54.807518005371094,-1,-1,-1,-1
100,3,544.3654174804688,81.50726318359375,21.16595458984375,54.535736083984375,-1,-1,-1,-1
101,3,544.3505859375,82.16272735595703,20.52325439453125,53.77458953857422,-1,-1,-1,-1
102,3,544.396240234375,82.53106689453125,20.141845703125,53.37037658691406,-1,-1,-1,-1
103,3,544.6467895507812,82.26527404785156,20.410888671875,53.59320068359375,-1,-1,-1,-1
104,3,544.8380737304688,82.4029541015625,20.2606201171875,53.06044006347656,-1,-1,-1,-1
105,3,545.1317138671875,82.31621551513672,20.12628173828125,52.946922302246094,-1,-1,-1,-1
106,3,545.2418212890625,81.60012817382812,20.65667724609375,53.24916076660156,-1,-1,-1,-1
107,3,545.4475708007812,80.44203186035156,21.3397216796875,54.59576416015625,-1,-1,-1,-1
108,3,545.6263427734375,80.15547943115234,21.4500732421875,54.649085998535156,-1,-1,-1,-1
109,3,545.6942749023438,79.89796447753906,21.53253173828125,55.096923828125,-1,-1,-1,-1
110,3,545.7974243164062,79.90306091308594,21.4371337890625,55.14337158203125,-1,-1,-1,-1
111,3,546.05078125,79.67169952392578,21.50439453125,55.33391571044922,-1,-1,-1,-1
112,3,546.643798828125,79.94429779052734,20.95098876953125,54.719642639160156,-1,-1,-1,-1
113,3,546.8889770507812,79.70897674560547,20.9615478515625,54.98033905029297,-1,-1,-1,-1
114,3,547.1063842773438,79.64608764648438,20.8779296875,55.06036376953125,-1,-1,-1,-1
115,3,547.2772827148438,79.50479125976562,21.0028076171875,55.195556640625,-1,-1,-1,-1
116,3,547.824462890625,79.5511474609375,21.408203125,54.646728515625,-1,-1,-1,-1
117,3,548.386474609375,79.04553985595703,21.29595947265625,54.74169158935547,-1,-1,-1,-1
118,3,548.6482543945312,79.5529556274414,21.2252197265625,53.75873565673828,-1,-1,-1,-1
119,3,549.169921875,79.52401733398438,21.08453369140625,53.205963134765625,-1,-1,-1,-1
120,3,549.4861450195312,79.11050415039062,20.90509033203125,52.888275146484375,-1,-1,-1,-1
121,3,551.2780151367188,77.93557739257812,20.50128173828125,53.312774658203125,-1,-1,-1,-1
123,3,553.1101684570312,72.47965240478516,21.19281005859375,57.72864532470703,-1,-1,-1,-1
124,3,553.5147094726562,74.55817413330078,20.84307861328125,55.598838806152344,-1,-1,-1,-1
125,3,553.342529296875,76.56880950927734,19.7401123046875,53.68030548095703,-1,-1,-1,-1
126,3,553.5326538085938,76.08187103271484,20.0166015625,54.18543243408203,-1,-1,-1,-1
127,3,553.8737182617188,76.43938446044922,19.78594970703125,53.693199157714844,-1,-1,-1,-1
128,3,554.0850830078125,75.69084930419922,20.15966796875,54.54077911376953,-1,-1,-1,-1
129,3,554.4376831054688,74.75000762939453,20.12335205078125,55.32563018798828,-1,-1,-1,-1
130,3,554.34716796875,75.65422821044922,19.76165771484375,54.41419219970703,-1,-1,-1,-1
131,3,554.5052490234375,73.78331756591797,20.021484375,55.623146057128906,-1,-1,-1,-1
132,3,554.6200561523438,74.31211853027344,19.52410888671875,54.04900360107422,-1,-1,-1,-1
133,3,555.4282836914062,75.44276428222656,19.30242919921875,53.950592041015625,-1,-1,-1,-1
134,3,555.54052734375,75.59258270263672,19.32940673828125,54.027687072753906,-1,-1,-1,-1
135,3,555.8348388671875,76.04801940917969,19.0096435546875,53.41253662109375,-1,-1,-1,-1
136,3,556.0562133789062,76.13068389892578,18.8116455078125,53.061500549316406,-1,-1,-1,-1
137,3,556.1940307617188,75.77411651611328,18.86968994140625,53.267738342285156,-1,-1,-1,-1
138,3,556.4590454101562,75.90042877197266,18.68212890625,53.063568115234375,-1,-1,-1,-1
139,3,556.6449584960938,75.77900695800781,18.6092529296875,53.055824279785156,-1,-1,-1,-1
140,3,556.9466552734375,75.71617889404297,18.70867919921875,53.051780700683594,-1,-1,-1,-1
141,3,557.6094970703125,75.18303680419922,18.77386474609375,53.09314727783203,-1,-1,-1,-1
142,3,557.94580078125,74.26024627685547,19.0289306640625,53.85542297363281,-1,-1,-1,-1
143,3,558.0607299804688,72.86135864257812,19.126953125,54.98101043701172,-1,-1,-1,-1
144,3,558.3290405273438,72.38752746582031,19.1785888671875,55.22602081298828,-1,-1,-1,-1
145,3,558.9539794921875,73.02745819091797,19.3121337890625,54.67240905761719,-1,-1,-1,-1
146,3,559.1749877929688,72.79180908203125,19.75775146484375,54.69707489013672,-1,-1,-1,-1
149,3,560.4256591796875,71.8950424194336,19.9288330078125,53.518310546875,-1,-1,-1,-1
150,3,561.0670166015625,74.06719970703125,19.52056884765625,51.357208251953125,-1,-1,-1,-1
151,3,561.7172241210938,72.77201080322266,19.5819091796875,52.841331481933594,-1,-1,-1,-1
154,3,563.2875366210938,72.69216918945312,19.3218994140625,53.07383728027344,-1,-1,-1,-1
155,3,563.802978515625,73.64189147949219,19.78826904296875,51.570411682128906,-1,-1,-1,-1
156,3,564.2196655273438,74.0028076171875,20.23565673828125,51.567138671875,-1,-1,-1,-1
157,3,564.2742919921875,77.07147216796875,19.32855224609375,47.613487243652344,-1,-1,-1,-1
158,3,564.5872802734375,76.5963134765625,19.46905517578125,47.569175720214844,-1,-1,-1,-1
159,3,564.5328979492188,73.07488250732422,20.43212890625,51.3785400390625,-1,-1,-1,-1
160,3,564.912353515625,75.24813079833984,19.92462158203125,48.93580627441406,-1,-1,-1,-1
161,3,565.236572265625,72.59925842285156,20.12530517578125,51.91454315185547,-1,-1,-1,-1
162,3,565.3163452148438,73.85958099365234,20.10955810546875,50.338836669921875,-1,-1,-1,-1
163,3,565.4104614257812,73.62315368652344,20.276611328125,50.88213348388672,-1,-1,-1,-1
164,3,565.5728149414062,74.03276062011719,20.17620849609375,50.40178680419922,-1,-1,-1,-1
165,3,565.8019409179688,73.85710906982422,20.26531982421875,50.375709533691406,-1,-1,-1,-1
166,3,565.9718017578125,74.60440063476562,20.27947998046875,49.44763946533203,-1,-1,-1,-1
167,3,565.9202270507812,75.328125,19.782470703125,48.41547393798828,-1,-1,-1,-1
168,3,566.293701171875,75.30168151855469,19.75946044921875,48.268638610839844,-1,-1,-1,-1
170,3,566.5759887695312,77.40901184082031,20.5462646484375,44.21892547607422,-1,-1,-1,-1
171,3,566.8677978515625,78.35104370117188,19.97271728515625,42.903907775878906,-1,-1,-1,-1
172,3,567.0604858398438,80.30034637451172,18.9967041015625,40.87266540527344,-1,-1,-1,-1
173,3,567.6444702148438,80.3721923828125,18.687744140625,40.70649719238281,-1,-1,-1,-1
178,3,569.4898681640625,81.91410827636719,17.32183837890625,38.64784240722656,-1,-1,-1,-1
180,3,569.188232421875,81.58779907226562,17.42047119140625,38.485496520996094,-1,-1,-1,-1
181,3,570.9537963867188,85.32806396484375,14.2320556640625,35.12786102294922,-1,-1,-1,-1
182,3,569.9683227539062,82.55071258544922,16.308349609375,36.97797393798828,-1,-1,-1,-1
1,4,543.4429321289062,105.49853515625,20.68505859375,58.05537414550781,-1,-1,-1,-1
2,4,543.9131469726562,105.97123718261719,20.4095458984375,56.74627685546875,-1,-1,-1,-1
3,4,544.395751953125,105.9657974243164,20.17803955078125,55.968833923339844,-1,-1,-1,-1
4,4,544.4542236328125,105.64411163330078,20.40869140625,56.35265350341797,-1,-1,-1,-1
5,4,544.5740966796875,105.3013687133789,20.571533203125,56.080116271972656,-1,-1,-1,-1
6,4,544.6217651367188,104.77750396728516,20.685302734375,55.743431091308594,-1,-1,-1,-1
7,4,545.722412109375,104.92742919921875,20.16021728515625,54.011322021484375,-1,-1,-1,-1
8,4,545.7015991210938,104.85492706298828,20.5213623046875,54.237998962402344,-1,-1,-1,-1
9,4,546.0968627929688,104.92481231689453,20.50238037109375,54.556739807128906,-1,-1,-1,-1
10,4,546.16650390625,104.4312515258789,20.76580810546875,55.153892517089844,-1,-1,-1,-1
11,4,547.1966552734375,104.00757598876953,20.914794921875,55.13115692138672,-1,-1,-1,-1
12,4,547.298095703125,103.53247833251953,21.8082275390625,55.713157653808594,-1,-1,-1,-1
13,4,547.5191040039062,103.42870330810547,22.05731201171875,55.82927703857422,-1,-1,-1,-1
14,4,547.9779663085938,103.65873718261719,22.13348388671875,55.43153381347656,-1,-1,-1,-1
15,4,548.5167846679688,103.79136657714844,22.14117431640625,55.022674560546875,-1,-1,-1,-1
16,4,548.7997436523438,103.90856170654297,22.09149169921875,54.698143005371094,-1,-1,-1,-1
17,4,549.3673706054688,102.3079833984375,22.3546142578125,55.90797424316406,-1,-1,-1,-1
18,4,549.7329711914062,102.27908325195312,22.111572265625,55.60194396972656,-1,-1,-1,-1
19,4,551.2477416992188,100.87966918945312,21.6827392578125,56.18017578125,-1,-1,-1,-1
20,4,551.4224853515625,100.5113754272461,21.9158935546875,56.67554473876953,-1,-1,-1,-1
21,4,551.8648681640625,99.72441864013672,21.93475341796875,57.152320861816406,-1,-1,-1,-1
22,4,552.3007202148438,99.48140716552734,21.7138671875,57.03185272216797,-1,-1,-1,-1
23,4,552.953369140625,99.62039947509766,21.4591064453125,56.50768280029297,-1,-1,-1,-1
24,4,553.3953247070312,99.22942352294922,21.30517578125,56.68256378173828,-1,-1,-1,-1
25,4,553.6945190429688,99.51409149169922,21.17657470703125,56.427696228027344,-1,-1,-1,-1
26,4,553.971923828125,99.55186462402344,21.2694091796875,56.343109130859375,-1,-1,-1,-1
27,4,553.8270874023438,99.5529556274414,21.6019287109375,56.37171173095703,-1,-1,-1,-1
28,4,553.86767578125,98.99193572998047,21.7779541015625,56.826454162597656,-1,-1,-1,-1
29,4,554.2479248046875,97.99481964111328,21.734619140625,57.40984344482422,-1,-1,-1,-1
30,4,554.7113037109375,97.61572265625,21.24932861328125,57.26947021484375,-1,-1,-1,-1
31,4,555.2468872070312,97.19770050048828,20.87677001953125,57.15245819091797,-1,-1,-1,-1
32,4,555.1356201171875,95.74604034423828,21.137451171875,58.52025604248047,-1,-1,-1,-1
33,4,555.4180297851562,94.76944732666016,20.5970458984375,59.18225860595703,-1,-1,-1,-1
34,4,555.6038208007812,95.04546356201172,20.286865234375,58.657203674316406,-1,-1,-1,-1
35,4,555.9815673828125,94.51610565185547,19.902099609375,58.939903259277344,-1,-1,-1,-1
36,4,556.1471557617188,94.44328308105469,19.8243408203125,58.74491882324219,-1,-1,-1,-1
37,4,556.766357421875,94.33708953857422,19.27130126953125,58.56250762939453,-1,-1,-1,-1
38,4,557.0850219726562,94.07843017578125,19.11083984375,58.944305419921875,-1,-1,-1,-1
39,4,557.0150756835938,92.16140747070312,19.3797607421875,61.372283935546875,-1,-1,-1,-1
40,4,557.2279052734375,92.8671646118164,19.31494140625,60.736595153808594,-1,-1,-1,-1
41,4,557.372314453125,92.11995697021484,19.5396728515625,61.03337860107422,-1,-1,-1,-1
42,4,557.3306884765625,92.01062774658203,19.8857421875,60.481300354003906,-1,-1,-1,-1
43,4,556.853515625,90.21721649169922,20.44879150390625,61.78081512451172,-1,-1,-1,-1
44,4,557.3688354492188,91.50157165527344,20.13995361328125,59.83229064941406,-1,-1,-1,-1
45,4,558.11572265625,92.40455627441406,19.68109130859375,57.985870361328125,-1,-1,-1,-1
46,4,558.2879028320312,93.22119903564453,19.5419921875,56.76934051513672,-1,-1,-1,-1
47,4,558.4396362304688,93.55371856689453,19.45379638671875,56.048744201660156,-1,-1,-1,-1
48,4,558.6687622070312,93.90431213378906,19.525390625,55.64234924316406,-1,-1,-1,-1
49,4,558.9098510742188,94.7459716796875,19.75921630859375,55.1187744140625,-1,-1,-1,-1
50,4,558.9635620117188,95.0302734375,19.67462158203125,55.10186767578125,-1,-1,-1,-1
51,4,558.8424682617188,94.9487075805664,19.57305908203125,55.028282165527344,-1,-1,-1,-1
52,4,558.957275390625,94.55064392089844,19.48455810546875,54.888214111328125,-1,-1,-1,-1
53,4,559.3119506835938,94.31974792480469,19.091552734375,53.948333740234375,-1,-1,-1,-1
54,4,559.1077880859375,90.37116241455078,19.5123291015625,57.16681671142578,-1,-1,-1,-1
55,4,559.6177368164062,90.7729721069336,19.79010009765625,57.46471405029297,-1,-1,-1,-1
56,4,559.8087158203125,90.55925750732422,19.7705078125,57.721534729003906,-1,-1,-1,-1
57,4,559.810546875,88.66246032714844,19.9007568359375,59.60588073730469,-1,-1,-1,-1
58,4,560.1786499023438,87.9790267944336,19.58642578125,60.039634704589844,-1,-1,-1,-1
59,4,560.5469360351562,87.78858184814453,19.4423828125,60.011024475097656,-1,-1,-1,-1
60,4,560.9523315429688,87.31913757324219,19.5911865234375,60.38018798828125,-1,-1,-1,-1
61,4,561.3257446289062,87.28646850585938,19.3548583984375,60.24421691894531,-1,-1,-1,-1
62,4,562.1482543945312,89.68880462646484,18.767822265625,57.93653106689453,-1,-1,-1,-1
63,4,561.8540649414062,87.3846206665039,19.3963623046875,59.960838317871094,-1,-1,-1,-1
64,4,562.5692138671875,88.00917053222656,18.593017578125,58.84120178222656,-1,-1,-1,-1
65,4,562.5325317382812,87.4005355834961,18.8946533203125,59.472373962402344,-1,-1,-1,-1
66,4,562.7012329101562,88.51695251464844,19.06231689453125,57.955596923828125,-1,-1,-1,-1
67,4,563.078369140625,87.02925872802734,19.35919189453125,58.484779357910156,-1,-1,-1,-1
68,4,563.289794921875,86.29594421386719,19.43853759765625,58.80455017089844,-1,-1,-1,-1
69,4,562.871337890625,83.02711486816406,20.78118896484375,61.897308349609375,-1,-1,-1,-1
70,4,561.2603759765625,81.80545043945312,21.43035888671875,63.269073486328125,-1,-1,-1,-1
71,4,561.8736572265625,81.03959655761719,20.41339111328125,63.08457946777344,-1,-1,-1,-1
72,4,562.1663818359375,81.72711181640625,19.885498046875,62.40541076660156,-1,-1,-1,-1
73,4,561.7792358398438,81.69908905029297,20.02728271484375,62.24388885498047,-1,-1,-1,-1
74,4,562.9293823242188,81.31748962402344,20.25579833984375,62.463348388671875,-1,-1,-1,-1
75,4,563.9777221679688,81.88847351074219,20.83831787109375,61.50506591796875,-1,-1,-1,-1
76,4,564.2625732421875,81.860595703125,20.70635986328125,61.04588317871094,-1,-1,-1,-1
77,4,564.0071411132812,81.38371276855469,20.831787109375,60.98558044433594,-1,-1,-1,-1
78,4,563.9385375976562,81.4915771484375,20.680908203125,60.56776428222656,-1,-1,-1,-1
79,4,564.318359375,80.78689575195312,20.7791748046875,61.241790771484375,-1,-1,-1,-1
80,4,564.3244018554688,79.90062713623047,21.0703125,62.31133270263672,-1,-1,-1,-1
81,4,564.633056640625,79.76190185546875,20.83160400390625,62.435577392578125,-1,-1,-1,-1
82,4,563.91650390625,78.78099822998047,21.9688720703125,63.658836364746094,-1,-1,-1,-1
83,4,564.2774047851562,77.62398529052734,23.64404296875,64.9607925415039,-1,-1,-1,-1
84,4,565.5392456054688,79.39544677734375,22.2869873046875,62.92362976074219,-1,-1,-1,-1
85,4,567.0721435546875,78.38890075683594,22.615478515625,63.681915283203125,-1,-1,-1,-1
86,4,566.9208374023438,77.5746841430664,22.7152099609375,64.10494232177734,-1,-1,-1,-1
87,4,568.1270141601562,80.58917236328125,21.7091064453125,60.511474609375,-1,-1,-1,-1
88,4,568.0540161132812,79.27940368652344,22.90753173828125,61.50148010253906,-1,-1,-1,-1
89,4,568.7286987304688,75.74515533447266,24.412109375,65.21822357177734,-1,-1,-1,-1
90,4,568.2635498046875,72.58519744873047,26.4913330078125,67.91376495361328,-1,-1,-1,-1
91,4,568.5109252929688,65.86233520507812,26.3377685546875,74.12661743164062,-1,-1,-1,-1
92,4,568.7938842773438,65.43772888183594,27.05078125,74.15728759765625,-1,-1,-1,-1
93,4,570.0958251953125,69.27006530761719,25.546142578125,69.78059387207031,-1,-1,-1,-1
94,4,570.0439453125,69.14651489257812,25.9481201171875,69.99514770507812,-1,-1,-1,-1
95,4,571.2948608398438,74.16693115234375,22.978759765625,65.081298828125,-1,-1,-1,-1
96,4,571.6219482421875,72.38382720947266,23.1002197265625,66.90091705322266,-1,-1,-1,-1
98,4,569.2617797851562,66.96158599853516,27.170654296875,70.5379867553711,-1,-1,-1,-1
99,4,571.4481811523438,68.39734649658203,24.51812744140625,68.28580474853516,-1,-1,-1,-1
100,4,572.0449829101562,68.55252075195312,24.14117431640625,67.50172424316406,-1,-1,-1,-1
106,4,572.9033813476562,67.0398178100586,23.54705810546875,69.02974700927734,-1,-1,-1,-1
107,4,573.6646728515625,68.54790496826172,22.9486083984375,66.65499114990234,-1,-1,-1,-1
108,4,573.6223754882812,69.13802337646484,23.239990234375,66.39163970947266,-1,-1,-1,-1
109,4,574.6776733398438,73.5403823852539,21.697509765625,61.826393127441406,-1,-1,-1,-1
110,4,574.6776733398438,74.44546508789062,21.59564208984375,60.859832763671875,-1,-1,-1,-1
111,4,574.4010009765625,70.73497009277344,22.26898193359375,65.07278442382812,-1,-1,-1,-1
112,4,574.4763793945312,71.4963607788086,21.99639892578125,63.65796661376953,-1,-1,-1,-1
113,4,575.0929565429688,71.07699584960938,21.3177490234375,63.62089538574219,-1,-1,-1,-1
114,4,575.3519287109375,69.74822235107422,21.05303955078125,64.72785186767578,-1,-1,-1,-1
115,4,575.5447998046875,68.29472351074219,21.301513671875,65.05430603027344,-1,-1,-1,-1
117,4,576.1884155273438,69.53298950195312,20.62750244140625,63.68650817871094,-1,-1,-1,-1
118,4,576.1708374023438,70.93560028076172,20.76031494140625,62.39623260498047,-1,-1,-1,-1
119,4,576.5056762695312,71.45398712158203,20.3935546875,61.584983825683594,-1,-1,-1,-1
120,4,576.621826171875,71.74266052246094,20.31146240234375,60.940704345703125,-1,-1,-1,-1
121,4,576.5853881835938,71.08570861816406,20.1829833984375,59.99043273925781,-1,-1,-1,-1
125,4,578.4522094726562,70.68099212646484,19.437255859375,59.91168975830078,-1,-1,-1,-1
126,4,578.9959106445312,74.67288208007812,18.779296875,56.088714599609375,-1,-1,-1,-1
127,4,579.5728149414062,70.91735076904297,18.9461669921875,59.465538024902344,-1,-1,-1,-1
128,4,579.9494018554688,71.5300521850586,19.32647705078125,58.2889404296875,-1,-1,-1,-1
130,4,581.45703125,76.21342468261719,17.68560791015625,54.0189208984375,-1,-1,-1,-1
131,4,582.8264770507812,77.1644515991211,17.62567138671875,53.08794403076172,-1,-1,-1,-1
132,4,583.2752075195312,75.61299133300781,17.91766357421875,54.00414276123047,-1,-1,-1,-1
133,4,584.5303955078125,79.09407043457031,17.31756591796875,49.443687438964844,-1,-1,-1,-1
134,4,585.251953125,80.74726867675781,17.0224609375,47.64106750488281,-1,-1,-1,-1
135,4,587.4826049804688,87.16185760498047,14.587646484375,41.77771759033203,-1,-1,-1,-1
136,4,587.4963989257812,86.74512481689453,14.39813232421875,42.59435272216797,-1,-1,-1,-1
137,4,587.7474975585938,84.74317932128906,14.7144775390625,44.188026428222656,-1,-1,-1,-1
138,4,587.7998657226562,86.73052978515625,14.41741943359375,42.147865295410156,-1,-1,-1,-1
139,4,588.0299072265625,88.40113067626953,14.3214111328125,40.49065399169922,-1,-1,-1,-1
140,4,588.0737915039062,87.96525573730469,14.38092041015625,40.672607421875,-1,-1,-1,-1
141,4,588.6051635742188,89.48770141601562,13.97283935546875,39.23692321777344,-1,-1,-1,-1
142,4,588.3402709960938,89.47819519042969,14.2601318359375,39.478294372558594,-1,-1,-1,-1
143,4,588.5741577148438,89.1680679321289,13.8062744140625,38.68437194824219,-1,-1,-1,-1
144,4,588.7324829101562,87.15480041503906,14.1082763671875,40.44075012207031,-1,-1,-1,-1
145,4,586.31982421875,81.3851547241211,17.61083984375,45.7916259765625,-1,-1,-1,-1
146,4,586.4510498046875,79.34149169921875,17.866943359375,47.29728698730469,-1,-1,-1,-1
147,4,586.4051513671875,80.06385803222656,17.0341796875,46.81055450439453,-1,-1,-1,-1
148,4,586.5389404296875,73.99529266357422,19.32159423828125,52.689796447753906,-1,-1,-1,-1
149,4,586.8699340820312,74.75979614257812,19.595703125,52.101234436035156,-1,-1,-1,-1
150,4,587.6488647460938,76.1500015258789,19.3306884765625,50.087432861328125,-1,-1,-1,-1
152,4,588.5707397460938,82.0337142944336,16.89935302734375,44.098670959472656,-1,-1,-1,-1
153,4,589.7521362304688,85.54852294921875,15.3194580078125,40.638267517089844,-1,-1,-1,-1
154,4,589.77783203125,85.45599365234375,15.0174560546875,41.1832275390625,-1,-1,-1,-1
155,4,591.2261962890625,88.37393951416016,13.58941650390625,38.127403259277344,-1,-1,-1,-1
156,4,592.1824951171875,87.3117446899414,14.3450927734375,38.834686279296875,-1,-1,-1,-1
157,4,592.8185424804688,89.1055679321289,14.0582275390625,37.094886779785156,-1,-1,-1,-1
158,4,593.6345825195312,88.70845031738281,14.34820556640625,37.01323699951172,-1,-1,-1,-1
159,4,594.0877685546875,88.46959686279297,14.1756591796875,36.93212127685547,-1,-1,-1,-1
160,4,594.3770751953125,86.64585876464844,14.326416015625,37.94584655761719,-1,-1,-1,-1
161,4,593.6096801757812,82.92340087890625,16.11761474609375,42.29969787597656,-1,-1,-1,-1
162,4,593.9896240234375,82.44401550292969,16.3402099609375,42.816368103027344,-1,-1,-1,-1
163,4,593.4920654296875,78.16517639160156,17.98272705078125,46.931922912597656,-1,-1,-1,-1
164,4,593.2489624023438,76.99759674072266,18.7935791015625,48.04966735839844,-1,-1,-1,-1
165,4,594.0216674804688,80.20411682128906,18.00738525390625,43.981719970703125,-1,-1,-1,-1
166,4,594.1171875,81.00004577636719,17.3702392578125,43.561805725097656,-1,-1,-1,-1
167,4,595.33984375,86.07097625732422,14.74444580078125,38.07598876953125,-1,-1,-1,-1
168,4,596.6073608398438,81.9527587890625,14.03955078125,41.91181182861328,-1,-1,-1,-1
85,5,21.06121826171875,411.33892822265625,33.95561599731445,70.66107177734375,-1,-1,-1,-1
86,5,22.49129295349121,413.3982238769531,33.20989799499512,68.60177612304688,-1,-1,-1,-1
87,5,24.832365036010742,410.9136047363281,32.29692268371582,71.08639526367188,-1,-1,-1,-1
88,5,26.21691131591797,412.3457946777344,34.062713623046875,69.65420532226562,-1,-1,-1,-1
89,5,29.25746726989746,411.9707336425781,35.95601844787598,70.02926635742188,-1,-1,-1,-1
90,5,30.147430419921875,410.7750549316406,36.723915100097656,71.22494506835938,-1,-1,-1,-1
91,5,32.172119140625,408.2881774902344,35.961341857910156,73.71182250976562,-1,-1,-1,-1
93,5,39.4313850402832,410.3415222167969,30.915660858154297,71.65847778320312,-1,-1,-1,-1
94,5,41.63843536376953,407.3840637207031,30.89898681640625,74.61593627929688,-1,-1,-1,-1
95,5,45.167198181152344,405.6701354980469,31.750747680664062,76.32986450195312,-1,-1,-1,-1
96,5,45.565826416015625,407.8018493652344,33.04261016845703,74.19815063476562,-1,-1,-1,-1
97,5,49.4396858215332,407.9838562011719,33.08071517944336,74.01614379882812,-1,-1,-1,-1
98,5,50.30276870727539,405.6661682128906,35.1482048034668,76.33383178710938,-1,-1,-1,-1
99,5,52.20795440673828,402.6549987792969,35.816619873046875,79.34500122070312,-1,-1,-1,-1
100,5,53.81459426879883,401.7180480957031,35.24618148803711,80.28195190429688,-1,-1,-1,-1
101,5,58.211360931396484,400.24615478515625,34.748966217041016,81.75384521484375,-1,-1,-1,-1
102,5,59.49953079223633,399.2566223144531,34.967472076416016,82.74337768554688,-1,-1,-1,-1
103,5,62.53368377685547,397.4213562011719,35.385032653808594,84.57864379882812,-1,-1,-1,-1
104,5,63.435123443603516,396.4137878417969,36.158939361572266,85.58621215820312,-1,-1,-1,-1
105,5,68.6002197265625,397.0825500488281,33.32038116455078,84.91744995117188,-1,-1,-1,-1
106,5,69.77986907958984,396.4212341308594,33.92955017089844,85.57876586914062,-1,-1,-1,-1
107,5,73.5169448852539,396.396728515625,33.094581604003906,85.603271484375,-1,-1,-1,-1
108,5,74.25251007080078,394.6302795410156,34.97686004638672,87.36972045898438,-1,-1,-1,-1
109,5,75.90255737304688,395.4991455078125,36.84825897216797,86.5008544921875,-1,-1,-1,-1
110,5,76.24281311035156,395.3351135253906,37.56681823730469,86.66488647460938,-1,-1,-1,-1
111,5,77.876953125,394.7207336425781,36.37737274169922,87.27926635742188,-1,-1,-1,-1
112,5,77.85307312011719,393.2618103027344,36.78662872314453,88.73818969726562,-1,-1,-1,-1
113,5,80.27680969238281,392.2700500488281,36.615257263183594,89.72994995117188,-1,-1,-1,-1
114,5,81.78126525878906,390.560791015625,36.408531188964844,91.439208984375,-1,-1,-1,-1
115,5,87.9932861328125,390.705078125,35.183998107910156,91.294921875,-1,-1,-1,-1
116,5,89.49922180175781,389.5727844238281,34.414703369140625,92.42721557617188,-1,-1,-1,-1
117,5,92.99136352539062,388.4454040527344,35.991493225097656,93.55459594726562,-1,-1,-1,-1
118,5,94.75652313232422,387.6375427246094,37.409034729003906,94.36245727539062,-1,-1,-1,-1
119,5,98.41101837158203,386.6282653808594,36.612205505371094,94.32147216796875,-1,-1,-1,-1
120,5,99.11888122558594,387.3832702636719,36.02964782714844,94.3558349609375,-1,-1,-1,-1
121,5,99.48253631591797,387.11737060546875,36.476036071777344,94.31283569335938,-1,-1,-1,-1
122,5,100.5002670288086,387.6640930175781,36.03948211669922,93.82611083984375,-1,-1,-1,-1
123,5,107.20884704589844,386.1994323730469,33.56385803222656,92.75619506835938,-1,-1,-1,-1
124,5,108.67314147949219,384.7027893066406,32.494476318359375,93.65020751953125,-1,-1,-1,-1
125,5,112.5827407836914,382.8261413574219,31.17620086669922,93.032470703125,-1,-1,-1,-1
126,5,113.07955932617188,382.7523498535156,31.223037719726562,92.6790771484375,-1,-1,-1,-1
127,5,116.62085723876953,380.0505676269531,31.75043487548828,94.81341552734375,-1,-1,-1,-1
128,5,117.2784194946289,380.5614318847656,31.385581970214844,94.44891357421875,-1,-1,-1,-1
129,5,118.36398315429688,380.5649108886719,31.8026123046875,95.01461791992188,-1,-1,-1,-1
130,5,118.68212890625,379.8186340332031,33.334869384765625,96.02252197265625,-1,-1,-1,-1
131,5,121.77804565429688,378.8885803222656,33.738616943359375,94.98291015625,-1,-1,-1,-1
132,5,122.94364929199219,378.50079345703125,33.497528076171875,94.62762451171875,-1,-1,-1,-1
133,5,127.08023834228516,378.3216552734375,32.231040954589844,92.06149291992188,-1,-1,-1,-1
134,5,127.67420196533203,378.02142333984375,32.21941375732422,91.01626586914062,-1,-1,-1,-1
135,5,131.76976013183594,376.35845947265625,30.714859008789062,90.34469604492188,-1,-1,-1,-1
136,5,132.45846557617188,376.5014343261719,31.1517333984375,90.52142333984375,-1,-1,-1,-1
137,5,136.6958770751953,374.81689453125,33.408538818359375,91.8671875,-1,-1,-1,-1
138,5,137.767333984375,373.8909606933594,33.724395751953125,92.18917846679688,-1,-1,-1,-1
139,5,139.28736877441406,374.1152038574219,34.06646728515625,91.67691040039062,-1,-1,-1,-1
140,5,139.9470672607422,373.969482421875,35.0218505859375,91.15301513671875,-1,-1,-1,-1
141,5,142.2307891845703,372.62652587890625,35.05986022949219,92.37307739257812,-1,-1,-1,-1
142,5,143.83128356933594,371.2474060058594,34.37364196777344,93.0855712890625,-1,-1,-1,-1
143,5,147.4647979736328,369.5355529785156,32.767578125,91.24002075195312,-1,-1,-1,-1
144,5,149.08265686035156,369.27276611328125,31.77069091796875,91.02761840820312,-1,-1,-1,-1
145,5,153.5030975341797,369.847412109375,29.5589599609375,89.31573486328125,-1,-1,-1,-1
146,5,154.59181213378906,369.9808654785156,29.26202392578125,89.36727905273438,-1,-1,-1,-1
147,5,157.56564331054688,369.2149963378906,30.1500244140625,89.72311401367188,-1,-1,-1,-1
148,5,157.9896240234375,369.42236328125,30.429763793945312,89.12286376953125,-1,-1,-1,-1
149,5,159.29525756835938,368.011474609375,32.11077880859375,90.52679443359375,-1,-1,-1,-1
150,5,159.96913146972656,368.8148193359375,32.00682067871094,89.387939453125,-1,-1,-1,-1
151,5,164.4800262451172,367.52313232421875,31.969802856445312,87.96707153320312,-1,-1,-1,-1
152,5,165.819091796875,367.3198547363281,30.862091064453125,87.09429931640625,-1,-1,-1,-1
153,5,170.59823608398438,364.84893798828125,29.541900634765625,86.94662475585938,-1,-1,-1,-1
154,5,171.44158935546875,363.6488037109375,29.306137084960938,87.78848266601562,-1,-1,-1,-1
155,5,174.03346252441406,361.3967590332031,30.61395263671875,89.0242919921875,-1,-1,-1,-1
156,5,176.11416625976562,361.0494079589844,30.369491577148438,89.311279296875,-1,-1,-1,-1
157,5,178.62100219726562,359.42913818359375,33.20759582519531,90.74258422851562,-1,-1,-1,-1
158,5,178.92088317871094,360.17730712890625,33.48371887207031,89.54806518554688,-1,-1,-1,-1
159,5,179.81137084960938,360.5899658203125,34.003631591796875,88.63626098632812,-1,-1,-1,-1
160,5,181.65719604492188,359.9474792480469,33.810302734375,88.31393432617188,-1,-1,-1,-1
161,5,184.37420654296875,359.4194030761719,33.72120666503906,87.40725708007812,-1,-1,-1,-1
162,5,185.95819091796875,359.37701416015625,32.37962341308594,86.07473754882812,-1,-1,-1,-1
163,5,189.80081176757812,357.34368896484375,31.204849243164062,85.48046875,-1,-1,-1,-1
164,5,191.35498046875,356.4664001464844,30.404037475585938,85.86074829101562,-1,-1,-1,-1
165,5,194.88482666015625,355.6986083984375,30.002288818359375,87.27139282226562,-1,-1,-1,-1
166,5,195.44430541992188,355.70013427734375,30.36444091796875,87.08859252929688,-1,-1,-1,-1
167,5,196.72132873535156,354.837890625,32.23223876953125,87.684326171875,-1,-1,-1,-1
168,5,197.25355529785156,354.4249267578125,32.963470458984375,87.5997314453125,-1,-1,-1,-1
169,5,197.91078186035156,354.4677734375,34.09342956542969,87.3287353515625,-1,-1,-1,-1
170,5,199.14239501953125,354.8729248046875,33.86256408691406,85.4107666015625,-1,-1,-1,-1
171,5,203.8039093017578,355.31787109375,32.26679992675781,82.00726318359375,-1,-1,-1,-1
172,5,204.31410217285156,355.57061767578125,31.748275756835938,80.598876953125,-1,-1,-1,-1
173,5,208.05661010742188,355.1151428222656,30.424789428710938,79.19125366210938,-1,-1,-1,-1
174,5,210.05125427246094,354.3738708496094,29.397674560546875,79.10568237304688,-1,-1,-1,-1
175,5,214.58140563964844,351.0155334472656,30.452301025390625,82.1351318359375,-1,-1,-1,-1
176,5,215.84335327148438,350.93621826171875,29.806289672851562,81.90829467773438,-1,-1,-1,-1
177,5,218.41041564941406,351.014404296875,31.532577514648438,82.1270751953125,-1,-1,-1,-1
178,5,218.82598876953125,351.0621032714844,32.031768798828125,81.8563232421875,-1,-1,-1,-1
179,5,220.65444946289062,350.3937072753906,32.84950256347656,81.88720703125,-1,-1,-1,-1
180,5,221.0891571044922,349.8083190917969,33.24678039550781,81.97122192382812,-1,-1,-1,-1
181,5,225.2444610595703,347.611328125,31.257156372070312,82.17141723632812,-1,-1,-1,-1
182,5,226.37796020507812,347.0252990722656,30.456024169921875,81.79095458984375,-1,-1,-1,-1
183,5,229.58843994140625,345.0108337402344,29.370849609375,82.1417236328125,-1,-1,-1,-1
184,5,230.72506713867188,345.22796630859375,28.694671630859375,81.34353637695312,-1,-1,-1,-1
185,5,232.64739990234375,345.31414794921875,28.372222900390625,81.0906982421875,-1,-1,-1,-1
186,5,233.04556274414062,344.9505920410156,28.7808837890625,81.1624755859375,-1,-1,-1,-1
187,5,235.4856414794922,344.4749755859375,32.00233459472656,81.33062744140625,-1,-1,-1,-1
188,5,236.10154724121094,344.35498046875,31.376937866210938,81.086181640625,-1,-1,-1,-1
189,5,237.07766723632812,342.6329650878906,32.376373291015625,82.37823486328125,-1,-1,-1,-1
190,5,236.74684143066406,341.1399230957031,33.93901062011719,83.28817749023438,-1,-1,-1,-1
191,5,239.22410583496094,340.48529052734375,32.78318786621094,81.35400390625,-1,-1,-1,-1
192,5,240.91818237304688,340.01202392578125,31.82440185546875,80.31427001953125,-1,-1,-1,-1
193,5,244.60116577148438,337.5380554199219,30.586578369140625,81.58523559570312,-1,-1,-1,-1
194,5,246.77142333984375,337.1255798339844,28.875579833984375,81.42410278320312,-1,-1,-1,-1
195,5,250.45156860351562,335.7575378417969,28.94000244140625,82.5709228515625,-1,-1,-1,-1
196,5,251.67034912109375,335.0419616699219,29.23907470703125,83.17449951171875,-1,-1,-1,-1
197,5,254.31544494628906,335.6572265625,30.395614624023438,82.32125854492188,-1,-1,-1,-1
198,5,254.89474487304688,335.6246337890625,30.155914306640625,81.917236328125,-1,-1,-1,-1
199,5,256.0762176513672,335.16424560546875,30.400955200195312,81.56787109375,-1,-1,-1,-1
200,5,256.77418518066406,334.4877014160156,30.504989624023438,81.44131469726562,-1,-1,-1,-1
181,6,599.09521484375,87.56558227539062,11.875244140625,33.47666931152344,-1,-1,-1,-1
