1,1,176.76878356933594,345.8946228027344,38.41822814941406,90.46612548828125,-1,-1,-1,-1
2,1,176.8987579345703,345.284912109375,38.825347900390625,91.68234252929688,-1,-1,-1,-1
3,1,178.41542053222656,343.6111755371094,38.40669250488281,93.3707275390625,-1,-1,-1,-1
4,1,179.83889770507812,343.362548828125,37.91853332519531,93.008544921875,-1,-1,-1,-1
5,1,183.2980499267578,341.2415771484375,37.227935791015625,94.01327514648438,-1,-1,-1,-1
6,1,185.24298095703125,340.484619140625,36.239715576171875,93.90719604492188,-1,-1,-1,-1
7,1,189.79229736328125,339.46319580078125,34.17999267578125,93.2760009765625,-1,-1,-1,-1
8,1,191.50942993164062,338.8995056152344,33.48588562011719,93.36404418945312,-1,-1,-1,-1
9,1,194.14793395996094,338.5193176269531,34.253387451171875,93.29534912109375,-1,-1,-1,-1
10,1,194.97755432128906,338.2419738769531,34.96653747558594,93.51559448242188,-1,-1,-1,-1
11,1,198.01463317871094,338.0692443847656,35.61585998535156,93.30633544921875,-1,-1,-1,-1
12,1,199.49388122558594,338.0469970703125,35.538421630859375,92.91970825195312,-1,-1,-1,-1
13,1,202.93153381347656,337.0557861328125,36.26673889160156,93.858642578125,-1,-1,-1,-1
14,1,203.94195556640625,336.35455322265625,36.18305969238281,94.0797119140625,-1,-1,-1,-1
15,1,205.0587158203125,334.9747314453125,36.57496643066406,93.54324340820312,-1,-1,-1,-1
16,1,206.53126525878906,333.86053466796875,36.395233154296875,93.20114135742188,-1,-1,-1,-1
17,1,210.64007568359375,332.08099365234375,34.97587585449219,91.72760009765625,-1,-1,-1,-1
18,1,211.92189025878906,331.72998046875,35.09068298339844,91.47930908203125,-1,-1,-1,-1
19,1,217.87513732910156,330.70355224609375,34.36273193359375,91.6605224609375,-1,-1,-1,-1
20,1,219.5507354736328,330.22918701171875,33.96649169921875,92.08602905273438,-1,-1,-1,-1
21,1,224.6583251953125,330.509765625,36.03387451171875,92.26211547851562,-1,-1,-1,-1
22,1,225.2762908935547,330.31353759765625,36.32878112792969,91.719482421875,-1,-1,-1,-1
23,1,226.44996643066406,329.5613098144531,36.61073303222656,91.62506103515625,-1,-1,-1,-1
24,1,227.72982788085938,328.9255065917969,36.272918701171875,91.45379638671875,-1,-1,-1,-1
25,1,230.5552520751953,327.35223388671875,36.61204528808594,92.34634399414062,-1,-1,-1,-1
26,1,232.5668182373047,325.9182434082031,35.66398620605469,92.91500854492188,-1,-1,-1,-1
27,1,237.59059143066406,323.6197204589844,32.97636413574219,93.85183715820312,-1,-1,-1,-1
28,1,239.4116668701172,323.3636474609375,32.02497863769531,93.22238159179688,-1,-1,-1,-1
29,1,241.87374877929688,322.7836608886719,32.073333740234375,92.50778198242188,-1,-1,-1,-1
30,1,242.8100128173828,322.4482116699219,32.57579040527344,91.954345703125,-1,-1,-1,-1
31,1,244.5883026123047,322.64227294921875,32.98542785644531,91.26141357421875,-1,-1,-1,-1
32,1,245.51292419433594,322.3681640625,33.53202819824219,90.85397338867188,-1,-1,-1,-1
33,1,247.99302673339844,321.7565612792969,33.64118957519531,91.49093627929688,-1,-1,-1,-1
34,1,249.14633178710938,321.1148681640625,33.481292724609375,92.20932006835938,-1,-1,-1,-1
35,1,251.0547637939453,319.6476135253906,33.63511657714844,93.0191650390625,-1,-1,-1,-1
36,1,252.02244567871094,319.07965087890625,33.41337585449219,92.45913696289062,-1,-1,-1,-1
37,1,254.3991241455078,318.2437744140625,33.18196105957031,88.71963500976562,-1,-1,-1,-1
38,1,255.65243530273438,317.36676025390625,33.3609619140625,89.07614135742188,-1,-1,-1,-1
39,1,258.8316955566406,316.5622863769531,32.702850341796875,89.292724609375,-1,-1,-1,-1
40,1,260.05230712890625,316.02294921875,32.61663818359375,89.75259399414062,-1,-1,-1,-1
41,1,263.00714111328125,315.2489013671875,33.37713623046875,90.13897705078125,-1,-1,-1,-1
42,1,264.3876953125,314.8397216796875,33.443695068359375,90.189208984375,-1,-1,-1,-1
43,1,266.2897644042969,314.4634704589844,33.691558837890625,90.25057983398438,-1,-1,-1,-1
44,1,267.5,314.0822448730469,33.465484619140625,89.91909790039062,-1,-1,-1,-1
45,1,269.3346252441406,313.20074462890625,32.966583251953125,90.0936279296875,-1,-1,-1,-1
46,1,270.7746887207031,312.753173828125,32.83673095703125,90.30789184570312,-1,-1,-1,-1
47,1,273.61578369140625,311.13262939453125,31.742279052734375,90.14804077148438,-1,-1,-1,-1
48,1,274.99359130859375,310.07659912109375,31.07647705078125,90.39883422851562,-1,-1,-1,-1
49,1,276.8125305175781,308.355224609375,30.857391357421875,90.54495239257812,-1,-1,-1,-1
50,1,278.15576171875,307.3333740234375,30.882720947265625,90.25314331054688,-1,-1,-1,-1
51,1,281.3221740722656,307.23199462890625,30.747802734375,89.59854125976562,-1,-1,-1,-1
52,1,282.5198669433594,307.3161926269531,31.126068115234375,89.39187622070312,-1,-1,-1,-1
53,1,283.917724609375,307.48284912109375,31.230621337890625,88.68032836914062,-1,-1,-1,-1
54,1,284.41943359375,307.1600341796875,31.869903564453125,89.32562255859375,-1,-1,-1,-1
55,1,285.2003479003906,305.8409423828125,32.056610107421875,90.07012939453125,-1,-1,-1,-1
56,1,285.9661865234375,304.7021484375,31.7542724609375,90.45236206054688,-1,-1,-1,-1
57,1,287.9480285644531,303.17901611328125,30.637115478515625,89.95437622070312,-1,-1,-1,-1
58,1,289.10809326171875,302.38568115234375,30.286651611328125,89.75570678710938,-1,-1,-1,-1
59,1,291.26287841796875,301.263916015625,29.713714599609375,88.5350341796875,-1,-1,-1,-1
60,1,292.23858642578125,300.7132568359375,29.68658447265625,88.530517578125,-1,-1,-1,-1
61,1,294.1315002441406,300.4992980957031,29.343902587890625,88.01171875,-1,-1,-1,-1
62,1,295.2947082519531,300.2181091308594,29.88330078125,87.53359985351562,-1,-1,-1,-1
63,1,297.01934814453125,300.1368408203125,31.698272705078125,86.91610717773438,-1,-1,-1,-1
64,1,298.0867919921875,300.04302978515625,31.46441650390625,85.96957397460938,-1,-1,-1,-1
65,1,299.3180847167969,299.2220153808594,31.4691162109375,85.95785522460938,-1,-1,-1,-1
66,1,300.276611328125,298.4981994628906,31.504150390625,86.04244995117188,-1,-1,-1,-1
67,1,302.26739501953125,296.8383483886719,31.486328125,86.5347900390625,-1,-1,-1,-1
68,1,303.5628967285156,295.9473571777344,30.833038330078125,86.80636596679688,-1,-1,-1,-1
69,1,306.9330749511719,294.4205322265625,29.528350830078125,86.59292602539062,-1,-1,-1,-1
70,1,308.17767333984375,293.87432861328125,29.282318115234375,86.44790649414062,-1,-1,-1,-1
71,1,308.59722900390625,292.94921875,30.996124267578125,86.85064697265625,-1,-1,-1,-1
72,1,308.4345703125,292.5804443359375,32.374755859375,86.93792724609375,-1,-1,-1,-1
73,1,307.3344421386719,292.3238220214844,35.264068603515625,87.173095703125,-1,-1,-1,-1
74,1,307.35675048828125,292.1632080078125,35.8358154296875,87.02645874023438,-1,-1,-1,-1
75,1,308.9573669433594,291.5954284667969,34.986724853515625,86.88143920898438,-1,-1,-1,-1
76,1,309.8997497558594,291.058349609375,34.669586181640625,86.66357421875,-1,-1,-1,-1
77,1,316.10009765625,290.1278076171875,31.32733154296875,86.64523315429688,-1,-1,-1,-1
78,1,317.96185302734375,289.0646057128906,29.734588623046875,86.83419799804688,-1,-1,-1,-1
79,1,319.3177490234375,286.84942626953125,31.0311279296875,87.9161376953125,-1,-1,-1,-1
80,1,320.02105712890625,286.2733459472656,31.30511474609375,86.93096923828125,-1,-1,-1,-1
81,1,322.1568298339844,285.9279479980469,31.26043701171875,86.65884399414062,-1,-1,-1,-1
82,1,323.28277587890625,285.7897644042969,31.297515869140625,86.15835571289062,-1,-1,-1,-1
83,1,326.597900390625,285.7176513671875,32.541748046875,85.348876953125,-1,-1,-1,-1
84,1,327.7522277832031,285.91583251953125,32.735687255859375,84.71170043945312,-1,-1,-1,-1
85,1,329.6791687011719,285.8242492675781,32.672027587890625,84.16583251953125,-1,-1,-1,-1
86,1,330.8658752441406,285.3870544433594,31.397918701171875,84.10543823242188,-1,-1,-1,-1
87,1,332.0608215332031,284.42254638671875,31.95989990234375,84.46475219726562,-1,-1,-1,-1
88,1,332.6072082519531,283.5270690917969,32.3004150390625,84.8919677734375,-1,-1,-1,-1
89,1,334.7332458496094,282.0543212890625,31.304595947265625,84.111572265625,-1,-1,-1,-1
90,1,335.8484191894531,281.0272216796875,31.244110107421875,84.3590087890625,-1,-1,-1,-1
91,1,338.60089111328125,280.0187683105469,31.33795166015625,84.84384155273438,-1,-1,-1,-1
92,1,339.0703430175781,279.4336853027344,31.826324462890625,85.32229614257812,-1,-1,-1,-1
93,1,340.44915771484375,279.2833251953125,31.477325439453125,84.905029296875,-1,-1,-1,-1
94,1,341.6726379394531,279.3457336425781,30.9490966796875,84.4312744140625,-1,-1,-1,-1
95,1,342.4664001464844,279.34564208984375,31.62762451171875,84.11572265625,-1,-1,-1,-1
96,1,343.7620544433594,279.1167297363281,31.501068115234375,83.14077758789062,-1,-1,-1,-1
97,1,345.7392578125,277.78021240234375,30.802978515625,83.58123779296875,-1,-1,-1,-1
98,1,346.9735412597656,276.8581848144531,30.161895751953125,83.62313842773438,-1,-1,-1,-1
99,1,348.5303039550781,275.4132995605469,29.781341552734375,83.68719482421875,-1,-1,-1,-1
100,1,349.47576904296875,274.4346923828125,29.6944580078125,83.812744140625,-1,-1,-1,-1
101,1,350.75439453125,273.0040283203125,30.1170654296875,85.05902099609375,-1,-1,-1,-1
102,1,352.2185363769531,272.3454284667969,29.87103271484375,85.34051513671875,-1,-1,-1,-1
103,1,354.45465087890625,272.06072998046875,29.677398681640625,84.81228637695312,-1,-1,-1,-1
104,1,355.56561279296875,272.10888671875,30.00714111328125,84.719970703125,-1,-1,-1,-1
105,1,358.3468933105469,272.6288146972656,31.00946044921875,83.3516845703125,-1,-1,-1,-1
106,1,359.1981506347656,272.6269836425781,30.47705078125,83.13031005859375,-1,-1,-1,-1
107,1,360.57037353515625,271.8948974609375,29.868408203125,83.26290893554688,-1,-1,-1,-1
108,1,361.4874267578125,271.1094970703125,30.037628173828125,83.68930053710938,-1,-1,-1,-1
109,1,363.0864562988281,269.4406433105469,30.256683349609375,83.66195678710938,-1,-1,-1,-1
110,1,364.32269287109375,268.3846130371094,29.631622314453125,83.3363037109375,-1,-1,-1,-1
111,1,367.2645263671875,266.3466796875,28.452117919921875,83.19488525390625,-1,-1,-1,-1
112,1,368.263671875,266.15509033203125,28.319122314453125,82.75213623046875,-1,-1,-1,-1
113,1,369.3451232910156,265.7914733886719,29.014617919921875,82.82876586914062,-1,-1,-1,-1
114,1,370.07928466796875,265.3979797363281,29.276123046875,83.21633911132812,-1,-1,-1,-1
115,1,371.20697021484375,265.1383056640625,29.400848388671875,83.33779907226562,-1,-1,-1,-1
116,1,371.4648132324219,265.0027770996094,30.283203125,83.4727783203125,-1,-1,-1,-1
117,1,371.7257385253906,264.6439208984375,31.28662109375,83.32595825195312,-1,-1,-1,-1
118,1,371.93536376953125,264.3874206542969,31.881103515625,83.24810791015625,-1,-1,-1,-1
119,1,372.9486999511719,263.50213623046875,31.571014404296875,82.85626220703125,-1,-1,-1,-1
120,1,374.1246032714844,262.6284484863281,30.773101806640625,82.5509033203125,-1,-1,-1,-1
121,1,376.4593811035156,261.0675354003906,29.7921142578125,82.33432006835938,-1,-1,-1,-1
122,1,377.1071472167969,260.5509338378906,30.098968505859375,82.16360473632812,-1,-1,-1,-1
123,1,378.4070739746094,260.1029052734375,30.88092041015625,82.31552124023438,-1,-1,-1,-1
124,1,379.0797119140625,259.6745300292969,30.931365966796875,82.27389526367188,-1,-1,-1,-1
125,1,381.1629943847656,259.7942199707031,30.83917236328125,81.653076171875,-1,-1,-1,-1
126,1,382.30731201171875,259.61492919921875,31.066925048828125,81.49893188476562,-1,-1,-1,-1
127,1,384.8290710449219,259.369140625,30.14813232421875,80.637939453125,-1,-1,-1,-1
128,1,386.11114501953125,258.8309631347656,29.02691650390625,80.33236694335938,-1,-1,-1,-1
129,1,387.8636169433594,257.72796630859375,28.98846435546875,80.7398681640625,-1,-1,-1,-1
130,1,388.1796569824219,256.9769287109375,29.249359130859375,80.98159790039062,-1,-1,-1,-1
131,1,389.8448486328125,255.48141479492188,28.190277099609375,81.07571411132812,-1,-1,-1,-1
132,1,390.814453125,254.48887634277344,27.89117431640625,81.34706115722656,-1,-1,-1,-1
133,1,392.3030700683594,253.2199249267578,27.99481201171875,81.70237731933594,-1,-1,-1,-1
134,1,392.6100158691406,252.6580047607422,28.6396484375,82.12306213378906,-1,-1,-1,-1
135,1,392.93499755859375,252.55941772460938,29.520599365234375,81.80850219726562,-1,-1,-1,-1
136,1,393.37994384765625,252.72193908691406,30.282440185546875,81.46061706542969,-1,-1,-1,-1
137,1,393.6604919433594,252.8813018798828,31.14788818359375,80.85185241699219,-1,-1,-1,-1
138,1,393.4346923828125,252.72251892089844,31.817901611328125,80.53541564941406,-1,-1,-1,-1
139,1,392.4939270019531,251.71824645996094,33.345947265625,81.22773742675781,-1,-1,-1,-1
140,1,391.7347106933594,250.53817749023438,34.227935791015625,82.14364624023438,-1,-1,-1,-1
141,1,391.3691711425781,249.02410888671875,35.3359375,81.71820068359375,-1,-1,-1,-1
142,1,391.9937438964844,248.24217224121094,34.88372802734375,80.73365783691406,-1,-1,-1,-1
143,1,391.7551574707031,246.7459259033203,35.9881591796875,81.20631408691406,-1,-1,-1,-1
144,1,393.4274597167969,246.42282104492188,34.855682373046875,81.04562377929688,-1,-1,-1,-1
145,1,400.8472900390625,246.9068145751953,30.6510009765625,79.92732238769531,-1,-1,-1,-1
146,1,401.5184631347656,246.9224090576172,30.0517578125,79.74693298339844,-1,-1,-1,-1
147,1,402.91351318359375,247.0596466064453,29.1041259765625,79.19071960449219,-1,-1,-1,-1
148,1,404.20404052734375,247.042236328125,28.26873779296875,78.72308349609375,-1,-1,-1,-1
149,1,405.9455871582031,246.51763916015625,26.884307861328125,77.9222412109375,-1,-1,-1,-1
150,1,407.0544738769531,245.73233032226562,26.166839599609375,78.28167724609375,-1,-1,-1,-1
151,1,408.2182922363281,244.1166229248047,25.960296630859375,78.52131652832031,-1,-1,-1,-1
152,1,408.82415771484375,243.38746643066406,25.804351806640625,78.66029357910156,-1,-1,-1,-1
153,1,409.4415283203125,241.9270782470703,26.148651123046875,79.30937194824219,-1,-1,-1,-1
154,1,409.7101135253906,241.17581176757812,26.65167236328125,79.62899780273438,-1,-1,-1,-1
155,1,409.9775695800781,240.41253662109375,27.6231689453125,79.63662719726562,-1,-1,-1,-1
156,1,410.2291259765625,240.09202575683594,28.431396484375,79.48915100097656,-1,-1,-1,-1
157,1,409.8574523925781,239.70484924316406,30.188568115234375,79.57167053222656,-1,-1,-1,-1
158,1,408.0014343261719,239.94398498535156,32.78533935546875,79.17427062988281,-1,-1,-1,-1
159,1,407.5538024902344,239.98634338378906,34.066070556640625,78.85823059082031,-1,-1,-1,-1
160,1,406.6582336425781,239.93609619140625,35.21173095703125,78.78616333007812,-1,-1,-1,-1
161,1,407.3873596191406,239.13221740722656,34.931427001953125,78.94728088378906,-1,-1,-1,-1
162,1,408.6145935058594,238.47042846679688,33.945648193359375,78.90219116210938,-1,-1,-1,-1
163,1,410.3323059082031,237.26278686523438,32.788482666015625,77.46026611328125,-1,-1,-1,-1
164,1,409.9842529296875,236.4240264892578,33.605865478515625,76.83610534667969,-1,-1,-1,-1
165,1,410.9533386230469,235.3906707763672,33.592132568359375,77.50077819824219,-1,-1,-1,-1
166,1,413.32958984375,234.86013793945312,32.06097412109375,77.43826293945312,-1,-1,-1,-1
167,1,419.6509704589844,234.71913146972656,29.575286865234375,76.92063903808594,-1,-1,-1,-1
168,1,420.5879211425781,234.42237854003906,29.25494384765625,76.84361267089844,-1,-1,-1,-1
169,1,421.93597412109375,234.09548950195312,28.72802734375,76.66317749023438,-1,-1,-1,-1
170,1,422.8818054199219,233.9735870361328,28.093017578125,76.35575866699219,-1,-1,-1,-1
171,1,424.28485107421875,233.3837127685547,27.324188232421875,76.18138122558594,-1,-1,-1,-1
172,1,425.5113220214844,232.60714721679688,26.8914794921875,75.95425415039062,-1,-1,-1,-1
173,1,427.1595458984375,230.38600158691406,27.01123046875,77.31871032714844,-1,-1,-1,-1
174,1,428.0703125,229.67759704589844,26.52899169921875,77.42533874511719,-1,-1,-1,-1
175,1,428.86175537109375,228.4057159423828,27.46826171875,78.03895568847656,-1,-1,-1,-1
176,1,429.5687561035156,228.1603546142578,27.638641357421875,77.61991882324219,-1,-1,-1,-1
177,1,430.37091064453125,227.7008819580078,29.310089111328125,77.87150573730469,-1,-1,-1,-1
178,1,431.0163879394531,227.63243103027344,29.459228515625,77.75410461425781,-1,-1,-1,-1
179,1,431.9693908691406,227.56668090820312,30.545379638671875,77.5579833984375,-1,-1,-1,-1
180,1,432.2911682128906,227.61399841308594,30.978851318359375,77.04661560058594,-1,-1,-1,-1
181,1,432.5505065917969,226.95240783691406,31.151824951171875,77.20338439941406,-1,-1,-1,-1
182,1,432.5732116699219,226.4357147216797,31.073516845703125,77.55485534667969,-1,-1,-1,-1
183,1,432.95758056640625,224.9918670654297,30.717193603515625,78.63236999511719,-1,-1,-1,-1
184,1,433.735595703125,224.27207946777344,30.16876220703125,79.00480651855469,-1,-1,-1,-1
185,1,435.2858581542969,223.88662719726562,29.82916259765625,77.09347534179688,-1,-1,-1,-1
186,1,436.1260070800781,223.6101531982422,29.513397216796875,76.53089904785156,-1,-1,-1,-1
187,1,437.2041931152344,223.30746459960938,29.037109375,76.42840576171875,-1,-1,-1,-1
188,1,437.8700866699219,223.04820251464844,28.9140625,76.38948059082031,-1,-1,-1,-1
189,1,439.0341491699219,222.97238159179688,28.53802490234375,76.07733154296875,-1,-1,-1,-1
190,1,439.9083251953125,222.81373596191406,29.1572265625,76.09779357910156,-1,-1,-1,-1
191,1,441.4033203125,222.1648712158203,29.163726806640625,75.93168640136719,-1,-1,-1,-1
192,1,442.11785888671875,221.0503692626953,29.73138427734375,76.49858093261719,-1,-1,-1,-1
193,1,443.0881652832031,219.7436981201172,28.9146728515625,76.62409973144531,-1,-1,-1,-1
194,1,443.64788818359375,219.1275177001953,28.668426513671875,76.23222351074219,-1,-1,-1,-1
195,1,444.773193359375,218.22337341308594,26.75714111328125,75.40534973144531,-1,-1,-1,-1
196,1,445.0628662109375,217.3376007080078,26.246734619140625,75.56556701660156,-1,-1,-1,-1
197,1,445.64044189453125,217.04379272460938,25.73419189453125,75.67514038085938,-1,-1,-1,-1
198,1,446.0263366699219,216.91561889648438,25.580718994140625,75.37490844726562,-1,-1,-1,-1
199,1,446.3628234863281,217.0802764892578,25.36181640625,74.90983581542969,-1,-1,-1,-1
200,1,446.3633728027344,217.3629913330078,25.365570068359375,74.72801208496094,-1,-1,-1,-1
1,2,216.3842010498047,355.9912109375,39.83538818359375,88.98831176757812,-1,-1,-1,-1
2,2,218.52236938476562,355.781494140625,38.31355285644531,88.19491577148438,-1,-1,-1,-1
3,2,225.921875,354.4443664550781,34.29718017578125,86.50973510742188,-1,-1,-1,-1
4,2,227.64315795898438,353.40411376953125,32.957000732421875,88.20697021484375,-1,-1,-1,-1
5,2,231.2923583984375,351.36773681640625,31.378448486328125,89.19064331054688,-1,-1,-1,-1
6,2,232.6112518310547,351.79962158203125,31.125106811523438,88.27371215820312,-1,-1,-1,-1
7,2,235.39822387695312,351.3779296875,32.8973388671875,87.50900268554688,-1,-1,-1,-1
8,2,235.79432678222656,351.1790771484375,33.70698547363281,87.21310424804688,-1,-1,-1,-1
9,2,237.60462951660156,350.9112548828125,34.48933410644531,86.46734619140625,-1,-1,-1,-1
10,2,239.1222686767578,350.32171630859375,34.63710021972656,86.3428955078125,-1,-1,-1,-1
11,2,244.0337371826172,348.2725830078125,32.97581481933594,86.03591918945312,-1,-1,-1,-1
12,2,245.4151153564453,347.83551025390625,32.66893005371094,85.61111450195312,-1,-1,-1,-1
13,2,248.81317138671875,345.7847900390625,31.24530029296875,86.8006591796875,-1,-1,-1,-1
14,2,249.70101928710938,344.81427001953125,31.68035888671875,87.55783081054688,-1,-1,-1,-1
15,2,249.30555725097656,343.8940124511719,34.46424865722656,89.00729370117188,-1,-1,-1,-1
16,2,249.5001678466797,343.77178955078125,35.16401672363281,88.61004638671875,-1,-1,-1,-1
17,2,250.28378295898438,343.46624755859375,36.523162841796875,88.403564453125,-1,-1,-1,-1
18,2,251.2858123779297,343.35186767578125,36.32997131347656,87.62075805664062,-1,-1,-1,-1
19,2,255.580078125,342.6996154785156,35.919525146484375,85.88204956054688,-1,-1,-1,-1
20,2,258.0318298339844,341.806396484375,35.080657958984375,85.7005615234375,-1,-1,-1,-1
21,2,263.1730651855469,340.0325012207031,35.2156982421875,86.30621337890625,-1,-1,-1,-1
22,2,264.75628662109375,339.1710205078125,34.321868896484375,86.190185546875,-1,-1,-1,-1
23,2,267.1589660644531,338.5150146484375,33.92578125,86.24850463867188,-1,-1,-1,-1
24,2,268.9389953613281,338.3194274902344,33.306243896484375,85.61172485351562,-1,-1,-1,-1
25,2,272.3092346191406,337.3179931640625,33.486083984375,85.3057861328125,-1,-1,-1,-1
26,2,273.18206787109375,337.0719299316406,34.146697998046875,84.87747192382812,-1,-1,-1,-1
27,2,273.8518371582031,336.3398132324219,35.5794677734375,84.91656494140625,-1,-1,-1,-1
28,2,274.5326232910156,335.8130187988281,36.093536376953125,84.95370483398438,-1,-1,-1,-1
29,2,276.90484619140625,333.2400817871094,35.7332763671875,85.7271728515625,-1,-1,-1,-1
30,2,279.3841247558594,332.6517028808594,33.723968505859375,85.35763549804688,-1,-1,-1,-1
31,2,282.8684387207031,331.79638671875,31.532135009765625,84.92236328125,-1,-1,-1,-1
32,2,283.36749267578125,331.0819396972656,31.701080322265625,85.44677734375,-1,-1,-1,-1
33,2,283.5976867675781,330.7472229003906,32.487060546875,85.26351928710938,-1,-1,-1,-1
34,2,283.8594665527344,330.6239929199219,32.836883544921875,84.71759033203125,-1,-1,-1,-1
35,2,285.24688720703125,329.90814208984375,32.83660888671875,84.79617309570312,-1,-1,-1,-1
36,2,287.1217041015625,329.14447021484375,32.251800537109375,85.05499267578125,-1,-1,-1,-1
37,2,289.019287109375,326.896484375,32.031280517578125,85.85415649414062,-1,-1,-1,-1
38,2,291.12774658203125,325.7270202636719,31.369598388671875,85.61831665039062,-1,-1,-1,-1
39,2,294.9881286621094,324.2701416015625,31.1624755859375,84.30935668945312,-1,-1,-1,-1
40,2,296.2051696777344,324.1114501953125,30.94976806640625,84.35708618164062,-1,-1,-1,-1
41,2,300.43988037109375,323.92584228515625,30.522979736328125,83.80996704101562,-1,-1,-1,-1
42,2,301.2760314941406,323.7899475097656,30.884918212890625,83.10626220703125,-1,-1,-1,-1
43,2,302.5794982910156,323.6986083984375,32.000701904296875,82.38409423828125,-1,-1,-1,-1
44,2,303.01885986328125,323.473876953125,32.671600341796875,82.32232666015625,-1,-1,-1,-1
45,2,304.7642822265625,322.4199523925781,33.153564453125,82.38143920898438,-1,-1,-1,-1
46,2,306.5697021484375,321.37158203125,32.88916015625,82.918701171875,-1,-1,-1,-1
47,2,310.26678466796875,320.17645263671875,31.18048095703125,82.704833984375,-1,-1,-1,-1
48,2,311.4298095703125,319.2998352050781,30.663238525390625,83.02716064453125,-1,-1,-1,-1
49,2,313.54937744140625,318.23760986328125,30.1749267578125,83.212158203125,-1,-1,-1,-1
50,2,314.0910949707031,317.7821350097656,30.376708984375,83.284912109375,-1,-1,-1,-1
51,2,314.8550109863281,317.31988525390625,30.799530029296875,82.86813354492188,-1,-1,-1,-1
52,2,315.2438659667969,317.0341796875,31.136505126953125,82.64703369140625,-1,-1,-1,-1
53,2,316.45916748046875,316.3169250488281,31.70867919921875,82.44064331054688,-1,-1,-1,-1
54,2,317.6015319824219,315.6387023925781,31.697265625,82.62741088867188,-1,-1,-1,-1
55,2,320.65472412109375,313.998779296875,31.355316162109375,82.68621826171875,-1,-1,-1,-1
56,2,321.99627685546875,313.53680419921875,31.1417236328125,82.44305419921875,-1,-1,-1,-1
57,2,326.0577087402344,312.4315185546875,30.387176513671875,81.64309692382812,-1,-1,-1,-1
58,2,327.0096435546875,311.8883056640625,30.135955810546875,82.00521850585938,-1,-1,-1,-1
59,2,329.6262512207031,311.2730407714844,30.324615478515625,82.0611572265625,-1,-1,-1,-1
60,2,330.72821044921875,311.1851501464844,30.070037841796875,81.50503540039062,-1,-1,-1,-1
61,2,332.5704650878906,311.4423828125,30.682281494140625,80.6007080078125,-1,-1,-1,-1
62,2,332.8395690917969,311.25921630859375,31.48193359375,80.53994750976562,-1,-1,-1,-1
63,2,334.0355224609375,309.88018798828125,32.058074951171875,80.87896728515625,-1,-1,-1,-1
64,2,336.408203125,309.2411193847656,30.93695068359375,80.33154296875,-1,-1,-1,-1
65,2,339.7516174316406,306.86273193359375,31.946197509765625,80.90521240234375,-1,-1,-1,-1
66,2,341.2069396972656,306.1135559082031,31.205291748046875,81.15963745117188,-1,-1,-1,-1
67,2,342.5462646484375,305.047607421875,31.1932373046875,81.51803588867188,-1,-1,-1,-1
68,2,343.4372253417969,304.9447326660156,30.996337890625,81.57064819335938,-1,-1,-1,-1
69,2,344.4363708496094,304.835693359375,31.032745361328125,80.88095092773438,-1,-1,-1,-1
70,2,345.05767822265625,304.97491455078125,30.917083740234375,80.58444213867188,-1,-1,-1,-1
71,2,346.337158203125,303.8028564453125,31.158203125,81.44692993164062,-1,-1,-1,-1
72,2,346.976318359375,303.2942810058594,31.66387939453125,81.65176391601562,-1,-1,-1,-1
73,2,348.64324951171875,301.11627197265625,31.8785400390625,81.95953369140625,-1,-1,-1,-1
74,2,350.2573547363281,300.30731201171875,31.315155029296875,81.71670532226562,-1,-1,-1,-1
75,2,353.1671142578125,299.7805480957031,30.875640869140625,80.37088012695312,-1,-1,-1,-1
76,2,354.2046813964844,299.4820556640625,30.603973388671875,80.5672607421875,-1,-1,-1,-1
77,2,357.2469482421875,299.2356262207031,28.911773681640625,79.72854614257812,-1,-1,-1,-1
78,2,358.5386962890625,298.9017028808594,28.621124267578125,79.49819946289062,-1,-1,-1,-1
79,2,361.04547119140625,298.4869384765625,29.474945068359375,79.206298828125,-1,-1,-1,-1
80,2,361.65869140625,298.0331115722656,29.724639892578125,79.058349609375,-1,-1,-1,-1
81,2,362.5723876953125,296.8150329589844,31.19964599609375,79.62628173828125,-1,-1,-1,-1
82,2,363.5561218261719,296.4860534667969,31.730682373046875,79.60079956054688,-1,-1,-1,-1
83,2,365.4975280761719,295.02386474609375,32.713287353515625,79.73196411132812,-1,-1,-1,-1
84,2,366.4296875,294.49786376953125,32.471954345703125,79.74905395507812,-1,-1,-1,-1
85,2,367.0489807128906,293.1365661621094,32.219268798828125,80.44918823242188,-1,-1,-1,-1
86,2,367.29876708984375,292.9197082519531,31.962615966796875,80.28524780273438,-1,-1,-1,-1
87,2,367.8932800292969,292.101806640625,31.943511962890625,80.3984375,-1,-1,-1,-1
88,2,368.21405029296875,291.7882995605469,31.912811279296875,80.24972534179688,-1,-1,-1,-1
89,2,369.37811279296875,290.899169921875,31.382904052734375,80.18191528320312,-1,-1,-1,-1
90,2,369.7509460449219,289.8515319824219,31.74664306640625,80.78555297851562,-1,-1,-1,-1
91,2,371.03759765625,287.922607421875,31.4573974609375,81.45846557617188,-1,-1,-1,-1
92,2,372.70916748046875,286.69488525390625,30.706085205078125,81.56195068359375,-1,-1,-1,-1
93,2,376.211669921875,286.4067687988281,29.5899658203125,80.05801391601562,-1,-1,-1,-1
94,2,377.95751953125,286.47857666015625,28.78656005859375,79.34722900390625,-1,-1,-1,-1
95,2,379.7986145019531,286.043701171875,28.61383056640625,78.41976928710938,-1,-1,-1,-1
96,2,380.7031555175781,285.90521240234375,28.85614013671875,77.60882568359375,-1,-1,-1,-1
97,2,382.63995361328125,285.5465087890625,29.89544677734375,77.71197509765625,-1,-1,-1,-1
98,2,383.3492736816406,285.2290344238281,29.653228759765625,77.5531005859375,-1,-1,-1,-1
99,2,384.653076171875,284.08551025390625,29.58648681640625,77.68402099609375,-1,-1,-1,-1
100,2,385.6524658203125,283.2955627441406,29.41180419921875,77.45706176757812,-1,-1,-1,-1
101,2,387.34930419921875,281.3417663574219,29.275146484375,78.87127685546875,-1,-1,-1,-1
102,2,388.2947082519531,281.2774658203125,28.976104736328125,78.30618286132812,-1,-1,-1,-1
103,2,389.5907897949219,280.7327880859375,28.595703125,78.3931884765625,-1,-1,-1,-1
104,2,389.9808044433594,280.3421325683594,28.836944580078125,78.56179809570312,-1,-1,-1,-1
105,2,390.6324768066406,279.8426818847656,29.4439697265625,78.22183227539062,-1,-1,-1,-1
106,2,391.01055908203125,279.6680908203125,29.866668701171875,78.10116577148438,-1,-1,-1,-1
107,2,392.1639099121094,278.9219665527344,30.1251220703125,77.70498657226562,-1,-1,-1,-1
108,2,393.07537841796875,278.25311279296875,29.759185791015625,77.96954345703125,-1,-1,-1,-1
109,2,394.91766357421875,276.553466796875,29.518768310546875,78.64892578125,-1,-1,-1,-1
110,2,395.71685791015625,276.062255859375,29.515167236328125,78.20657348632812,-1,-1,-1,-1
111,2,397.4806213378906,275.3714599609375,29.893768310546875,78.06448364257812,-1,-1,-1,-1
112,2,398.4319152832031,274.6874694824219,29.737060546875,78.18780517578125,-1,-1,-1,-1
113,2,399.5530090332031,274.4911804199219,30.22216796875,76.98126220703125,-1,-1,-1,-1
114,2,400.3704528808594,274.0946350097656,30.3426513671875,76.60720825195312,-1,-1,-1,-1
115,2,401.8119201660156,273.8961486816406,30.323455810546875,76.10159301757812,-1,-1,-1,-1
116,2,403.05023193359375,273.5581359863281,29.712677001953125,75.92922973632812,-1,-1,-1,-1
117,2,405.5533752441406,272.07977294921875,28.627471923828125,75.8797607421875,-1,-1,-1,-1
118,2,406.2914733886719,271.7050476074219,28.4481201171875,75.63351440429688,-1,-1,-1,-1
119,2,408.1167297363281,269.7498474121094,28.050750732421875,76.86581420898438,-1,-1,-1,-1
120,2,408.9629211425781,268.6876220703125,27.76458740234375,77.8111572265625,-1,-1,-1,-1
121,2,409.4743347167969,267.5853271484375,27.84619140625,78.73199462890625,-1,-1,-1,-1
122,2,409.7140808105469,267.25164794921875,27.78973388671875,78.580810546875,-1,-1,-1,-1
123,2,409.7439880371094,266.78741455078125,28.62811279296875,78.63375854492188,-1,-1,-1,-1
124,2,409.82958984375,266.651123046875,29.2044677734375,78.44290161132812,-1,-1,-1,-1
125,2,410.5102844238281,266.4306640625,29.411865234375,77.31964111328125,-1,-1,-1,-1
126,2,410.7939758300781,266.1142578125,29.7296142578125,76.9488525390625,-1,-1,-1,-1
127,2,413.3048400878906,265.25750732421875,28.856109619140625,76.21743774414062,-1,-1,-1,-1
128,2,414.8748779296875,265.120849609375,27.6824951171875,75.33175659179688,-1,-1,-1,-1
129,2,417.1846618652344,263.7119140625,28.305267333984375,75.916748046875,-1,-1,-1,-1
130,2,417.8605041503906,263.3494567871094,28.2259521484375,75.96832275390625,-1,-1,-1,-1
131,2,419.21502685546875,263.0830383300781,28.970550537109375,75.232421875,-1,-1,-1,-1
132,2,419.9151306152344,262.6500549316406,29.48065185546875,75.01666259765625,-1,-1,-1,-1
133,2,421.7086486816406,262.32830810546875,30.272705078125,74.56060791015625,-1,-1,-1,-1
134,2,422.5035400390625,262.18975830078125,29.933441162109375,74.24557495117188,-1,-1,-1,-1
135,2,424.9842224121094,260.63812255859375,28.787567138671875,74.93899536132812,-1,-1,-1,-1
136,2,425.87030029296875,259.9538269042969,28.42193603515625,75.25003051757812,-1,-1,-1,-1
137,2,427.1024475097656,258.4220886230469,27.681396484375,75.57467651367188,-1,-1,-1,-1
138,2,428.09979248046875,258.12347412109375,27.057159423828125,74.94924926757812,-1,-1,-1,-1
139,2,428.2889099121094,257.80755615234375,27.5396728515625,74.89678955078125,-1,-1,-1,-1
140,2,428.190673828125,257.64764404296875,28.298919677734375,74.81094360351562,-1,-1,-1,-1
141,2,428.9557189941406,257.5591125488281,29.079010009765625,73.92501831054688,-1,-1,-1,-1
142,2,429.4271545410156,257.42431640625,29.730499267578125,73.66744995117188,-1,-1,-1,-1
143,2,430.11456298828125,256.66993713378906,30.127166748046875,73.64027404785156,-1,-1,-1,-1
144,2,431.014892578125,256.1215057373047,29.438934326171875,73.43324279785156,-1,-1,-1,-1
145,2,432.8059387207031,254.8331756591797,28.116363525390625,72.92405700683594,-1,-1,-1,-1
146,2,433.82586669921875,253.94862365722656,27.546112060546875,73.44352722167969,-1,-1,-1,-1
147,2,436.1817932128906,252.64865112304688,26.76580810546875,74.63864135742188,-1,-1,-1,-1
148,2,436.9386291503906,252.4324493408203,26.6552734375,74.51869201660156,-1,-1,-1,-1
149,2,438.204345703125,252.0714569091797,26.299102783203125,74.32099914550781,-1,-1,-1,-1
150,2,439.10369873046875,251.5664825439453,26.466522216796875,74.49150085449219,-1,-1,-1,-1
151,2,439.9465637207031,251.10919189453125,26.213104248046875,74.78363037109375,-1,-1,-1,-1
152,2,440.4323425292969,250.4257049560547,26.598724365234375,74.81895446777344,-1,-1,-1,-1
153,2,441.6794738769531,249.383056640625,26.724334716796875,74.57818603515625,-1,-1,-1,-1
154,2,442.2812805175781,248.7948455810547,27.17901611328125,74.44184875488281,-1,-1,-1,-1
155,2,443.312744140625,248.0904998779297,26.985748291015625,74.31504821777344,-1,-1,-1,-1
156,2,443.6475524902344,247.5103302001953,27.37005615234375,74.34242248535156,-1,-1,-1,-1
157,2,443.9538269042969,247.17691040039062,28.32000732421875,74.24496459960938,-1,-1,-1,-1
158,2,444.1766662597656,247.0233612060547,28.885498046875,74.02427673339844,-1,-1,-1,-1
159,2,444.9569396972656,246.82794189453125,29.24542236328125,73.37728881835938,-1,-1,-1,-1
160,2,445.8575439453125,246.69822692871094,29.045684814453125,72.92521667480469,-1,-1,-1,-1
161,2,447.3857727050781,246.14549255371094,28.040435791015625,72.97505187988281,-1,-1,-1,-1
162,2,448.3895568847656,245.50157165527344,27.2470703125,72.99964904785156,-1,-1,-1,-1
163,2,449.6477355957031,243.23191833496094,26.897125244140625,74.02708435058594,-1,-1,-1,-1
164,2,450.5967712402344,243.0498046875,27.06573486328125,73.756103515625,-1,-1,-1,-1
165,2,452.7676696777344,242.7955780029297,26.4197998046875,73.32878112792969,-1,-1,-1,-1
166,2,453.80560302734375,242.50662231445312,25.933258056640625,73.2451171875,-1,-1,-1,-1
167,2,455.2657470703125,242.449951171875,26.050872802734375,72.464111328125,-1,-1,-1,-1
168,2,456.2116394042969,242.2469024658203,26.09857177734375,71.89701843261719,-1,-1,-1,-1
169,2,456.9104919433594,241.5148162841797,27.03656005859375,72.28611755371094,-1,-1,-1,-1
170,2,457.2292785644531,240.88540649414062,27.5689697265625,72.859130859375,-1,-1,-1,-1
171,2,458.5166931152344,239.35165405273438,27.510009765625,73.30874633789062,-1,-1,-1,-1
172,2,459.0345153808594,238.6799774169922,27.682403564453125,73.53340148925781,-1,-1,-1,-1
173,2,459.7066345214844,237.82546997070312,27.60150146484375,72.62481689453125,-1,-1,-1,-1
174,2,460.0080261230469,237.70150756835938,27.62969970703125,72.28671264648438,-1,-1,-1,-1
175,2,460.0871276855469,237.59732055664062,28.309906005859375,72.00546264648438,-1,-1,-1,-1
176,2,459.9927062988281,237.55819702148438,28.97747802734375,71.68930053710938,-1,-1,-1,-1
177,2,460.2468566894531,237.35340881347656,29.127838134765625,71.82218933105469,-1,-1,-1,-1
178,2,460.99713134765625,237.05218505859375,28.75146484375,71.94241333007812,-1,-1,-1,-1
179,2,462.2698059082031,235.6226348876953,27.849700927734375,72.11418151855469,-1,-1,-1,-1
180,2,463.091064453125,234.18031311035156,27.548095703125,72.71415710449219,-1,-1,-1,-1
181,2,464.5798034667969,232.2506103515625,26.968170166015625,72.83001708984375,-1,-1,-1,-1
182,2,465.5857238769531,232.054443359375,26.49267578125,72.11614990234375,-1,-1,-1,-1
183,2,466.9622802734375,231.0439910888672,26.73699951171875,72.97813415527344,-1,-1,-1,-1
184,2,467.5400390625,230.51141357421875,26.996063232421875,73.06005859375,-1,-1,-1,-1
185,2,468.9999084472656,229.99725341796875,26.92803955078125,72.57730102539062,-1,-1,-1,-1
186,2,469.61181640625,230.09327697753906,26.91973876953125,72.09291076660156,-1,-1,-1,-1
187,2,470.4980163574219,230.2760009765625,26.880859375,71.36135864257812,-1,-1,-1,-1
188,2,471.1770324707031,230.11158752441406,27.035980224609375,70.94374084472656,-1,-1,-1,-1
189,2,472.8751220703125,229.1636505126953,26.876312255859375,70.84754943847656,-1,-1,-1,-1
190,2,473.20947265625,228.84515380859375,27.02587890625,70.7178955078125,-1,-1,-1,-1
191,2,473.8975524902344,227.77536010742188,26.89990234375,71.0030517578125,-1,-1,-1,-1
192,2,474.3694152832031,227.4501495361328,27.05596923828125,70.98973083496094,-1,-1,-1,-1
193,2,474.88824462890625,227.1052703857422,27.5206298828125,70.92347717285156,-1,-1,-1,-1
194,2,475.25494384765625,226.9908905029297,27.760284423828125,70.90269470214844,-1,-1,-1,-1
195,2,475.67059326171875,226.85723876953125,28.03009033203125,71.244140625,-1,-1,-1,-1
196,2,476.1733093261719,226.41697692871094,28.283172607421875,71.32661437988281,-1,-1,-1,-1
197,2,477.0805969238281,225.39111328125,28.750732421875,71.2945556640625,-1,-1,-1,-1
198,2,477.7239074707031,224.4716339111328,29.521881103515625,71.14778137207031,-1,-1,-1,-1
199,2,479.9825744628906,224.0998992919922,28.726043701171875,70.22758483886719,-1,-1,-1,-1
200,2,480.8226623535156,223.80288696289062,28.422821044921875,70.05764770507812,-1,-1,-1,-1
1,3,557.9898071289062,216.0706787109375,34.27203369140625,81.58291625976562,-1,-1,-1,-1
2,3,558.5726928710938,216.2184600830078,33.36895751953125,78.31300354003906,-1,-1,-1,-1
3,3,559.0113525390625,215.2411651611328,33.26971435546875,76.89402770996094,-1,-1,-1,-1
4,3,559.4443359375,214.5072784423828,32.94976806640625,75.85484313964844,-1,-1,-1,-1
5,3,560.1591796875,214.49769592285156,32.18243408203125,74.74452209472656,-1,-1,-1,-1
6,3,560.5977172851562,214.48590087890625,31.80657958984375,74.72735595703125,-1,-1,-1,-1
7,3,561.0562744140625,214.0857696533203,31.75433349609375,76.14668273925781,-1,-1,-1,-1
8,3,561.19189453125,214.16348266601562,31.7568359375,76.43411254882812,-1,-1,-1,-1
9,3,561.1353759765625,213.34762573242188,32.59454345703125,76.83676147460938,-1,-1,-1,-1
10,3,561.2146606445312,212.8416290283203,32.9466552734375,75.75312805175781,-1,-1,-1,-1
11,3,561.378173828125,211.6998748779297,33.4656982421875,75.88014221191406,-1,-1,-1,-1
12,3,562.0988159179688,210.4412078857422,32.8702392578125,74.97071838378906,-1,-1,-1,-1
13,3,562.2574462890625,209.55926513671875,33.2359619140625,74.96466064453125,-1,-1,-1,-1
14,3,562.5020751953125,209.45909118652344,32.904052734375,74.88548278808594,-1,-1,-1,-1
15,3,562.4310302734375,209.03504943847656,33.57684326171875,76.13807678222656,-1,-1,-1,-1
16,3,563.1791381835938,209.21441650390625,33.02545166015625,74.682861328125,-1,-1,-1,-1
17,3,564.2401123046875,209.0791015625,32.31927490234375,73.73873901367188,-1,-1,-1,-1
18,3,564.5578002929688,209.41380310058594,32.21728515625,73.21418762207031,-1,-1,-1,-1
19,3,565.2694702148438,209.12680053710938,32.31658935546875,73.71786499023438,-1,-1,-1,-1
20,3,566.2171020507812,208.53199768066406,32.06695556640625,73.93669128417969,-1,-1,-1,-1
21,3,566.83203125,207.8206787109375,32.3953857421875,74.168701171875,-1,-1,-1,-1
22,3,567.4627075195312,207.34133911132812,32.784912109375,74.59393310546875,-1,-1,-1,-1
23,3,568.3936157226562,206.31166076660156,33.35858154296875,74.76741027832031,-1,-1,-1,-1
24,3,569.0208129882812,206.05482482910156,33.35235595703125,74.28041076660156,-1,-1,-1,-1
25,3,569.8116455078125,204.7136688232422,33.42193603515625,74.98225402832031,-1,-1,-1,-1
26,3,570.439208984375,204.39610290527344,32.902587890625,74.30189514160156,-1,-1,-1,-1
27,3,571.06396484375,204.06947326660156,32.865234375,74.24784851074219,-1,-1,-1,-1
28,3,571.7523193359375,203.9285888671875,32.34674072265625,74.46578979492188,-1,-1,-1,-1
29,3,572.4378662109375,204.2667236328125,31.8265380859375,73.93264770507812,-1,-1,-1,-1
30,3,572.8382568359375,204.27859497070312,31.6357421875,73.48666381835938,-1,-1,-1,-1
31,3,573.2694091796875,204.06484985351562,31.83660888671875,73.26803588867188,-1,-1,-1,-1
32,3,573.5020751953125,203.78163146972656,32.23529052734375,73.17765808105469,-1,-1,-1,-1
33,3,574.2086791992188,202.62582397460938,33.29412841796875,76.695556640625,-1,-1,-1,-1
34,3,574.803466796875,201.8935546875,33.822021484375,79.29183959960938,-1,-1,-1,-1
35,3,576.1256713867188,201.63821411132812,32.712890625,74.85614013671875,-1,-1,-1,-1
36,3,577.0162353515625,200.99705505371094,32.46600341796875,71.99012756347656,-1,-1,-1,-1
37,3,578.4174194335938,200.54611206054688,32.28533935546875,71.78451538085938,-1,-1,-1,-1
38,3,579.5299682617188,200.80572509765625,31.73150634765625,70.6590576171875,-1,-1,-1,-1
39,3,581.3910522460938,200.83868408203125,31.60882568359375,71.13723754882812,-1,-1,-1,-1
40,3,582.4364013671875,200.88357543945312,31.6549072265625,73.37869262695312,-1,-1,-1,-1
41,3,583.5225219726562,201.2783203125,32.88580322265625,73.51010131835938,-1,-1,-1,-1
42,3,584.3935546875,201.7321319580078,33.55963134765625,74.57478332519531,-1,-1,-1,-1
43,3,585.5126953125,202.08609008789062,34.634765625,74.98043823242188,-1,-1,-1,-1
44,3,586.0750732421875,202.41712951660156,34.82305908203125,74.14268493652344,-1,-1,-1,-1
45,3,587.8475341796875,202.3677978515625,35.10400390625,74.75323486328125,-1,-1,-1,-1
46,3,588.9522705078125,202.05389404296875,34.804443359375,72.14520263671875,-1,-1,-1,-1
50,3,595.2459716796875,200.16014099121094,35.11724853515625,72.94529724121094,-1,-1,-1,-1
51,3,597.4418334960938,203.3147735595703,31.9788818359375,64.01744079589844,-1,-1,-1,-1
52,3,597.5999145507812,203.13795471191406,32.01043701171875,64.05467224121094,-1,-1,-1,-1
54,3,597.0509643554688,203.26412963867188,34.06304931640625,67.89749145507812,-1,-1,-1,-1
1,4,630.4423828125,133.44883728027344,24.53460693359375,61.205047607421875,-1,-1,-1,-1
2,4,630.693359375,133.16400146484375,24.82904052734375,61.48384094238281,-1,-1,-1,-1
3,4,631.428955078125,132.9624786376953,24.5987548828125,61.71141052246094,-1,-1,-1,-1
4,4,631.7102661132812,133.1224822998047,24.6412353515625,61.86492919921875,-1,-1,-1,-1
5,4,632.2850341796875,132.98887634277344,24.58209228515625,61.57319641113281,-1,-1,-1,-1
6,4,632.5752563476562,131.71456909179688,24.56304931640625,63.30108642578125,-1,-1,-1,-1
7,4,633.1847534179688,128.94324493408203,24.33538818359375,65.97147369384766,-1,-1,-1,-1
13,4,636.68701171875,130.96287536621094,22.947998046875,62.02125549316406,-1,-1,-1,-1
14,4,637.0831298828125,130.74215698242188,22.711181640625,62.57635498046875,-1,-1,-1,-1
15,4,637.881591796875,130.7338409423828,22.26788330078125,62.60455322265625,-1,-1,-1,-1
1,5,8.275800228118896,316.2773742675781,32.300692081451416,98.70947265625,-1,-1,-1,-1
2,5,7.615056037902832,313.05596923828125,33.67062282562256,101.13848876953125,-1,-1,-1,-1
3,5,7.628599166870117,305.84820556640625,34.42767524719238,107.43914794921875,-1,-1,-1,-1
4,5,7.343485355377197,304.2764587402344,34.966371059417725,108.5108642578125,-1,-1,-1,-1
9,5,12.61514949798584,307.65936279296875,31.28110980987549,100.15460205078125,-1,-1,-1,-1
10,5,13.376684188842773,303.8538818359375,31.155282974243164,103.98916625976562,-1,-1,-1,-1
18,5,21.94315528869629,304.2846984863281,29.95216178894043,101.12939453125,-1,-1,-1,-1
19,5,22.311412811279297,309.46380615234375,30.119319915771484,93.77142333984375,-1,-1,-1,-1
20,5,22.869285583496094,313.3794860839844,29.989643096923828,90.51535034179688,-1,-1,-1,-1
21,5,25.042816162109375,316.53582763671875,28.44029998779297,85.94027709960938,-1,-1,-1,-1
22,5,24.7603759765625,313.74151611328125,30.25775909423828,88.54083251953125,-1,-1,-1,-1
33,5,37.71099853515625,302.98614501953125,26.26906967163086,87.82269287109375,-1,-1,-1,-1
34,5,38.44853973388672,304.9642333984375,27.034412384033203,83.67153930664062,-1,-1,-1,-1
38,5,43.207183837890625,303.1367492675781,27.820281982421875,81.59576416015625,-1,-1,-1,-1
39,5,42.86863708496094,300.70501708984375,29.796112060546875,86.22055053710938,-1,-1,-1,-1
40,5,43.797821044921875,300.5710144042969,29.662063598632812,86.68771362304688,-1,-1,-1,-1
41,5,45.12779998779297,301.10986328125,29.948715209960938,85.98431396484375,-1,-1,-1,-1
42,5,46.39826202392578,302.9544372558594,29.03679656982422,83.47869873046875,-1,-1,-1,-1
43,5,48.658138275146484,300.574951171875,29.60849380493164,84.8494873046875,-1,-1,-1,-1
44,5,50.18634796142578,300.8790588378906,27.900291442871094,84.2850341796875,-1,-1,-1,-1
45,5,52.764835357666016,301.8690490722656,26.452342987060547,82.53662109375,-1,-1,-1,-1
46,5,53.35673904418945,301.21417236328125,26.511180877685547,83.18475341796875,-1,-1,-1,-1
47,5,55.72570037841797,298.5745544433594,26.638214111328125,83.71051025390625,-1,-1,-1,-1
49,5,55.95090866088867,298.7044982910156,27.835643768310547,80.25283813476562,-1,-1,-1,-1
50,5,55.6976203918457,296.01324462890625,27.937610626220703,84.01715087890625,-1,-1,-1,-1
52,5,64.62093734741211,295.1546325683594,27.54330062866211,84.83016967773438,-1,-1,-1,-1
53,5,64.27104568481445,292.9215087890625,32.58401107788086,86.18939208984375,-1,-1,-1,-1
54,5,66.43853759765625,294.96630859375,32.47370910644531,82.9036865234375,-1,-1,-1,-1
55,5,68.18952178955078,295.6001892089844,30.256271362304688,80.74185180664062,-1,-1,-1,-1
56,5,68.66621398925781,289.6572265625,31.536529541015625,87.21218872070312,-1,-1,-1,-1
57,5,70.693115234375,285.57098388671875,30.882278442382812,90.6806640625,-1,-1,-1,-1
58,5,73.66148376464844,287.920166015625,27.44097900390625,88.20477294921875,-1,-1,-1,-1
59,5,72.562255859375,282.321044921875,29.969276428222656,92.85369873046875,-1,-1,-1,-1
65,5,77.92634582519531,284.2192077636719,32.01757049560547,89.89895629882812,-1,-1,-1,-1
66,5,80.94023132324219,286.4910888671875,30.316802978515625,86.26907348632812,-1,-1,-1,-1
67,5,80.80069732666016,285.1743469238281,31.460952758789062,87.174560546875,-1,-1,-1,-1
68,5,82.34800720214844,285.5055847167969,31.032058715820312,84.80218505859375,-1,-1,-1,-1
69,5,82.87371826171875,282.2779235839844,32.22948455810547,87.20779418945312,-1,-1,-1,-1
70,5,84.89612579345703,284.2141418457031,30.0341796875,83.69583129882812,-1,-1,-1,-1
71,5,86.08997344970703,283.9145812988281,29.55341339111328,84.25222778320312,-1,-1,-1,-1
72,5,87.15020751953125,282.39630126953125,29.465675354003906,85.38461303710938,-1,-1,-1,-1
73,5,89.83341217041016,278.42022705078125,31.880149841308594,88.97854614257812,-1,-1,-1,-1
74,5,91.74797821044922,277.5408935546875,30.69194793701172,89.3721923828125,-1,-1,-1,-1
75,5,95.09626770019531,279.4923095703125,28.65886688232422,87.07046508789062,-1,-1,-1,-1
76,5,94.87828826904297,281.18841552734375,31.341567993164062,85.899169921875,-1,-1,-1,-1
77,5,97.51348876953125,280.9770202636719,30.954200744628906,85.59210205078125,-1,-1,-1,-1
78,5,99.56546783447266,281.5125427246094,30.863243103027344,83.42935180664062,-1,-1,-1,-1
79,5,99.76917266845703,279.0181884765625,31.50891876220703,85.139892578125,-1,-1,-1,-1
80,5,100.50464630126953,279.39166259765625,30.636756896972656,84.10931396484375,-1,-1,-1,-1
81,5,103.67832946777344,281.9318542480469,27.93817138671875,79.83831787109375,-1,-1,-1,-1
82,5,103.84477996826172,279.8492126464844,28.330467224121094,81.56317138671875,-1,-1,-1,-1
83,5,104.13060760498047,277.31396484375,29.183204650878906,84.06997680664062,-1,-1,-1,-1
84,5,104.47008514404297,274.1021423339844,29.838951110839844,87.21682739257812,-1,-1,-1,-1
85,5,106.13422393798828,277.932861328125,28.637916564941406,82.71469116210938,-1,-1,-1,-1
86,5,107.09508514404297,278.9394226074219,28.08045196533203,81.28311157226562,-1,-1,-1,-1
87,5,107.625732421875,278.793212890625,28.328948974609375,81.5467529296875,-1,-1,-1,-1
88,5,108.02027893066406,277.12396240234375,28.252593994140625,83.38629150390625,-1,-1,-1,-1
89,5,110.0573959350586,276.90008544921875,26.93146514892578,83.36965942382812,-1,-1,-1,-1
90,5,110.22913360595703,275.5009765625,27.805686950683594,84.54684448242188,-1,-1,-1,-1
91,5,111.76756286621094,277.41497802734375,26.342926025390625,81.26419067382812,-1,-1,-1,-1
92,5,112.18528747558594,276.52435302734375,26.728485107421875,80.91293334960938,-1,-1,-1,-1
93,5,112.65829467773438,274.8798828125,27.34783935546875,81.95889282226562,-1,-1,-1,-1
95,5,112.87760925292969,268.66998291015625,28.272018432617188,86.09292602539062,-1,-1,-1,-1
96,5,113.4439926147461,265.74072265625,28.91181182861328,89.78958129882812,-1,-1,-1,-1
97,5,115.60386657714844,270.1690368652344,27.367996215820312,84.29147338867188,-1,-1,-1,-1
98,5,117.1271743774414,270.8726501464844,28.15898895263672,83.4666748046875,-1,-1,-1,-1
99,5,118.63490295410156,269.6456298828125,29.576766967773438,84.56350708007812,-1,-1,-1,-1
100,5,120.06024932861328,270.83819580078125,28.20171356201172,82.66122436523438,-1,-1,-1,-1
101,5,121.61714935302734,271.5263977050781,29.04582977294922,80.79949951171875,-1,-1,-1,-1
102,5,120.98290252685547,271.59674072265625,30.46051788330078,80.1356201171875,-1,-1,-1,-1
103,5,122.98407745361328,272.71502685546875,28.995765686035156,77.8665771484375,-1,-1,-1,-1
104,5,122.92449188232422,270.400146484375,29.067115783691406,79.00595092773438,-1,-1,-1,-1
105,5,123.03323364257812,266.2249450683594,29.145828247070312,82.60488891601562,-1,-1,-1,-1
106,5,123.13343048095703,264.7454833984375,29.36034393310547,83.13983154296875,-1,-1,-1,-1
107,5,123.6278076171875,263.05987548828125,29.068634033203125,85.05792236328125,-1,-1,-1,-1
109,5,126.32243347167969,264.50482177734375,28.427886962890625,83.63406372070312,-1,-1,-1,-1
110,5,126.52953338623047,264.5081481933594,28.094322204589844,83.94366455078125,-1,-1,-1,-1
111,5,126.87714385986328,265.2976379394531,27.953712463378906,82.81097412109375,-1,-1,-1,-1
112,5,127.20111083984375,265.8682861328125,27.520736694335938,81.64071655273438,-1,-1,-1,-1
113,5,127.01947784423828,265.9273681640625,27.626441955566406,80.74899291992188,-1,-1,-1,-1
118,5,125.74020385742188,257.2895812988281,29.112548828125,84.80264282226562,-1,-1,-1,-1
119,5,125.5671615600586,256.4667663574219,30.120338439941406,86.08401489257812,-1,-1,-1,-1
120,5,125.91627502441406,257.7046813964844,29.465728759765625,85.09097290039062,-1,-1,-1,-1
125,5,129.68124389648438,256.0766143798828,28.3980712890625,83.76136779785156,-1,-1,-1,-1
75,6,617.0673217773438,188.8087615966797,33.6800537109375,69.72059631347656,-1,-1,-1,-1
76,6,617.4756469726562,187.76861572265625,33.53594970703125,71.360595703125,-1,-1,-1,-1
77,6,616.6646118164062,187.5362091064453,33.55877685546875,71.90852355957031,-1,-1,-1,-1
78,6,616.7379150390625,185.31752014160156,33.7435302734375,75.16798400878906,-1,-1,-1,-1
79,6,617.434814453125,184.9341583251953,32.63348388671875,73.20988464355469,-1,-1,-1,-1
80,6,617.975830078125,184.60020446777344,31.6650390625,71.59539794921875,-1,-1,-1,-1
81,6,618.2591552734375,183.5414581298828,31.27587890625,71.30308532714844,-1,-1,-1,-1
82,6,617.852294921875,182.57533264160156,31.2078857421875,71.34454345703125,-1,-1,-1,-1
83,6,617.1011352539062,181.9156036376953,32.13104248046875,71.70062255859375,-1,-1,-1,-1
84,6,617.16064453125,182.03761291503906,32.01556396484375,71.79106140136719,-1,-1,-1,-1
85,6,617.2723999023438,182.25559997558594,31.6446533203125,70.82675170898438,-1,-1,-1,-1
86,6,617.6803588867188,182.41302490234375,30.93145751953125,70.33747863769531,-1,-1,-1,-1
87,6,618.1417846679688,182.81167602539062,30.720947265625,68.97895812988281,-1,-1,-1,-1
88,6,617.8419189453125,182.55386352539062,31.3253173828125,69.1617431640625,-1,-1,-1,-1
89,6,618.1856689453125,181.4944610595703,31.78192138671875,70.22320556640625,-1,-1,-1,-1
90,6,618.683349609375,181.7745819091797,31.44573974609375,68.00308227539062,-1,-1,-1,-1
91,6,619.115234375,181.0554656982422,31.29486083984375,69.43710327148438,-1,-1,-1,-1
92,6,619.6533203125,180.4844512939453,30.59307861328125,68.04095458984375,-1,-1,-1,-1
93,6,620.1748046875,179.4562225341797,30.17120361328125,66.6888427734375,-1,-1,-1,-1
94,6,620.8548583984375,178.52188110351562,29.4281005859375,66.31459045410156,-1,-1,-1,-1
95,6,621.1210327148438,178.3995819091797,29.4332275390625,66.47309875488281,-1,-1,-1,-1
96,6,621.4751586914062,178.34207153320312,28.8795166015625,66.48207092285156,-1,-1,-1,-1
97,6,621.1104125976562,178.17428588867188,29.446533203125,67.70283508300781,-1,-1,-1,-1
98,6,620.9810180664062,177.92994689941406,29.69879150390625,68.58064270019531,-1,-1,-1,-1
99,6,621.509765625,177.13011169433594,29.4766845703125,68.63304138183594,-1,-1,-1,-1
100,6,622.3425903320312,176.37152099609375,28.73724365234375,67.942626953125,-1,-1,-1,-1
101,6,622.6553344726562,175.33580017089844,29.14874267578125,68.11376953125,-1,-1,-1,-1
102,6,622.5286865234375,174.4953155517578,30.2366943359375,68.236328125,-1,-1,-1,-1
103,6,622.5952758789062,172.8858184814453,31.0924072265625,68.22434997558594,-1,-1,-1,-1
104,6,622.6426391601562,172.502197265625,31.79498291015625,68.07566833496094,-1,-1,-1,-1
105,6,622.7814331054688,172.6669464111328,32.37359619140625,67.90992736816406,-1,-1,-1,-1
106,6,623.4234008789062,172.4420623779297,32.10931396484375,68.43829345703125,-1,-1,-1,-1
107,6,624.135498046875,172.55319213867188,31.93646240234375,69.87248229980469,-1,-1,-1,-1
108,6,624.79638671875,172.5713653564453,31.169189453125,69.12399291992188,-1,-1,-1,-1
109,6,625.1297607421875,171.1811981201172,32.51171875,71.32341003417969,-1,-1,-1,-1
110,6,625.9486694335938,171.12698364257812,31.94012451171875,70.39448547363281,-1,-1,-1,-1
111,6,626.6928100585938,169.61216735839844,31.38848876953125,72.39010620117188,-1,-1,-1,-1
112,6,627.0762939453125,168.489013671875,30.8848876953125,73.00271606445312,-1,-1,-1,-1
113,6,628.2561645507812,166.7051239013672,29.11474609375,71.84600830078125,-1,-1,-1,-1
114,6,628.8713989257812,166.64422607421875,28.42462158203125,69.44398498535156,-1,-1,-1,-1
115,6,629.0615844726562,166.5516815185547,28.58917236328125,69.50411987304688,-1,-1,-1,-1
116,6,629.2804565429688,166.7451171875,28.45538330078125,69.65902709960938,-1,-1,-1,-1
117,6,629.4382934570312,166.8541259765625,28.66680908203125,70.53804016113281,-1,-1,-1,-1
118,6,630.2064208984375,166.9953155517578,27.78173828125,68.14602661132812,-1,-1,-1,-1
119,6,630.9906616210938,166.47036743164062,27.25274658203125,66.59794616699219,-1,-1,-1,-1
120,6,631.15283203125,165.83203125,27.316650390625,66.00617980957031,-1,-1,-1,-1
121,6,631.0486450195312,164.58065795898438,28.2423095703125,65.70285034179688,-1,-1,-1,-1
122,6,631.0977172851562,163.73287963867188,28.33294677734375,65.4964599609375,-1,-1,-1,-1
123,6,631.2477416992188,163.05056762695312,28.49932861328125,65.81355285644531,-1,-1,-1,-1
124,6,631.4341430664062,163.20761108398438,28.8328857421875,65.47349548339844,-1,-1,-1,-1
125,6,632.1423950195312,162.9974365234375,28.640869140625,65.30155944824219,-1,-1,-1,-1
126,6,632.776611328125,163.1895751953125,28.25750732421875,64.92318725585938,-1,-1,-1,-1
127,6,633.0521240234375,163.537841796875,28.16656494140625,64.69744873046875,-1,-1,-1,-1
128,6,633.5244750976562,163.3846893310547,27.8748779296875,64.31781005859375,-1,-1,-1,-1
129,6,634.12158203125,163.22201538085938,27.62518310546875,63.46333312988281,-1,-1,-1,-1
130,6,634.6285400390625,163.20782470703125,27.24822998046875,62.48631286621094,-1,-1,-1,-1
131,6,634.7637939453125,161.29953002929688,28.00836181640625,63.79905700683594,-1,-1,-1,-1
132,6,635.1806640625,159.87557983398438,28.205810546875,64.76319885253906,-1,-1,-1,-1
133,6,635.52978515625,158.00437927246094,28.350830078125,66.06663513183594,-1,-1,-1,-1
134,6,635.8557739257812,157.55838012695312,28.40484619140625,66.38026428222656,-1,-1,-1,-1
85,7,1.0,344.72369384765625,23.255403518676758,79.13711547851562,-1,-1,-1,-1
91,7,1.0,338.9701232910156,32.78219413757324,79.43951416015625,-1,-1,-1,-1
93,7,4.3086254596710205,333.2305603027344,33.825098752975464,83.9068603515625,-1,-1,-1,-1
96,7,10.753589630126953,332.91461181640625,32.448089599609375,81.31497192382812,-1,-1,-1,-1
97,7,12.372640609741211,336.15887451171875,30.47724723815918,77.7926025390625,-1,-1,-1,-1
98,7,13.78188705444336,330.1056213378906,31.163265228271484,84.78973388671875,-1,-1,-1,-1
99,7,15.754030227661133,327.6925354003906,30.24238395690918,87.34713745117188,-1,-1,-1,-1
100,7,16.937576293945312,328.64306640625,29.880966186523438,85.42730712890625,-1,-1,-1,-1
101,7,20.172588348388672,330.9653015136719,29.370006561279297,83.4351806640625,-1,-1,-1,-1
102,7,19.11814308166504,327.1502685546875,31.4012393951416,87.8018798828125,-1,-1,-1,-1
103,7,25.036739349365234,327.8736267089844,29.38418960571289,86.61712646484375,-1,-1,-1,-1
104,7,25.978111267089844,329.6768493652344,29.350563049316406,83.7340087890625,-1,-1,-1,-1
105,7,28.969270706176758,327.97869873046875,28.057668685913086,80.39242553710938,-1,-1,-1,-1
106,7,29.24750328063965,324.2294006347656,29.15165138244629,83.06353759765625,-1,-1,-1,-1
107,7,29.882265090942383,315.8730163574219,32.93403434753418,90.47418212890625,-1,-1,-1,-1
109,7,35.865440368652344,315.83477783203125,30.140182495117188,88.53292846679688,-1,-1,-1,-1
110,7,37.16902542114258,316.41278076171875,30.249187469482422,87.79718017578125,-1,-1,-1,-1
111,7,36.73938751220703,311.51043701171875,32.429100036621094,91.57290649414062,-1,-1,-1,-1
112,7,38.02207946777344,307.4424743652344,30.673248291015625,96.8194580078125,-1,-1,-1,-1
113,7,41.164710998535156,315.38372802734375,29.851402282714844,88.03741455078125,-1,-1,-1,-1
114,7,43.34281921386719,314.3009338378906,29.191314697265625,87.11099243164062,-1,-1,-1,-1
115,7,45.14710998535156,308.16204833984375,30.47821807861328,91.58810424804688,-1,-1,-1,-1
116,7,45.470821380615234,303.7750244140625,31.962833404541016,95.20547485351562,-1,-1,-1,-1
117,7,46.16790008544922,300.3457336425781,34.751556396484375,97.61935424804688,-1,-1,-1,-1
118,7,49.348388671875,302.4521789550781,32.460174560546875,92.91845703125,-1,-1,-1,-1
119,7,54.364139556884766,308.1561279296875,27.635852813720703,87.614501953125,-1,-1,-1,-1
120,7,55.10140609741211,309.65106201171875,27.266254425048828,85.55874633789062,-1,-1,-1,-1
121,7,56.481998443603516,313.30926513671875,26.854450225830078,82.39544677734375,-1,-1,-1,-1
122,7,56.738834381103516,315.1780090332031,27.555706024169922,80.1666259765625,-1,-1,-1,-1
123,7,56.79569625854492,306.89794921875,28.830326080322266,87.82150268554688,-1,-1,-1,-1
124,7,57.29926681518555,301.27703857421875,30.198665618896484,91.7930908203125,-1,-1,-1,-1
125,7,59.440528869628906,301.7254333496094,28.83631134033203,89.51416015625,-1,-1,-1,-1
126,7,62.388179779052734,303.2116394042969,28.964359283447266,86.1136474609375,-1,-1,-1,-1
127,7,66.30211639404297,304.5838623046875,28.908676147460938,83.73495483398438,-1,-1,-1,-1
128,7,66.64253997802734,306.0694274902344,29.265968322753906,81.61740112304688,-1,-1,-1,-1
129,7,67.7612075805664,296.3868408203125,31.887351989746094,91.28347778320312,-1,-1,-1,-1
130,7,70.4365463256836,299.39697265625,29.209609985351562,86.9002685546875,-1,-1,-1,-1
131,7,74.72228240966797,306.171630859375,25.80231475830078,78.77392578125,-1,-1,-1,-1
132,7,74.44874572753906,304.5518798828125,26.622055053710938,80.6468505859375,-1,-1,-1,-1
133,7,78.90919494628906,305.0731201171875,25.356246948242188,78.34661865234375,-1,-1,-1,-1
134,7,78.18888092041016,304.55865478515625,27.244674682617188,79.19146728515625,-1,-1,-1,-1
135,7,76.42652130126953,295.7661437988281,30.211761474609375,87.76922607421875,-1,-1,-1,-1
136,7,77.66060638427734,294.0995788574219,28.65546417236328,88.47482299804688,-1,-1,-1,-1
137,7,84.55394744873047,301.011474609375,25.545547485351562,81.28384399414062,-1,-1,-1,-1
138,7,83.90298461914062,299.8056335449219,28.084083557128906,82.933349609375,-1,-1,-1,-1
139,7,84.9683837890625,301.5450744628906,27.411903381347656,80.23208618164062,-1,-1,-1,-1
140,7,85.56499481201172,300.7762145996094,27.356605529785156,80.28302001953125,-1,-1,-1,-1
141,7,89.15184783935547,301.65557861328125,26.67902374267578,77.37432861328125,-1,-1,-1,-1
142,7,90.49981689453125,302.6893310546875,25.585350036621094,75.171142578125,-1,-1,-1,-1
143,7,94.13026428222656,302.2274169921875,24.386489868164062,74.82196044921875,-1,-1,-1,-1
144,7,94.57828521728516,301.2730712890625,25.157455444335938,75.13330078125,-1,-1,-1,-1
145,7,95.4104995727539,296.7686767578125,27.986083984375,79.0081787109375,-1,-1,-1,-1
146,7,96.2891845703125,295.5202331542969,27.811004638671875,79.1888427734375,-1,-1,-1,-1
147,7,97.52947998046875,295.36474609375,26.95165252685547,78.3128662109375,-1,-1,-1,-1
148,7,99.38081359863281,295.546142578125,27.108551025390625,77.42398071289062,-1,-1,-1,-1
149,7,100.9243392944336,296.2223205566406,26.735366821289062,75.5755615234375,-1,-1,-1,-1
150,7,102.38150787353516,296.4849548339844,26.252960205078125,74.58627319335938,-1,-1,-1,-1
151,7,103.6823501586914,295.8411865234375,26.56787872314453,74.44482421875,-1,-1,-1,-1
152,7,104.27819061279297,294.38067626953125,26.72278594970703,75.373046875,-1,-1,-1,-1
153,7,106.50959777832031,294.8289489746094,26.519882202148438,73.79891967773438,-1,-1,-1,-1
154,7,107.38851165771484,293.7892761230469,27.53282928466797,74.0528564453125,-1,-1,-1,-1
155,7,108.30078125,292.4093017578125,28.320236206054688,75.453369140625,-1,-1,-1,-1
156,7,109.2647476196289,290.9333801269531,29.16608428955078,76.40695190429688,-1,-1,-1,-1
157,7,111.55712127685547,292.54638671875,27.066551208496094,74.577880859375,-1,-1,-1,-1
158,7,112.14700317382812,292.0637512207031,26.922760009765625,74.93838500976562,-1,-1,-1,-1
159,7,113.57523345947266,290.92340087890625,26.29845428466797,75.9183349609375,-1,-1,-1,-1
160,7,116.55642700195312,289.5207824707031,26.618148803710938,76.49789428710938,-1,-1,-1,-1
161,7,118.4018325805664,291.8347473144531,25.17639923095703,73.76214599609375,-1,-1,-1,-1
162,7,119.44912719726562,290.576171875,25.166534423828125,74.21286010742188,-1,-1,-1,-1
163,7,121.29180145263672,287.6983642578125,26.19965362548828,74.722412109375,-1,-1,-1,-1
164,7,120.89571380615234,286.4444580078125,26.95238494873047,75.41192626953125,-1,-1,-1,-1
165,7,122.16776275634766,286.30499267578125,26.89374542236328,74.60516357421875,-1,-1,-1,-1
166,7,125.1102294921875,285.0554504394531,26.039291381835938,73.32345581054688,-1,-1,-1,-1
167,7,127.74667358398438,284.508056640625,27.454513549804688,71.70852661132812,-1,-1,-1,-1
169,7,130.82589721679688,286.2090759277344,26.786178588867188,69.2803955078125,-1,-1,-1,-1
170,7,131.3844451904297,286.1147766113281,26.792221069335938,69.34060668945312,-1,-1,-1,-1
171,7,133.5090789794922,284.4088134765625,25.816741943359375,70.2803955078125,-1,-1,-1,-1
172,7,134.1427001953125,283.4031066894531,25.67938232421875,71.29702758789062,-1,-1,-1,-1
173,7,135.44764709472656,282.47222900390625,24.912933349609375,71.56439208984375,-1,-1,-1,-1
174,7,136.45164489746094,281.8339538574219,24.874343872070312,71.58499145507812,-1,-1,-1,-1
175,7,137.90505981445312,280.9183654785156,25.7479248046875,71.40963745117188,-1,-1,-1,-1
176,7,138.8191680908203,280.276123046875,25.579818725585938,71.673828125,-1,-1,-1,-1
177,7,140.17652893066406,279.69647216796875,25.21209716796875,71.37738037109375,-1,-1,-1,-1
178,7,140.5875701904297,279.6363220214844,25.409927368164062,71.20565795898438,-1,-1,-1,-1
179,7,141.20303344726562,278.0838623046875,26.169586181640625,72.2496337890625,-1,-1,-1,-1
180,7,141.30418395996094,275.1929016113281,27.767242431640625,75.09033203125,-1,-1,-1,-1
181,7,146.43919372558594,276.7183532714844,26.068313598632812,71.66094970703125,-1,-1,-1,-1
182,7,146.7998046875,276.43939208984375,26.467620849609375,70.6959228515625,-1,-1,-1,-1
183,7,149.13125610351562,273.3514709472656,24.089599609375,71.65957641601562,-1,-1,-1,-1
184,7,150.00653076171875,271.5878601074219,24.143096923828125,73.58010864257812,-1,-1,-1,-1
185,7,152.67713928222656,269.7359619140625,25.5390625,74.87921142578125,-1,-1,-1,-1
186,7,152.6943359375,263.8795471191406,25.752227783203125,79.3717041015625,-1,-1,-1,-1
187,7,152.92030334472656,260.89959716796875,26.553359985351562,81.21624755859375,-1,-1,-1,-1
188,7,153.2428436279297,263.38763427734375,25.803756713867188,78.76654052734375,-1,-1,-1,-1
189,7,153.36593627929688,259.8101501464844,27.14483642578125,82.73519897460938,-1,-1,-1,-1
190,7,154.17845153808594,261.7404479980469,26.735977172851562,80.46023559570312,-1,-1,-1,-1
191,7,156.9195098876953,257.91656494140625,28.616806030273438,81.53729248046875,-1,-1,-1,-1
192,7,156.88076782226562,260.7438049316406,27.864105224609375,78.55789184570312,-1,-1,-1,-1
193,7,159.2156982421875,271.68634033203125,25.0654296875,66.613037109375,-1,-1,-1,-1
194,7,159.97869873046875,268.3602294921875,26.844894409179688,69.636474609375,-1,-1,-1,-1
195,7,160.0811004638672,264.8067932128906,26.701202392578125,72.42578125,-1,-1,-1,-1
196,7,159.90916442871094,263.99078369140625,27.824920654296875,73.51022338867188,-1,-1,-1,-1
197,7,160.16268920898438,262.5762023925781,28.618316650390625,73.7955322265625,-1,-1,-1,-1
198,7,158.76657104492188,252.31431579589844,31.1519775390625,85.23262023925781,-1,-1,-1,-1
200,7,161.25450134277344,257.5971984863281,30.168594360351562,78.04666137695312,-1,-1,-1,-1
91,8,191.05734252929688,452.1285095214844,33.82759094238281,29.871490478515625,-1,-1,-1,-1
95,8,197.66481018066406,449.47576904296875,34.171966552734375,32.52423095703125,-1,-1,-1,-1
110,9,212.91603088378906,434.7238464355469,37.898895263671875,47.276153564453125,-1,-1,-1,-1
116,9,221.23997497558594,432.85687255859375,36.700439453125,49.14312744140625,-1,-1,-1,-1
117,9,223.07261657714844,430.2463684082031,35.63356018066406,51.753631591796875,-1,-1,-1,-1
118,9,223.66709899902344,430.15740966796875,35.64451599121094,51.84259033203125,-1,-1,-1,-1
119,9,224.59014892578125,429.0693359375,35.78179931640625,52.9306640625,-1,-1,-1,-1
120,9,225.7320098876953,428.6506652832031,35.19126892089844,53.349334716796875,-1,-1,-1,-1
121,9,226.9849090576172,427.5904541015625,34.63050842285156,54.4095458984375,-1,-1,-1,-1
122,9,227.9245147705078,427.1460266113281,34.18989562988281,54.853973388671875,-1,-1,-1,-1
123,9,229.3234100341797,425.9309997558594,33.93318176269531,56.069000244140625,-1,-1,-1,-1
124,9,229.4856719970703,426.4454040527344,34.50083923339844,55.554595947265625,-1,-1,-1,-1
125,9,229.9810333251953,426.3231506347656,35.07286071777344,55.676849365234375,-1,-1,-1,-1
126,9,230.3199005126953,425.356689453125,35.79231262207031,56.643310546875,-1,-1,-1,-1
127,9,231.30050659179688,424.62445068359375,35.417205810546875,57.37554931640625,-1,-1,-1,-1
128,9,230.85694885253906,423.4110412597656,35.81886291503906,58.588958740234375,-1,-1,-1,-1
129,9,231.22808837890625,421.4793395996094,35.728851318359375,60.520660400390625,-1,-1,-1,-1
130,9,230.75473022460938,421.1590270996094,36.4827880859375,60.840972900390625,-1,-1,-1,-1
131,9,231.47691345214844,419.4569091796875,36.72819519042969,62.5430908203125,-1,-1,-1,-1
132,9,231.53732299804688,418.7718200683594,36.9127197265625,63.228179931640625,-1,-1,-1,-1
133,9,232.87901306152344,417.4269714355469,36.65528869628906,64.57302856445312,-1,-1,-1,-1
134,9,233.21859741210938,418.3714599609375,36.98077392578125,63.6285400390625,-1,-1,-1,-1
135,9,234.80117797851562,416.9115905761719,35.429901123046875,65.08840942382812,-1,-1,-1,-1
136,9,236.24578857421875,417.1260681152344,34.9813232421875,64.87393188476562,-1,-1,-1,-1
137,9,238.14303588867188,416.7743835449219,33.107696533203125,65.22561645507812,-1,-1,-1,-1
138,9,239.0181121826172,416.56964111328125,33.41011047363281,65.43035888671875,-1,-1,-1,-1
139,9,240.4731903076172,414.5948486328125,33.73149108886719,67.4051513671875,-1,-1,-1,-1
140,9,240.8384246826172,413.3039245605469,35.42308044433594,68.69607543945312,-1,-1,-1,-1
141,9,241.98216247558594,412.2328186035156,35.02153015136719,69.76718139648438,-1,-1,-1,-1
142,9,242.51710510253906,412.39666748046875,35.37315368652344,69.60333251953125,-1,-1,-1,-1
143,9,243.0377960205078,411.3050231933594,35.66731262207031,70.69497680664062,-1,-1,-1,-1
144,9,243.44467163085938,410.10260009765625,36.42236328125,71.89739990234375,-1,-1,-1,-1
145,9,243.19410705566406,409.250732421875,38.04359436035156,72.749267578125,-1,-1,-1,-1
146,9,243.94850158691406,408.3831787109375,37.53791809082031,73.6168212890625,-1,-1,-1,-1
147,9,245.4757843017578,407.4278259277344,37.36149597167969,74.57217407226562,-1,-1,-1,-1
148,9,246.10044860839844,407.7366027832031,36.01167297363281,74.26339721679688,-1,-1,-1,-1
149,9,247.41598510742188,407.04913330078125,35.215667724609375,74.95086669921875,-1,-1,-1,-1
150,9,247.34933471679688,406.5149230957031,35.813690185546875,75.48507690429688,-1,-1,-1,-1
151,9,248.29425048828125,405.1856689453125,36.073974609375,76.8143310546875,-1,-1,-1,-1
152,9,248.09654235839844,404.9457092285156,36.68846130371094,77.05429077148438,-1,-1,-1,-1
153,9,249.11219787597656,403.6188659667969,37.83378601074219,78.38113403320312,-1,-1,-1,-1
154,9,249.67237854003906,401.2989196777344,37.84297180175781,80.70108032226562,-1,-1,-1,-1
155,9,250.8639373779297,400.7713928222656,38.57511901855469,81.22860717773438,-1,-1,-1,-1
156,9,252.3369140625,401.1201171875,37.89202880859375,80.8798828125,-1,-1,-1,-1
157,9,253.64161682128906,399.81427001953125,38.98551940917969,82.18572998046875,-1,-1,-1,-1
158,9,255.8743438720703,399.9494934082031,37.74256896972656,82.05050659179688,-1,-1,-1,-1
159,9,257.6506042480469,398.3212585449219,36.986328125,83.67874145507812,-1,-1,-1,-1
160,9,258.5550842285156,398.06268310546875,37.76629638671875,83.93731689453125,-1,-1,-1,-1
161,9,259.7218933105469,397.2081298828125,37.5386962890625,84.7918701171875,-1,-1,-1,-1
162,9,260.5893249511719,397.383544921875,36.330169677734375,84.616455078125,-1,-1,-1,-1
163,9,261.65509033203125,398.4685363769531,37.60955810546875,83.53146362304688,-1,-1,-1,-1
164,9,263.2501525878906,395.7798767089844,37.098480224609375,86.22012329101562,-1,-1,-1,-1
165,9,263.9688720703125,394.0816955566406,38.26019287109375,87.91830444335938,-1,-1,-1,-1
166,9,264.5628356933594,393.22589111328125,38.20733642578125,88.77410888671875,-1,-1,-1,-1
167,9,265.3305969238281,392.2762756347656,38.255706787109375,89.72372436523438,-1,-1,-1,-1
168,9,266.2710266113281,392.2588195800781,37.39990234375,89.74118041992188,-1,-1,-1,-1
169,9,267.22100830078125,391.69903564453125,36.94549560546875,90.30096435546875,-1,-1,-1,-1
170,9,267.93963623046875,391.1323547363281,36.78900146484375,90.86764526367188,-1,-1,-1,-1
171,9,268.91998291015625,390.0643005371094,36.452056884765625,91.93569946289062,-1,-1,-1,-1
172,9,269.28582763671875,389.9783630371094,36.429412841796875,92.02163696289062,-1,-1,-1,-1
173,9,270.31268310546875,389.67388916015625,36.32086181640625,92.32611083984375,-1,-1,-1,-1
174,9,271.4913635253906,389.2328186035156,35.9749755859375,92.76718139648438,-1,-1,-1,-1
175,9,272.81414794921875,389.47900390625,35.72613525390625,92.52099609375,-1,-1,-1,-1
176,9,273.838623046875,388.9697570800781,35.560638427734375,93.03024291992188,-1,-1,-1,-1
177,9,275.051025390625,387.6709289550781,35.256439208984375,94.32907104492188,-1,-1,-1,-1
178,9,276.16650390625,387.3118591308594,34.773223876953125,94.68814086914062,-1,-1,-1,-1
179,9,277.1210632324219,387.0208740234375,34.976837158203125,94.9791259765625,-1,-1,-1,-1
180,9,278.35137939453125,386.9753112792969,34.304931640625,95.02468872070312,-1,-1,-1,-1
181,9,279.5122985839844,385.4460144042969,34.684295654296875,96.55398559570312,-1,-1,-1,-1
182,9,280.4972839355469,384.0391540527344,34.983001708984375,97.96084594726562,-1,-1,-1,-1
183,9,281.972412109375,382.87548828125,34.600311279296875,99.12451171875,-1,-1,-1,-1
184,9,282.6246643066406,382.0107727050781,34.51495361328125,99.98922729492188,-1,-1,-1,-1
185,9,284.3946838378906,381.43212890625,34.150634765625,99.25491333007812,-1,-1,-1,-1
186,9,285.4134826660156,380.7725830078125,33.8675537109375,99.53390502929688,-1,-1,-1,-1
187,9,286.39178466796875,379.8458251953125,33.925872802734375,99.46957397460938,-1,-1,-1,-1
188,9,287.2522277832031,379.3089904785156,33.94049072265625,98.84072875976562,-1,-1,-1,-1
189,9,287.9129638671875,378.46051025390625,34.079559326171875,99.3060302734375,-1,-1,-1,-1
190,9,288.34716796875,377.8013916015625,34.713775634765625,99.845703125,-1,-1,-1,-1
191,9,288.9715881347656,377.4156494140625,34.425262451171875,99.29013061523438,-1,-1,-1,-1
192,9,289.4346008300781,376.9602966308594,34.773468017578125,99.08892822265625,-1,-1,-1,-1
193,9,289.8691101074219,376.3526306152344,35.423736572265625,98.8382568359375,-1,-1,-1,-1
194,9,290.0068664550781,375.4207763671875,35.12152099609375,99.50137329101562,-1,-1,-1,-1
195,9,289.88818359375,374.3201904296875,35.334228515625,100.17837524414062,-1,-1,-1,-1
196,9,290.12646484375,373.64453125,34.949859619140625,100.03884887695312,-1,-1,-1,-1
197,9,291.1484069824219,373.50213623046875,33.75213623046875,98.11328125,-1,-1,-1,-1
198,9,291.4581298828125,372.746826171875,33.748046875,97.0516357421875,-1,-1,-1,-1
199,9,292.87506103515625,372.39520263671875,32.808807373046875,96.16104125976562,-1,-1,-1,-1
200,9,294.024658203125,371.73028564453125,32.663177490234375,96.14541625976562,-1,-1,-1,-1
128,10,458.7550964355469,420.5222473144531,32.34075927734375,61.477752685546875,-1,-1,-1,-1
130,10,457.00885009765625,419.7066345214844,32.528717041015625,62.293365478515625,-1,-1,-1,-1
131,10,455.89117431640625,418.0792541503906,34.04290771484375,63.920745849609375,-1,-1,-1,-1
132,10,455.7282409667969,416.98333740234375,33.5477294921875,65.01666259765625,-1,-1,-1,-1
134,10,452.32958984375,412.2054748535156,36.608734130859375,69.79452514648438,-1,-1,-1,-1
135,10,449.6163024902344,411.42388916015625,39.57562255859375,70.57611083984375,-1,-1,-1,-1
136,10,449.5348205566406,410.881103515625,38.8648681640625,71.118896484375,-1,-1,-1,-1
137,10,447.5866394042969,411.0630187988281,39.92608642578125,70.93698120117188,-1,-1,-1,-1
138,10,448.2125244140625,410.24298095703125,39.254852294921875,71.75701904296875,-1,-1,-1,-1
139,10,447.6615905761719,410.8640441894531,38.787353515625,71.13595581054688,-1,-1,-1,-1
140,10,446.4255676269531,411.25701904296875,39.66339111328125,70.74298095703125,-1,-1,-1,-1
141,10,444.650146484375,410.3801574707031,40.42340087890625,71.61984252929688,-1,-1,-1,-1
142,10,443.4675598144531,410.0063171386719,40.750732421875,71.99368286132812,-1,-1,-1,-1
143,10,442.3395690917969,404.9813537597656,41.069854736328125,77.01864624023438,-1,-1,-1,-1
144,10,441.5871276855469,405.5086364746094,40.989715576171875,76.49136352539062,-1,-1,-1,-1
145,10,440.2129821777344,403.8804016113281,41.08221435546875,78.11959838867188,-1,-1,-1,-1
146,10,441.8180236816406,403.3812561035156,38.92779541015625,78.61874389648438,-1,-1,-1,-1
147,10,439.2653503417969,403.0824279785156,40.270172119140625,78.91757202148438,-1,-1,-1,-1
148,10,438.6217956542969,402.1804504394531,39.9886474609375,79.81954956054688,-1,-1,-1,-1
149,10,438.6647644042969,402.7369689941406,39.39654541015625,79.26303100585938,-1,-1,-1,-1
150,10,438.93365478515625,402.5369873046875,38.602630615234375,79.4630126953125,-1,-1,-1,-1
151,10,439.42218017578125,401.09765625,37.23291015625,80.90234375,-1,-1,-1,-1
152,10,439.12591552734375,400.8310546875,35.87347412109375,81.1689453125,-1,-1,-1,-1
153,10,441.3279113769531,398.7669982910156,32.91314697265625,83.23300170898438,-1,-1,-1,-1
154,10,439.3637390136719,397.1676940917969,34.09881591796875,84.83230590820312,-1,-1,-1,-1
155,10,438.0413513183594,396.1423034667969,34.34906005859375,85.85769653320312,-1,-1,-1,-1
156,10,437.0768127441406,395.10968017578125,34.6881103515625,86.89031982421875,-1,-1,-1,-1
157,10,437.8678283691406,394.77117919921875,33.58349609375,87.22882080078125,-1,-1,-1,-1
158,10,436.47760009765625,394.3707275390625,34.661163330078125,87.6292724609375,-1,-1,-1,-1
159,10,432.9683837890625,393.6368103027344,37.6090087890625,88.36318969726562,-1,-1,-1,-1
160,10,432.4309387207031,393.1854248046875,37.8140869140625,88.8145751953125,-1,-1,-1,-1
161,10,431.8847961425781,392.60498046875,38.135406494140625,89.39501953125,-1,-1,-1,-1
162,10,433.2123718261719,391.9015197753906,37.01531982421875,90.09848022460938,-1,-1,-1,-1
163,10,433.9378967285156,390.2057189941406,36.2252197265625,91.76345825195312,-1,-1,-1,-1
164,10,432.4825744628906,389.5165710449219,36.5880126953125,90.2620849609375,-1,-1,-1,-1
165,10,433.3468933105469,388.2117919921875,34.265350341796875,89.44039916992188,-1,-1,-1,-1
166,10,432.30609130859375,387.2105407714844,34.37249755859375,90.50253295898438,-1,-1,-1,-1
167,10,431.3089904785156,386.5863952636719,34.18817138671875,90.7908935546875,-1,-1,-1,-1
168,10,430.1661071777344,386.0463562011719,34.4984130859375,91.12261962890625,-1,-1,-1,-1
169,10,428.0938415527344,385.1856384277344,35.5123291015625,91.65869140625,-1,-1,-1,-1
170,10,428.15625,384.4444580078125,34.791107177734375,92.0194091796875,-1,-1,-1,-1
171,10,426.86810302734375,383.405029296875,35.159271240234375,91.90255737304688,-1,-1,-1,-1
172,10,426.28466796875,382.86529541015625,35.31182861328125,91.9144287109375,-1,-1,-1,-1
173,10,425.8522644042969,381.70068359375,34.519744873046875,91.59939575195312,-1,-1,-1,-1
174,10,425.51055908203125,380.7032470703125,33.93695068359375,91.745849609375,-1,-1,-1,-1
175,10,424.8634033203125,378.44842529296875,33.195709228515625,91.15682983398438,-1,-1,-1,-1
176,10,424.3863830566406,377.6169738769531,32.443817138671875,90.2044677734375,-1,-1,-1,-1
177,10,422.625,377.30096435546875,32.4036865234375,89.53048706054688,-1,-1,-1,-1
178,10,421.8459167480469,377.2697448730469,32.5150146484375,89.81353759765625,-1,-1,-1,-1
179,10,420.72393798828125,377.18255615234375,32.739776611328125,89.11679077148438,-1,-1,-1,-1
180,10,420.3526916503906,377.0193176269531,32.4332275390625,88.6119384765625,-1,-1,-1,-1
181,10,419.8721618652344,376.8479309082031,31.913330078125,88.29312133789062,-1,-1,-1,-1
182,10,419.2994689941406,376.17279052734375,31.90887451171875,88.94943237304688,-1,-1,-1,-1
183,10,418.3234558105469,374.8583068847656,32.543731689453125,88.54412841796875,-1,-1,-1,-1
184,10,417.7183532714844,373.57952880859375,32.819427490234375,89.45950317382812,-1,-1,-1,-1
185,10,416.9804382324219,371.4836730957031,32.999969482421875,89.660400390625,-1,-1,-1,-1
186,10,416.3217468261719,370.39178466796875,32.017333984375,88.79995727539062,-1,-1,-1,-1
187,10,414.1659851074219,369.2576904296875,31.18902587890625,89.0809326171875,-1,-1,-1,-1
188,10,413.58343505859375,368.8883361816406,31.1929931640625,89.216064453125,-1,-1,-1,-1
189,10,411.9886779785156,368.39105224609375,32.20703125,89.943359375,-1,-1,-1,-1
190,10,410.5221862792969,368.259033203125,32.657379150390625,89.8232421875,-1,-1,-1,-1
191,10,409.2009582519531,367.9405212402344,31.870697021484375,89.48284912109375,-1,-1,-1,-1
192,10,408.6362609863281,367.6952209472656,31.68701171875,89.3651123046875,-1,-1,-1,-1
193,10,407.3669738769531,365.8245849609375,31.479736328125,90.16387939453125,-1,-1,-1,-1
194,10,406.5974426269531,364.442138671875,31.06658935546875,90.80291748046875,-1,-1,-1,-1
195,10,404.6441650390625,362.4771728515625,29.829010009765625,89.54556274414062,-1,-1,-1,-1
196,10,404.4237976074219,361.62432861328125,29.708892822265625,89.02978515625,-1,-1,-1,-1
197,10,403.422119140625,360.45013427734375,30.372222900390625,87.83602905273438,-1,-1,-1,-1
198,10,402.8007507324219,359.941650390625,30.9193115234375,87.85836791992188,-1,-1,-1,-1
199,10,401.678466796875,359.4778137207031,31.474090576171875,88.18246459960938,-1,-1,-1,-1
200,10,401.3014221191406,359.4952087402344,31.44488525390625,88.42803955078125,-1,-1,-1,-1
133,11,1.0,366.91033935546875,28.417701721191406,105.79058837890625,-1,-1,-1,-1
134,11,1.0,367.3832092285156,27.810148239135742,105.20584106445312,-1,-1,-1,-1
135,11,1.0,368.2916259765625,29.25344467163086,102.49575805664062,-1,-1,-1,-1
136,11,1.0,368.2787780761719,30.172382354736328,100.923828125,-1,-1,-1,-1
137,11,1.0,368.21441650390625,30.955015182495117,99.13763427734375,-1,-1,-1,-1
138,11,1.0,367.5078430175781,31.86350440979004,99.84786987304688,-1,-1,-1,-1
139,11,1.0,365.9935607910156,32.80461120605469,101.14566040039062,-1,-1,-1,-1
140,11,1.0,366.2144470214844,33.76742172241211,100.9576416015625,-1,-1,-1,-1
141,11,1.0,365.5658264160156,35.8450927734375,101.41278076171875,-1,-1,-1,-1
142,11,1.0,363.97918701171875,35.64366912841797,103.75540161132812,-1,-1,-1,-1
143,11,3.2372846603393555,364.13812255859375,34.69340229034424,101.19546508789062,-1,-1,-1,-1
144,11,1.5173416137695312,362.3477478027344,36.12141036987305,102.79461669921875,-1,-1,-1,-1
145,11,3.373516082763672,362.66912841796875,35.63444519042969,101.38327026367188,-1,-1,-1,-1
146,11,4.488900899887085,358.6648254394531,36.15554642677307,104.88827514648438,-1,-1,-1,-1
147,11,6.167991638183594,358.29425048828125,37.52298355102539,106.04043579101562,-1,-1,-1,-1
148,11,6.921885013580322,357.3601379394531,37.58577489852905,106.56967163085938,-1,-1,-1,-1
149,11,8.02223253250122,356.18206787109375,38.42253828048706,107.26153564453125,-1,-1,-1,-1
150,11,8.435056209564209,355.8673095703125,38.7871880531311,107.01434326171875,-1,-1,-1,-1
151,11,9.49953842163086,352.3885498046875,39.099788665771484,109.58969116210938,-1,-1,-1,-1
152,11,10.390240669250488,354.3583984375,38.432127952575684,105.85287475585938,-1,-1,-1,-1
153,11,11.3780517578125,354.77032470703125,38.904788970947266,103.70050048828125,-1,-1,-1,-1
154,11,13.87922477722168,356.23968505859375,36.36659812927246,101.53317260742188,-1,-1,-1,-1
155,11,15.932055473327637,355.738525390625,35.61984729766846,100.06906127929688,-1,-1,-1,-1
156,11,18.25136375427246,354.7782287597656,35.41924476623535,99.55535888671875,-1,-1,-1,-1
157,11,19.073219299316406,354.1554260253906,36.9266357421875,99.41787719726562,-1,-1,-1,-1
158,11,18.681373596191406,353.34771728515625,38.3787727355957,100.24981689453125,-1,-1,-1,-1
159,11,20.472471237182617,352.00982666015625,38.311933517456055,101.5728759765625,-1,-1,-1,-1
160,11,22.238121032714844,350.52362060546875,39.6894645690918,103.07830810546875,-1,-1,-1,-1
161,11,23.792884826660156,349.571533203125,40.00320053100586,103.453369140625,-1,-1,-1,-1
162,11,24.848655700683594,349.1705322265625,40.69322967529297,103.70004272460938,-1,-1,-1,-1
163,11,27.20469856262207,349.63140869140625,39.92524528503418,102.44497680664062,-1,-1,-1,-1
164,11,27.929061889648438,349.5837097167969,40.20979309082031,101.40310668945312,-1,-1,-1,-1
165,11,29.442806243896484,349.60943603515625,38.9735221862793,100.01333618164062,-1,-1,-1,-1
166,11,31.599895477294922,350.0682067871094,37.121097564697266,98.63330078125,-1,-1,-1,-1
167,11,34.19143295288086,347.2158203125,37.084102630615234,100.34066772460938,-1,-1,-1,-1
168,11,35.74406814575195,346.0911560058594,36.14542770385742,100.98526000976562,-1,-1,-1,-1
169,11,39.12763977050781,345.5941162109375,33.36475372314453,100.02029418945312,-1,-1,-1,-1
170,11,40.46368408203125,344.353271484375,33.74616241455078,101.11447143554688,-1,-1,-1,-1
171,11,41.71427917480469,342.302734375,32.950416564941406,101.99002075195312,-1,-1,-1,-1
172,11,43.68215560913086,340.7882385253906,32.759212493896484,103.01171875,-1,-1,-1,-1
173,11,45.13328170776367,338.0563049316406,35.0708122253418,106.29107666015625,-1,-1,-1,-1
174,11,46.28025436401367,338.4444274902344,34.51811599731445,105.43771362304688,-1,-1,-1,-1
175,11,46.77793884277344,336.2859802246094,35.33147430419922,107.11752319335938,-1,-1,-1,-1
176,11,47.8033447265625,332.18377685546875,34.92871856689453,109.95758056640625,-1,-1,-1,-1
177,11,49.6940803527832,331.3462219238281,34.77959060668945,110.26022338867188,-1,-1,-1,-1
178,11,50.914833068847656,328.5373229980469,34.214744567871094,112.01025390625,-1,-1,-1,-1
179,11,53.16617202758789,334.5037841796875,32.78371810913086,105.44351196289062,-1,-1,-1,-1
180,11,54.64176559448242,336.77587890625,32.2330207824707,102.12579345703125,-1,-1,-1,-1
181,11,56.23509979248047,329.9552917480469,34.49041748046875,106.77255249023438,-1,-1,-1,-1
182,11,56.419742584228516,323.4649353027344,35.83382797241211,112.02951049804688,-1,-1,-1,-1
183,11,56.89979934692383,324.6300048828125,37.03578567504883,109.29464721679688,-1,-1,-1,-1
184,11,57.64103317260742,324.7188415527344,38.100337982177734,109.26675415039062,-1,-1,-1,-1
185,11,60.47468185424805,324.0506896972656,37.50008010864258,109.55282592773438,-1,-1,-1,-1
186,11,61.03402328491211,324.5141296386719,38.0721549987793,109.0179443359375,-1,-1,-1,-1
187,11,62.132408142089844,323.1661682128906,39.99494934082031,110.07989501953125,-1,-1,-1,-1
188,11,62.92953872680664,326.218994140625,39.43019485473633,106.4903564453125,-1,-1,-1,-1
189,11,64.3264274597168,319.97833251953125,39.66475296020508,111.576904296875,-1,-1,-1,-1
190,11,66.12188720703125,325.4814453125,38.22858428955078,104.58334350585938,-1,-1,-1,-1
191,11,70.0420150756836,330.125732421875,36.4979248046875,98.85794067382812,-1,-1,-1,-1
192,11,69.7005615234375,327.350341796875,37.32362365722656,101.76004028320312,-1,-1,-1,-1
193,11,72.94673156738281,327.5926513671875,35.740966796875,100.86593627929688,-1,-1,-1,-1
194,11,74.29119873046875,327.34686279296875,34.439292907714844,100.71734619140625,-1,-1,-1,-1
195,11,75.18743896484375,325.306396484375,35.01524353027344,101.812744140625,-1,-1,-1,-1
196,11,75.34696960449219,324.20343017578125,35.45671081542969,101.49188232421875,-1,-1,-1,-1
197,11,78.65858459472656,322.7998962402344,34.061485290527344,102.17645263671875,-1,-1,-1,-1
198,11,78.58585357666016,320.4589538574219,35.11932373046875,104.24630737304688,-1,-1,-1,-1
199,11,80.24534606933594,321.1364440917969,33.88959503173828,102.92544555664062,-1,-1,-1,-1
200,11,79.91209411621094,319.23236083984375,35.51921081542969,105.37051391601562,-1,-1,-1,-1
139,12,142.16566467285156,247.81594848632812,27.339752197265625,81.08065795898438,-1,-1,-1,-1
141,12,142.20553588867188,240.78976440429688,28.651107788085938,87.80868530273438,-1,-1,-1,-1
142,12,141.43312072753906,232.24365234375,31.5755615234375,97.41485595703125,-1,-1,-1,-1
143,12,144.88211059570312,235.2274932861328,30.667251586914062,93.39463806152344,-1,-1,-1,-1
144,12,146.11219787597656,237.60523986816406,29.950546264648438,90.52262878417969,-1,-1,-1,-1
145,12,149.6402587890625,244.8865203857422,28.949356079101562,83.92863464355469,-1,-1,-1,-1
146,12,150.5162811279297,246.73580932617188,29.087738037109375,81.85220336914062,-1,-1,-1,-1
147,12,151.39340209960938,243.5764923095703,29.454757690429688,84.27210998535156,-1,-1,-1,-1
148,12,154.80491638183594,240.08349609375,28.491897583007812,86.8260498046875,-1,-1,-1,-1
152,12,160.72900390625,237.49876403808594,29.316787719726562,86.13468933105469,-1,-1,-1,-1
153,12,162.44451904296875,238.61135864257812,28.496292114257812,84.43161010742188,-1,-1,-1,-1
154,12,162.8284149169922,238.73731994628906,28.5654296875,84.84617614746094,-1,-1,-1,-1
155,12,164.39727783203125,240.4627227783203,27.3843994140625,83.33085632324219,-1,-1,-1,-1
156,12,164.65452575683594,237.0860137939453,28.341018676757812,87.27058410644531,-1,-1,-1,-1
157,12,165.52362060546875,233.36712646484375,29.270538330078125,90.99798583984375,-1,-1,-1,-1
158,12,165.8375701904297,232.9738311767578,29.633346557617188,92.04838562011719,-1,-1,-1,-1
159,12,168.0518341064453,233.7371063232422,29.27386474609375,88.80912780761719,-1,-1,-1,-1
160,12,169.29786682128906,235.9761962890625,28.159927368164062,85.34320068359375,-1,-1,-1,-1
161,12,169.86508178710938,235.6988983154297,27.900543212890625,84.86152648925781,-1,-1,-1,-1
166,12,180.7422637939453,236.5770721435547,26.85589599609375,80.70811462402344,-1,-1,-1,-1
167,12,182.21385192871094,240.72300720214844,26.106170654296875,76.98057556152344,-1,-1,-1,-1
168,12,182.33712768554688,238.85333251953125,28.73345947265625,78.89584350585938,-1,-1,-1,-1
169,12,183.1299285888672,239.23025512695312,27.826705932617188,77.387939453125,-1,-1,-1,-1
170,12,183.703857421875,239.52120971679688,27.224761962890625,76.38357543945312,-1,-1,-1,-1
171,12,185.21707153320312,236.2731475830078,27.117355346679688,77.98591613769531,-1,-1,-1,-1
172,12,188.64834594726562,237.760986328125,25.219985961914062,75.71652221679688,-1,-1,-1,-1
173,12,191.86080932617188,237.8690185546875,25.066513061523438,75.11557006835938,-1,-1,-1,-1
174,12,192.2353973388672,235.33872985839844,25.47369384765625,77.98387145996094,-1,-1,-1,-1
175,12,192.5735321044922,234.95753479003906,25.5029296875,78.73841857910156,-1,-1,-1,-1
176,12,192.82562255859375,233.52952575683594,25.839462280273438,80.08750915527344,-1,-1,-1,-1
177,12,192.8838653564453,232.4181365966797,26.744476318359375,81.23872375488281,-1,-1,-1,-1
178,12,193.16696166992188,233.293701171875,26.762908935546875,80.30978393554688,-1,-1,-1,-1
179,12,194.56895446777344,232.44810485839844,26.121337890625,80.46925354003906,-1,-1,-1,-1
180,12,194.89830017089844,230.3387908935547,26.830795288085938,81.77827453613281,-1,-1,-1,-1
181,12,198.84263610839844,229.29010009765625,25.78466796875,81.414306640625,-1,-1,-1,-1
182,12,198.0498046875,226.6405792236328,27.720977783203125,83.55723571777344,-1,-1,-1,-1
183,12,199.65748596191406,228.45758056640625,26.737274169921875,79.11614990234375,-1,-1,-1,-1
184,12,199.96803283691406,228.8602294921875,26.494766235351562,78.38589477539062,-1,-1,-1,-1
190,12,210.55201721191406,227.85845947265625,26.5909423828125,76.33358764648438,-1,-1,-1,-1
191,12,211.08790588378906,225.16525268554688,26.098953247070312,80.07809448242188,-1,-1,-1,-1
192,12,209.39015197753906,219.63194274902344,27.8218994140625,86.34291076660156,-1,-1,-1,-1
193,12,211.61923217773438,226.92098999023438,26.212677001953125,78.69442749023438,-1,-1,-1,-1
194,12,212.04037475585938,220.96783447265625,27.394699096679688,84.69012451171875,-1,-1,-1,-1
197,12,216.32803344726562,220.02798461914062,28.278793334960938,83.18295288085938,-1,-1,-1,-1
198,12,216.40708923339844,218.13551330566406,27.757247924804688,85.00190734863281,-1,-1,-1,-1
199,12,216.82456970214844,218.48989868164062,28.209365844726562,84.75274658203125,-1,-1,-1,-1
200,12,216.65847778320312,217.66162109375,28.589019775390625,85.50564575195312,-1,-1,-1,-1
