1,1,339.1177062988281,237.77182006835938,26.350128173828125,75.20236206054688,-1,-1,-1,-1
2,1,338.56500244140625,238.64060974121094,26.514434814453125,74.08406066894531,-1,-1,-1,-1
3,1,335.7523193359375,239.311279296875,27.3624267578125,75.30575561523438,-1,-1,-1,-1
4,1,335.4832763671875,239.4916534423828,26.734161376953125,75.39942932128906,-1,-1,-1,-1
5,1,334.3249816894531,239.31895446777344,26.497802734375,75.82325744628906,-1,-1,-1,-1
6,1,333.59857177734375,239.21401977539062,26.39935302734375,76.14846801757812,-1,-1,-1,-1
7,1,332.8564453125,239.35043334960938,25.99652099609375,76.3260498046875,-1,-1,-1,-1
8,1,332.236328125,239.9170684814453,25.690673828125,76.41908264160156,-1,-1,-1,-1
9,1,331.0773620605469,241.00955200195312,25.15167236328125,75.81246948242188,-1,-1,-1,-1
10,1,330.20855712890625,241.9042205810547,25.280517578125,75.68666076660156,-1,-1,-1,-1
11,1,327.9504699707031,243.183837890625,25.42010498046875,75.55572509765625,-1,-1,-1,-1
12,1,327.5172424316406,243.8017120361328,25.28936767578125,75.40333557128906,-1,-1,-1,-1
13,1,326.47735595703125,244.32907104492188,25.58087158203125,75.38308715820312,-1,-1,-1,-1
14,1,325.5103759765625,244.4977569580078,25.76763916015625,75.59471130371094,-1,-1,-1,-1
15,1,323.4993591308594,244.21861267089844,26.499542236328125,76.18431091308594,-1,-1,-1,-1
16,1,322.178955078125,244.2639923095703,27.064544677734375,76.76432800292969,-1,-1,-1,-1
17,1,319.97637939453125,244.54823303222656,27.688720703125,77.07463073730469,-1,-1,-1,-1
18,1,317.6820068359375,244.8302459716797,28.4649658203125,77.45042419433594,-1,-1,-1,-1
19,1,313.1557312011719,246.053955078125,30.916351318359375,76.6649169921875,-1,-1,-1,-1
20,1,312.3587341308594,246.82086181640625,30.99993896484375,75.7691650390625,-1,-1,-1,-1
21,1,312.23333740234375,248.0469512939453,30.230682373046875,74.99928283691406,-1,-1,-1,-1
22,1,312.2891540527344,248.8375701904297,29.13775634765625,74.63697814941406,-1,-1,-1,-1
23,1,311.43597412109375,248.9827880859375,28.15570068359375,75.0234375,-1,-1,-1,-1
24,1,310.46588134765625,248.9829559326172,27.824798583984375,75.77043151855469,-1,-1,-1,-1
25,1,308.02825927734375,248.26014709472656,27.9622802734375,76.87236022949219,-1,-1,-1,-1
26,1,307.7955017089844,248.34327697753906,27.19036865234375,77.11485290527344,-1,-1,-1,-1
27,1,305.9524230957031,248.58251953125,26.8321533203125,77.37753295898438,-1,-1,-1,-1
28,1,305.46661376953125,249.00123596191406,26.719512939453125,78.15782165527344,-1,-1,-1,-1
29,1,303.14251708984375,249.98341369628906,27.579376220703125,78.52140808105469,-1,-1,-1,-1
30,1,302.62847900390625,251.29795837402344,27.34307861328125,77.22071838378906,-1,-1,-1,-1
31,1,299.8577880859375,253.06346130371094,26.914520263671875,75.93220520019531,-1,-1,-1,-1
32,1,299.4343566894531,253.31556701660156,26.676422119140625,75.61054992675781,-1,-1,-1,-1
33,1,297.2598876953125,253.61659240722656,27.35870361328125,76.36112976074219,-1,-1,-1,-1
34,1,296.4031066894531,253.4727020263672,27.322723388671875,77.00752258300781,-1,-1,-1,-1
35,1,292.8756408691406,252.68479919433594,28.716156005859375,78.19236755371094,-1,-1,-1,-1
36,1,292.2371826171875,252.1688995361328,28.9390869140625,78.93458557128906,-1,-1,-1,-1
37,1,289.69268798828125,251.9048614501953,29.66265869140625,79.85923767089844,-1,-1,-1,-1
38,1,286.3277587890625,250.25547790527344,31.566986083984375,82.69068908691406,-1,-1,-1,-1
39,1,282.6459655761719,248.1028289794922,33.752044677734375,85.85545349121094,-1,-1,-1,-1
40,1,280.696533203125,244.59735107421875,35.18365478515625,89.60537719726562,-1,-1,-1,-1
41,1,279.93603515625,243.18992614746094,33.995208740234375,91.08723449707031,-1,-1,-1,-1
42,1,278.4864196777344,239.10470581054688,35.326904296875,95.10964965820312,-1,-1,-1,-1
43,1,276.7752380371094,230.40870666503906,35.92938232421875,104.84959411621094,-1,-1,-1,-1
44,1,276.3789978027344,223.41477966308594,35.795257568359375,114.19664001464844,-1,-1,-1,-1
45,1,276.738037109375,223.29977416992188,35.06988525390625,114.30056762695312,-1,-1,-1,-1
46,1,276.4745788574219,223.02757263183594,35.49853515625,114.36119079589844,-1,-1,-1,-1
47,1,276.6321105957031,234.3289337158203,34.278411865234375,100.44432067871094,-1,-1,-1,-1
48,1,276.0880432128906,247.0796661376953,31.7562255859375,89.92100524902344,-1,-1,-1,-1
49,1,274.5799865722656,258.38897705078125,28.14923095703125,81.73028564453125,-1,-1,-1,-1
50,1,274.3851623535156,259.83392333984375,26.925811767578125,80.04464721679688,-1,-1,-1,-1
51,1,272.75360107421875,260.940673828125,26.588775634765625,79.28640747070312,-1,-1,-1,-1
52,1,272.1980285644531,261.4691467285156,26.51983642578125,79.74716186523438,-1,-1,-1,-1
53,1,270.5590515136719,263.0546875,25.1776123046875,78.51318359375,-1,-1,-1,-1
54,1,269.7717590332031,263.1993713378906,25.380279541015625,79.3681640625,-1,-1,-1,-1
55,1,267.98907470703125,263.20697021484375,26.672576904296875,81.00808715820312,-1,-1,-1,-1
56,1,267.08160400390625,263.0894775390625,27.129547119140625,81.6221923828125,-1,-1,-1,-1
57,1,264.2665710449219,262.72845458984375,28.7388916015625,82.23886108398438,-1,-1,-1,-1
58,1,263.1065368652344,263.1500244140625,28.655487060546875,82.054443359375,-1,-1,-1,-1
59,1,258.3382263183594,264.34710693359375,31.304931640625,82.54132080078125,-1,-1,-1,-1
60,1,255.6926727294922,264.4905090332031,33.33375549316406,82.68853759765625,-1,-1,-1,-1
61,1,255.35643005371094,266.3890380859375,31.784896850585938,80.46444702148438,-1,-1,-1,-1
62,1,255.0865020751953,266.9825744628906,31.301437377929688,80.27301025390625,-1,-1,-1,-1
63,1,254.24855041503906,268.0903625488281,30.025985717773438,80.15078735351562,-1,-1,-1,-1
64,1,253.6381072998047,268.2824401855469,29.885787963867188,80.21151733398438,-1,-1,-1,-1
65,1,251.85043334960938,268.07330322265625,29.040435791015625,80.95404052734375,-1,-1,-1,-1
66,1,251.0180206298828,268.1077575683594,28.426193237304688,81.22164916992188,-1,-1,-1,-1
67,1,248.3994598388672,268.34588623046875,28.581710815429688,81.99850463867188,-1,-1,-1,-1
68,1,248.0258026123047,268.7991638183594,27.989761352539062,82.07412719726562,-1,-1,-1,-1
69,1,246.66883850097656,269.2345886230469,28.415756225585938,82.9791259765625,-1,-1,-1,-1
70,1,245.9318389892578,270.5088195800781,28.685806274414062,82.11941528320312,-1,-1,-1,-1
71,1,243.8578338623047,272.26837158203125,28.624069213867188,80.21353149414062,-1,-1,-1,-1
72,1,242.2486572265625,272.7361145019531,28.26824951171875,79.75869750976562,-1,-1,-1,-1
73,1,240.69688415527344,273.5912780761719,27.492904663085938,78.86898803710938,-1,-1,-1,-1
74,1,239.56130981445312,274.17633056640625,27.287322998046875,79.41094970703125,-1,-1,-1,-1
75,1,237.3689727783203,274.4602355957031,28.286056518554688,80.81979370117188,-1,-1,-1,-1
76,1,236.3701629638672,274.32611083984375,28.767654418945312,81.2100830078125,-1,-1,-1,-1
77,1,232.53565979003906,274.4638977050781,29.125595092773438,80.96142578125,-1,-1,-1,-1
78,1,231.7813262939453,274.1676025390625,29.194839477539062,81.98583984375,-1,-1,-1,-1
79,1,226.70574951171875,274.64788818359375,31.695159912109375,82.5831298828125,-1,-1,-1,-1
80,1,224.208740234375,274.83111572265625,33.133880615234375,83.02694702148438,-1,-1,-1,-1
81,1,222.9140625,275.61712646484375,33.67289733886719,82.39309692382812,-1,-1,-1,-1
82,1,222.33975219726562,276.1105651855469,33.35264587402344,82.24154663085938,-1,-1,-1,-1
83,1,220.80128479003906,277.0186462402344,33.04377746582031,82.782958984375,-1,-1,-1,-1
84,1,219.89300537109375,277.39990234375,32.69599914550781,82.686279296875,-1,-1,-1,-1
85,1,217.52023315429688,276.1947326660156,31.951126098632812,84.3870849609375,-1,-1,-1,-1
86,1,217.09600830078125,274.45281982421875,30.484268188476562,86.83267211914062,-1,-1,-1,-1
87,1,215.63380432128906,270.87554931640625,30.803558349609375,91.55780029296875,-1,-1,-1,-1
88,1,215.30870056152344,273.73455810546875,29.729324340820312,89.33248901367188,-1,-1,-1,-1
89,1,211.5231475830078,275.6111145019531,29.396209716796875,89.65573120117188,-1,-1,-1,-1
90,1,211.1803741455078,276.026611328125,29.363357543945312,89.50338745117188,-1,-1,-1,-1
91,1,209.52195739746094,279.24676513671875,29.422332763671875,87.07861328125,-1,-1,-1,-1
92,1,208.38760375976562,281.2487487792969,29.978378295898438,85.916015625,-1,-1,-1,-1
93,1,207.6100616455078,283.4498596191406,29.822601318359375,83.80923461914062,-1,-1,-1,-1
94,1,207.15452575683594,284.3758239746094,29.473953247070312,82.92098999023438,-1,-1,-1,-1
95,1,204.2437286376953,284.7086181640625,30.959640502929688,83.5751953125,-1,-1,-1,-1
96,1,201.64109802246094,283.2404479980469,32.02326965332031,85.27566528320312,-1,-1,-1,-1
97,1,199.1830596923828,283.7799987792969,31.260406494140625,84.75070190429688,-1,-1,-1,-1
98,1,198.65646362304688,284.364501953125,30.320236206054688,84.87191772460938,-1,-1,-1,-1
99,1,195.08541870117188,285.46142578125,31.6390380859375,85.55474853515625,-1,-1,-1,-1
100,1,193.56556701660156,285.4149169921875,32.77677917480469,86.08831787109375,-1,-1,-1,-1
101,1,191.59649658203125,286.3644714355469,33.60932922363281,85.61895751953125,-1,-1,-1,-1
102,1,191.329833984375,288.0052795410156,32.67604064941406,84.029541015625,-1,-1,-1,-1
103,1,188.85133361816406,288.9175720214844,32.44781494140625,85.23236083984375,-1,-1,-1,-1
104,1,188.26031494140625,288.93896484375,32.37030029296875,85.76690673828125,-1,-1,-1,-1
105,1,187.34812927246094,289.85784912109375,31.919479370117188,85.13726806640625,-1,-1,-1,-1
106,1,186.58419799804688,290.2812194824219,31.344924926757812,84.70596313476562,-1,-1,-1,-1
107,1,183.49642944335938,290.0188903808594,32.443206787109375,85.36563110351562,-1,-1,-1,-1
108,1,182.46006774902344,290.1465759277344,32.65715026855469,86.08572387695312,-1,-1,-1,-1
109,1,179.453125,290.41546630859375,31.900161743164062,87.25320434570312,-1,-1,-1,-1
110,1,179.74905395507812,290.9984130859375,29.887405395507812,86.77401733398438,-1,-1,-1,-1
111,1,178.79502868652344,292.38067626953125,29.271530151367188,85.92996215820312,-1,-1,-1,-1
112,1,177.83189392089844,293.057373046875,29.44207763671875,85.6053466796875,-1,-1,-1,-1
113,1,175.68495178222656,294.0846252441406,29.298660278320312,85.65838623046875,-1,-1,-1,-1
114,1,175.16921997070312,293.7905578613281,29.25665283203125,86.31680297851562,-1,-1,-1,-1
115,1,173.41517639160156,294.9470520019531,28.922454833984375,86.40536499023438,-1,-1,-1,-1
116,1,172.20846557617188,294.9564208984375,29.406692504882812,86.9442138671875,-1,-1,-1,-1
117,1,169.97128295898438,294.8123779296875,30.14337158203125,87.2984619140625,-1,-1,-1,-1
118,1,168.31723022460938,295.0970458984375,31.549606323242188,87.39401245117188,-1,-1,-1,-1
119,1,163.8621368408203,295.610107421875,33.561248779296875,87.23052978515625,-1,-1,-1,-1
120,1,161.5234375,294.765869140625,35.03883361816406,89.13589477539062,-1,-1,-1,-1
121,1,156.8344268798828,297.0876770019531,36.6605224609375,88.24447631835938,-1,-1,-1,-1
122,1,157.04647827148438,298.03271484375,35.11701965332031,87.061767578125,-1,-1,-1,-1
123,1,156.78135681152344,299.35137939453125,34.79148864746094,86.21060180664062,-1,-1,-1,-1
124,1,156.52560424804688,299.812744140625,34.42915344238281,86.30459594726562,-1,-1,-1,-1
125,1,155.9237823486328,300.1887512207031,33.10508728027344,86.34860229492188,-1,-1,-1,-1
126,1,154.74366760253906,301.0167236328125,31.662948608398438,86.77072143554688,-1,-1,-1,-1
127,1,151.90492248535156,300.8961486816406,31.24017333984375,87.06182861328125,-1,-1,-1,-1
128,1,151.15220642089844,301.2415771484375,30.89581298828125,86.90530395507812,-1,-1,-1,-1
129,1,149.45733642578125,301.1857604980469,31.821487426757812,88.90191650390625,-1,-1,-1,-1
130,1,148.19737243652344,301.04400634765625,32.19691467285156,89.73043823242188,-1,-1,-1,-1
131,1,145.69960021972656,303.5075378417969,31.971511840820312,87.70321655273438,-1,-1,-1,-1
132,1,145.06031799316406,303.9050598144531,31.856246948242188,87.92803955078125,-1,-1,-1,-1
133,1,142.5452880859375,305.6138000488281,31.44708251953125,87.09832763671875,-1,-1,-1,-1
134,1,142.13880920410156,305.82391357421875,29.784561157226562,87.2198486328125,-1,-1,-1,-1
135,1,140.40692138671875,306.65167236328125,29.84027099609375,87.72711181640625,-1,-1,-1,-1
136,1,139.61358642578125,307.0488586425781,30.151947021484375,87.77178955078125,-1,-1,-1,-1
137,1,135.54815673828125,306.73876953125,31.493011474609375,88.24118041992188,-1,-1,-1,-1
138,1,133.99215698242188,307.4498291015625,31.566390991210938,87.94924926757812,-1,-1,-1,-1
139,1,129.2113037109375,307.7315368652344,33.73207092285156,89.1087646484375,-1,-1,-1,-1
140,1,126.9063491821289,307.82977294921875,35.196632385253906,89.2392578125,-1,-1,-1,-1
141,1,122.26551818847656,307.2802429199219,39.278564453125,90.5704345703125,-1,-1,-1,-1
142,1,121.87828063964844,309.0553283691406,39.00251770019531,88.6949462890625,-1,-1,-1,-1
143,1,121.32421875,309.37298583984375,37.879852294921875,88.38629150390625,-1,-1,-1,-1
144,1,119.3951416015625,309.8695983886719,37.21710205078125,89.37673950195312,-1,-1,-1,-1
145,1,118.24607849121094,310.48492431640625,36.420440673828125,90.7696533203125,-1,-1,-1,-1
146,1,116.91756439208984,309.936767578125,36.63445281982422,92.19818115234375,-1,-1,-1,-1
147,1,115.23252868652344,309.5677490234375,35.274871826171875,93.641845703125,-1,-1,-1,-1
148,1,114.01847839355469,309.1048889160156,35.755584716796875,94.26132202148438,-1,-1,-1,-1
149,1,110.14925384521484,307.46197509765625,37.43517303466797,97.91262817382812,-1,-1,-1,-1
150,1,108.61507415771484,306.82147216796875,37.393516540527344,98.92276000976562,-1,-1,-1,-1
151,1,110.51602935791016,311.1229553222656,33.132713317871094,93.53170776367188,-1,-1,-1,-1
152,1,108.00650787353516,302.1401672363281,36.103050231933594,102.999267578125,-1,-1,-1,-1
153,1,106.85685729980469,309.6423034667969,36.15104675292969,97.30044555664062,-1,-1,-1,-1
154,1,106.80656433105469,313.2435302734375,35.01922607421875,93.24160766601562,-1,-1,-1,-1
155,1,105.63130950927734,318.22637939453125,32.86945343017578,89.8624267578125,-1,-1,-1,-1
156,1,104.00949096679688,317.4618225097656,33.3948974609375,91.58065795898438,-1,-1,-1,-1
157,1,100.04319763183594,314.77728271484375,34.41108703613281,95.12359619140625,-1,-1,-1,-1
158,1,100.24012756347656,315.88702392578125,33.479888916015625,93.82797241210938,-1,-1,-1,-1
159,1,96.50990295410156,315.91552734375,35.52339172363281,95.02005004882812,-1,-1,-1,-1
160,1,95.23828887939453,317.1957702636719,35.308616638183594,93.419189453125,-1,-1,-1,-1
161,1,91.60391235351562,320.10089111328125,37.26775360107422,91.80850219726562,-1,-1,-1,-1
162,1,90.94701385498047,320.3011474609375,37.16631317138672,92.07528686523438,-1,-1,-1,-1
163,1,89.51034545898438,321.84716796875,35.427001953125,92.46585083007812,-1,-1,-1,-1
164,1,88.59071350097656,322.50634765625,35.67158508300781,92.48965454101562,-1,-1,-1,-1
165,1,88.17240905761719,323.7747802734375,35.07451629638672,91.19088745117188,-1,-1,-1,-1
166,1,87.1855239868164,323.7398376464844,35.54121398925781,92.02548217773438,-1,-1,-1,-1
167,1,83.61585998535156,324.30511474609375,35.67356872558594,92.89508056640625,-1,-1,-1,-1
168,1,83.5567855834961,323.8084411621094,35.04240417480469,93.33108520507812,-1,-1,-1,-1
169,1,82.4283676147461,326.660400390625,32.461570739746094,90.88687133789062,-1,-1,-1,-1
170,1,81.62950897216797,326.7282409667969,32.35957336425781,91.802734375,-1,-1,-1,-1
171,1,79.75889587402344,327.2153625488281,32.610870361328125,93.6292724609375,-1,-1,-1,-1
172,1,79.21189880371094,327.9891052246094,32.303077697753906,93.4305419921875,-1,-1,-1,-1
173,1,75.64593505859375,330.59844970703125,31.738319396972656,92.69338989257812,-1,-1,-1,-1
174,1,74.60559844970703,328.39959716796875,31.841644287109375,95.43716430664062,-1,-1,-1,-1
175,1,73.466064453125,328.83349609375,31.70355987548828,95.47738647460938,-1,-1,-1,-1
176,1,72.74911499023438,329.89337158203125,32.24286651611328,94.68084716796875,-1,-1,-1,-1
177,1,71.55378723144531,330.454833984375,33.135765075683594,94.298828125,-1,-1,-1,-1
178,1,69.6788558959961,329.5315856933594,34.57275390625,95.59719848632812,-1,-1,-1,-1
179,1,64.33102798461914,328.37982177734375,36.32735061645508,97.3138427734375,-1,-1,-1,-1
180,1,60.9560432434082,328.36260986328125,37.7907600402832,98.43795776367188,-1,-1,-1,-1
181,1,58.21831130981445,334.96295166015625,39.25046920776367,91.49813842773438,-1,-1,-1,-1
182,1,56.52433776855469,334.9134521484375,39.095123291015625,92.08428955078125,-1,-1,-1,-1
183,1,55.3341064453125,334.89208984375,39.4105224609375,93.08230590820312,-1,-1,-1,-1
184,1,55.049434661865234,335.3183288574219,38.11197280883789,93.367919921875,-1,-1,-1,-1
185,1,50.129398345947266,329.9798278808594,40.163936614990234,103.40341186523438,-1,-1,-1,-1
186,1,49.227237701416016,331.38885498046875,39.42570877075195,100.75021362304688,-1,-1,-1,-1
187,1,49.657127380371094,337.0016174316406,37.07270050048828,94.7919921875,-1,-1,-1,-1
188,1,48.90443420410156,334.7098083496094,37.12236022949219,96.9527587890625,-1,-1,-1,-1
189,1,47.59101104736328,339.4802551269531,35.660926818847656,93.243408203125,-1,-1,-1,-1
190,1,46.942726135253906,338.1329345703125,36.570648193359375,95.64962768554688,-1,-1,-1,-1
191,1,43.111541748046875,341.7164001464844,36.220924377441406,94.985107421875,-1,-1,-1,-1
192,1,43.251556396484375,343.91070556640625,34.18663024902344,92.6080322265625,-1,-1,-1,-1
193,1,41.551666259765625,344.6081237792969,34.18360900878906,92.2421875,-1,-1,-1,-1
194,1,40.502864837646484,344.7319641113281,34.49675369262695,92.93008422851562,-1,-1,-1,-1
195,1,37.838783264160156,347.5535888671875,34.51189422607422,91.36981201171875,-1,-1,-1,-1
196,1,36.99687957763672,347.36309814453125,33.722320556640625,92.84854125976562,-1,-1,-1,-1
197,1,34.72882843017578,347.443359375,33.22339630126953,94.34548950195312,-1,-1,-1,-1
198,1,33.586910247802734,347.5519714355469,33.79899215698242,94.822021484375,-1,-1,-1,-1
199,1,30.209938049316406,347.2023620605469,35.814903259277344,95.74420166015625,-1,-1,-1,-1
200,1,28.71044158935547,347.5501403808594,36.19318389892578,95.45709228515625,-1,-1,-1,-1
1,2,498.75531005859375,71.75836181640625,27.07958984375,59.91522216796875,-1,-1,-1,-1
2,2,499.2233581542969,71.54813385009766,25.846405029296875,59.95561981201172,-1,-1,-1,-1
3,2,499.6459655761719,71.30187225341797,24.369232177734375,59.91492462158203,-1,-1,-1,-1
4,2,499.93212890625,71.47953796386719,23.44970703125,59.32110595703125,-1,-1,-1,-1
5,2,499.8526916503906,71.4526596069336,22.647979736328125,59.876319885253906,-1,-1,-1,-1
6,2,499.5018310546875,71.72216796875,22.445556640625,59.99958801269531,-1,-1,-1,-1
7,2,498.8573913574219,72.52558135986328,22.507476806640625,59.917320251464844,-1,-1,-1,-1
8,2,498.4126892089844,72.94751739501953,22.750152587890625,60.052406311035156,-1,-1,-1,-1
9,2,497.73248291015625,73.04547882080078,23.07269287109375,60.32050323486328,-1,-1,-1,-1
10,2,496.96820068359375,73.08059692382812,23.07470703125,60.75502014160156,-1,-1,-1,-1
11,2,495.2977294921875,73.34934997558594,23.6036376953125,60.655303955078125,-1,-1,-1,-1
12,2,494.6996154785156,73.81991577148438,23.235321044921875,60.30018615722656,-1,-1,-1,-1
13,2,493.33477783203125,74.2416000366211,24.28265380859375,59.605751037597656,-1,-1,-1,-1
14,2,492.7685241699219,74.18262481689453,24.849945068359375,59.69147491455078,-1,-1,-1,-1
15,2,491.79833984375,73.92980194091797,26.76031494140625,61.51824188232422,-1,-1,-1,-1
16,2,490.8301696777344,74.83567810058594,27.944305419921875,60.533355712890625,-1,-1,-1,-1
17,2,489.7787170410156,75.80313873291016,29.368682861328125,59.72283172607422,-1,-1,-1,-1
18,2,489.3933410644531,77.01205444335938,29.244964599609375,58.49224853515625,-1,-1,-1,-1
19,2,489.2748718261719,77.40428161621094,28.397125244140625,58.66831970214844,-1,-1,-1,-1
20,2,489.1871032714844,77.69220733642578,27.669036865234375,58.84581756591797,-1,-1,-1,-1
21,2,489.3365173339844,77.83802795410156,26.472808837890625,59.084747314453125,-1,-1,-1,-1
22,2,488.82000732421875,77.67034912109375,26.03094482421875,59.618011474609375,-1,-1,-1,-1
23,2,489.2432861328125,77.63391876220703,24.510528564453125,60.136695861816406,-1,-1,-1,-1
24,2,489.1604309082031,77.76142120361328,23.8232421875,60.025474548339844,-1,-1,-1,-1
25,2,488.1603088378906,78.55683135986328,23.7950439453125,59.09709930419922,-1,-1,-1,-1
26,2,487.5460510253906,79.01595306396484,24.053619384765625,58.906471252441406,-1,-1,-1,-1
27,2,486.66448974609375,80.11552429199219,23.9639892578125,59.010589599609375,-1,-1,-1,-1
28,2,486.0763854980469,80.74818420410156,24.11956787109375,58.56379699707031,-1,-1,-1,-1
29,2,485.2863464355469,81.4886474609375,23.8992919921875,57.65318298339844,-1,-1,-1,-1
30,2,484.4333190917969,81.91812896728516,23.83831787109375,56.976768493652344,-1,-1,-1,-1
31,2,483.20849609375,81.61476135253906,24.280181884765625,57.658966064453125,-1,-1,-1,-1
32,2,482.1082458496094,81.19481658935547,24.698455810546875,58.273582458496094,-1,-1,-1,-1
33,2,480.85504150390625,81.1562728881836,25.742889404296875,58.666236877441406,-1,-1,-1,-1
34,2,480.131591796875,81.50431823730469,26.422271728515625,59.13011169433594,-1,-1,-1,-1
35,2,479.32611083984375,82.21722412109375,27.866851806640625,59.3502197265625,-1,-1,-1,-1
36,2,479.0429992675781,83.04596710205078,28.18829345703125,58.947364807128906,-1,-1,-1,-1
37,2,478.1809997558594,83.80699157714844,29.259552001953125,59.146514892578125,-1,-1,-1,-1
38,2,478.3055114746094,84.31190490722656,29.080535888671875,59.05302429199219,-1,-1,-1,-1
39,2,478.0079345703125,84.73979949951172,29.065216064453125,58.36872100830078,-1,-1,-1,-1
40,2,477.3646545410156,85.02108764648438,28.8277587890625,58.28126525878906,-1,-1,-1,-1
41,2,475.9581298828125,84.88216400146484,29.50213623046875,58.866966247558594,-1,-1,-1,-1
42,2,476.3200988769531,84.5359878540039,27.83892822265625,58.84160614013672,-1,-1,-1,-1
43,2,476.0580749511719,83.77588653564453,27.6810302734375,60.407066345214844,-1,-1,-1,-1
44,2,476.2225646972656,84.45056915283203,26.2933349609375,59.87622833251953,-1,-1,-1,-1
45,2,474.7567443847656,86.2279281616211,25.70013427734375,58.432411193847656,-1,-1,-1,-1
46,2,474.33135986328125,86.67376708984375,25.67974853515625,57.9296875,-1,-1,-1,-1
47,2,473.9488220214844,87.14075469970703,24.96484375,58.19477081298828,-1,-1,-1,-1
48,2,473.15655517578125,87.32997131347656,24.848297119140625,58.389190673828125,-1,-1,-1,-1
49,2,472.07720947265625,87.3734359741211,24.837860107421875,58.83635711669922,-1,-1,-1,-1
50,2,471.3106689453125,87.44678497314453,24.650177001953125,58.95726776123047,-1,-1,-1,-1
51,2,469.7864074707031,87.75337219238281,24.9351806640625,59.19281005859375,-1,-1,-1,-1
52,2,469.2344055175781,87.71282196044922,24.75982666015625,59.46833038330078,-1,-1,-1,-1
53,2,468.19366455078125,87.4022216796875,25.743988037109375,60.375640869140625,-1,-1,-1,-1
54,2,467.7671813964844,87.42156982421875,26.239471435546875,60.74505615234375,-1,-1,-1,-1
55,2,466.2845153808594,87.44537353515625,27.519775390625,61.86579895019531,-1,-1,-1,-1
56,2,466.1795349121094,88.06316375732422,27.653045654296875,61.50902557373047,-1,-1,-1,-1
57,2,466.3739929199219,89.29544067382812,27.46539306640625,59.99833679199219,-1,-1,-1,-1
58,2,466.5494079589844,90.47601318359375,27.047332763671875,58.43092346191406,-1,-1,-1,-1
59,2,464.54986572265625,91.53306579589844,28.2340087890625,58.17729187011719,-1,-1,-1,-1
60,2,462.08453369140625,92.02407836914062,30.11376953125,57.75151062011719,-1,-1,-1,-1
61,2,461.7957763671875,92.01750183105469,29.1722412109375,57.82682800292969,-1,-1,-1,-1
62,2,462.2907409667969,91.11052703857422,27.58062744140625,59.13922882080078,-1,-1,-1,-1
63,2,463.3105773925781,91.3551254272461,24.99200439453125,58.69013214111328,-1,-1,-1,-1
64,2,462.9913635253906,91.36245727539062,24.50262451171875,59.03083801269531,-1,-1,-1,-1
65,2,461.8600769042969,91.76315307617188,24.837188720703125,59.7000732421875,-1,-1,-1,-1
66,2,461.94708251953125,92.13300323486328,24.203948974609375,59.845237731933594,-1,-1,-1,-1
67,2,461.3555908203125,92.54094696044922,24.25042724609375,60.144920349121094,-1,-1,-1,-1
68,2,461.0647888183594,92.55929565429688,23.92120361328125,60.63507080078125,-1,-1,-1,-1
69,2,460.4284973144531,92.40933990478516,24.086578369140625,61.076499938964844,-1,-1,-1,-1
70,2,459.53826904296875,92.50117492675781,24.309478759765625,61.11482238769531,-1,-1,-1,-1
71,2,456.7816467285156,93.36154174804688,24.79559326171875,60.09660339355469,-1,-1,-1,-1
72,2,455.360595703125,92.99007415771484,25.341461181640625,60.35980987548828,-1,-1,-1,-1
73,2,454.4532470703125,92.5299301147461,25.97747802734375,60.80768585205078,-1,-1,-1,-1
74,2,453.3437805175781,92.6695785522461,27.07720947265625,60.974647521972656,-1,-1,-1,-1
75,2,452.4378356933594,94.5836181640625,27.560394287109375,58.73500061035156,-1,-1,-1,-1
76,2,451.28460693359375,95.83075714111328,28.606658935546875,57.309532165527344,-1,-1,-1,-1
77,2,451.36444091796875,95.73521423339844,27.910125732421875,57.916717529296875,-1,-1,-1,-1
78,2,450.04119873046875,95.75272369384766,28.5504150390625,58.70569610595703,-1,-1,-1,-1
79,2,449.7769470214844,96.19816589355469,27.91693115234375,58.73402404785156,-1,-1,-1,-1
80,2,450.30450439453125,96.4477767944336,26.14434814453125,59.13373565673828,-1,-1,-1,-1
81,2,447.4299011230469,96.72038269042969,28.21636962890625,60.16459655761719,-1,-1,-1,-1
82,2,447.7098388671875,96.58931732177734,27.44708251953125,60.24402618408203,-1,-1,-1,-1
83,2,447.6863708496094,96.90559387207031,26.62353515625,60.58453369140625,-1,-1,-1,-1
84,2,447.4863586425781,97.59516906738281,25.97808837890625,60.08528137207031,-1,-1,-1,-1
85,2,447.20416259765625,98.61846160888672,24.761444091796875,58.89740753173828,-1,-1,-1,-1
86,2,446.9877624511719,98.87335968017578,24.445281982421875,58.635520935058594,-1,-1,-1,-1
87,2,445.5082702636719,98.4207534790039,25.33099365234375,60.382606506347656,-1,-1,-1,-1
88,2,444.0971984863281,98.52812957763672,25.7587890625,61.025779724121094,-1,-1,-1,-1
89,2,442.79608154296875,99.41425323486328,25.59210205078125,60.61272430419922,-1,-1,-1,-1
90,2,442.51971435546875,98.46941375732422,25.456298828125,61.98792266845703,-1,-1,-1,-1
91,2,441.74554443359375,97.86372375488281,24.696685791015625,63.13517761230469,-1,-1,-1,-1
92,2,441.63604736328125,96.11622619628906,24.09405517578125,65.18185424804688,-1,-1,-1,-1
93,2,440.1549377441406,95.35272979736328,25.4083251953125,66.14813995361328,-1,-1,-1,-1
94,2,439.1422119140625,95.57093811035156,26.12860107421875,65.96559143066406,-1,-1,-1,-1
95,2,439.4024353027344,98.89122009277344,25.4932861328125,62.72227478027344,-1,-1,-1,-1
96,2,439.48236083984375,99.47046661376953,25.660430908203125,62.42913055419922,-1,-1,-1,-1
97,2,437.610107421875,101.32007598876953,27.233428955078125,61.318321228027344,-1,-1,-1,-1
98,2,434.73321533203125,103.05290222167969,29.18536376953125,60.070709228515625,-1,-1,-1,-1
99,2,437.8409118652344,104.33793640136719,25.4144287109375,59.05686950683594,-1,-1,-1,-1
100,2,438.1543273925781,104.5695571899414,25.33477783203125,58.939414978027344,-1,-1,-1,-1
101,2,434.5359191894531,104.07147216796875,26.00531005859375,59.80827331542969,-1,-1,-1,-1
102,2,431.6654968261719,104.49895477294922,28.7333984375,59.33332061767578,-1,-1,-1,-1
103,2,432.6739807128906,104.59153747558594,25.63287353515625,60.080413818359375,-1,-1,-1,-1
104,2,432.0870056152344,104.54914855957031,25.48297119140625,60.49098205566406,-1,-1,-1,-1
105,2,431.738525390625,104.5198745727539,24.92889404296875,60.87938690185547,-1,-1,-1,-1
106,2,431.3925476074219,104.79613494873047,24.41265869140625,60.92694854736328,-1,-1,-1,-1
107,2,431.1067199707031,105.3614273071289,24.079559326171875,60.62091827392578,-1,-1,-1,-1
108,2,430.7791748046875,106.45182800292969,23.503082275390625,59.48320007324219,-1,-1,-1,-1
109,2,428.2832336425781,107.2137680053711,23.502105712890625,58.724891662597656,-1,-1,-1,-1
110,2,428.2632751464844,108.61019897460938,22.787994384765625,57.301727294921875,-1,-1,-1,-1
111,2,426.2817687988281,110.53522491455078,23.99658203125,56.05095672607422,-1,-1,-1,-1
112,2,424.3540344238281,110.67342376708984,25.05816650390625,55.554298400878906,-1,-1,-1,-1
114,2,423.8710021972656,109.08137512207031,25.234527587890625,56.44673156738281,-1,-1,-1,-1
115,2,423.6117248535156,109.63971710205078,25.970458984375,57.48900604248047,-1,-1,-1,-1
116,2,423.4135437011719,111.5830078125,26.3961181640625,54.565704345703125,-1,-1,-1,-1
117,2,422.2655029296875,112.02986907958984,27.53497314453125,56.27210235595703,-1,-1,-1,-1
118,2,422.250732421875,112.45076751708984,26.468292236328125,56.115196228027344,-1,-1,-1,-1
119,2,421.0440368652344,112.93595123291016,25.591796875,56.96057891845703,-1,-1,-1,-1
120,2,419.9136657714844,113.08045196533203,25.08135986328125,57.369895935058594,-1,-1,-1,-1
121,2,420.0903015136719,113.08296966552734,24.095703125,57.832069396972656,-1,-1,-1,-1
122,2,419.8552551269531,112.89077758789062,24.086517333984375,58.22257995605469,-1,-1,-1,-1
123,2,417.5760192871094,112.31221771240234,24.7308349609375,59.31214141845703,-1,-1,-1,-1
124,2,417.46307373046875,112.51091766357422,23.678863525390625,59.19550323486328,-1,-1,-1,-1
125,2,416.5355529785156,112.47064208984375,23.1676025390625,59.64384460449219,-1,-1,-1,-1
126,2,416.1448059082031,112.3030014038086,22.58416748046875,60.09984588623047,-1,-1,-1,-1
127,2,415.32476806640625,113.08140563964844,23.294921875,59.85032653808594,-1,-1,-1,-1
128,2,414.63311767578125,113.2021484375,23.627349853515625,59.93524169921875,-1,-1,-1,-1
129,2,413.9803771972656,113.5121078491211,23.79962158203125,59.84564971923828,-1,-1,-1,-1
130,2,413.1847229003906,114.6699447631836,23.53155517578125,58.716224670410156,-1,-1,-1,-1
131,2,410.05145263671875,115.46946716308594,24.30572509765625,58.66352844238281,-1,-1,-1,-1
132,2,409.42010498046875,115.33417510986328,24.394866943359375,59.26207733154297,-1,-1,-1,-1
133,2,408.47601318359375,115.1780014038086,25.321807861328125,60.007347106933594,-1,-1,-1,-1
134,2,405.89093017578125,114.92051696777344,27.061767578125,60.98890686035156,-1,-1,-1,-1
135,2,405.4853820800781,115.4690933227539,27.30963134765625,60.662925720214844,-1,-1,-1,-1
136,2,403.8697204589844,116.13751220703125,28.7711181640625,60.12860107421875,-1,-1,-1,-1
137,2,403.8501281738281,116.9224853515625,28.31817626953125,60.02655029296875,-1,-1,-1,-1
138,2,402.37274169921875,117.21913146972656,29.5465087890625,60.30584716796875,-1,-1,-1,-1
139,2,402.5893859863281,117.71333312988281,28.82366943359375,59.910064697265625,-1,-1,-1,-1
140,2,400.5962219238281,117.30265045166016,30.217041015625,60.369102478027344,-1,-1,-1,-1
141,2,400.5620422363281,116.96859741210938,29.7607421875,61.58549499511719,-1,-1,-1,-1
142,2,400.76068115234375,116.61386108398438,28.4537353515625,62.135009765625,-1,-1,-1,-1
143,2,400.8932800292969,116.42511749267578,27.535858154296875,62.85112762451172,-1,-1,-1,-1
144,2,400.6833801269531,116.04889678955078,27.36541748046875,63.65697479248047,-1,-1,-1,-1
145,2,400.3778076171875,117.06819915771484,26.41796875,62.698143005371094,-1,-1,-1,-1
146,2,399.6095886230469,117.12716674804688,26.0382080078125,63.032379150390625,-1,-1,-1,-1
147,2,398.6164855957031,117.31204986572266,26.51025390625,63.65447235107422,-1,-1,-1,-1
148,2,398.4803771972656,118.21479034423828,25.946746826171875,63.022987365722656,-1,-1,-1,-1
149,2,396.99676513671875,119.10038757324219,26.395904541015625,62.94282531738281,-1,-1,-1,-1
150,2,396.09429931640625,119.01823425292969,26.4747314453125,63.17271423339844,-1,-1,-1,-1
151,2,393.134765625,118.4660873413086,27.710540771484375,64.15926361083984,-1,-1,-1,-1
152,2,392.51837158203125,118.54946899414062,27.96044921875,64.25788879394531,-1,-1,-1,-1
153,2,390.5242614746094,118.37268829345703,28.856292724609375,64.80164337158203,-1,-1,-1,-1
154,2,389.3287353515625,118.49365997314453,29.906707763671875,65.06195831298828,-1,-1,-1,-1
155,2,389.4224548339844,118.21440887451172,29.569580078125,65.83177947998047,-1,-1,-1,-1
156,2,388.1916198730469,119.1225357055664,30.244659423828125,64.92919158935547,-1,-1,-1,-1
157,2,388.6775207519531,121.59052276611328,28.8511962890625,61.411827087402344,-1,-1,-1,-1
158,2,386.3590393066406,122.47600555419922,30.169281005859375,60.231101989746094,-1,-1,-1,-1
159,2,383.675048828125,123.22883605957031,31.195953369140625,60.58619689941406,-1,-1,-1,-1
160,2,384.5166015625,123.33428192138672,29.229095458984375,61.18083953857422,-1,-1,-1,-1
161,2,382.94964599609375,123.26768493652344,30.4814453125,63.50801086425781,-1,-1,-1,-1
162,2,382.8290100097656,123.7971420288086,30.70379638671875,63.15229034423828,-1,-1,-1,-1
163,2,383.1716613769531,123.34490966796875,29.97381591796875,65.68519592285156,-1,-1,-1,-1
164,2,383.3144836425781,123.4009780883789,28.971649169921875,66.43962860107422,-1,-1,-1,-1
165,2,383.5589294433594,123.51032257080078,27.5748291015625,66.65206146240234,-1,-1,-1,-1
166,2,383.8778076171875,123.49505615234375,26.84356689453125,67.06617736816406,-1,-1,-1,-1
167,2,383.9042053222656,125.71965789794922,26.08355712890625,65.23474884033203,-1,-1,-1,-1
168,2,383.4632568359375,125.15725708007812,25.71307373046875,66.91864013671875,-1,-1,-1,-1
169,2,383.6719970703125,126.26395416259766,24.557464599609375,64.9648208618164,-1,-1,-1,-1
170,2,383.3097229003906,126.44927215576172,24.328826904296875,65.58788299560547,-1,-1,-1,-1
171,2,381.5226135253906,126.01337432861328,25.365203857421875,68.4266128540039,-1,-1,-1,-1
172,2,379.9101257324219,126.34647369384766,25.85284423828125,68.43653106689453,-1,-1,-1,-1
173,2,377.5634460449219,127.27777862548828,27.79791259765625,76.52649688720703,-1,-1,-1,-1
174,2,376.2187194824219,126.67218780517578,29.53302001953125,83.51311492919922,-1,-1,-1,-1
175,2,373.6765441894531,126.70941925048828,32.3128662109375,84.76142120361328,-1,-1,-1,-1
176,2,373.1253356933594,126.4662094116211,33.05230712890625,85.23786163330078,-1,-1,-1,-1
177,2,373.6622619628906,127.56559753417969,32.571502685546875,85.15129089355469,-1,-1,-1,-1
178,2,373.51220703125,130.44227600097656,32.941925048828125,81.81317138671875,-1,-1,-1,-1
179,2,371.3838195800781,128.08212280273438,37.610107421875,90.93415832519531,-1,-1,-1,-1
180,2,371.91436767578125,129.49398803710938,36.8145751953125,89.57026672363281,-1,-1,-1,-1
181,2,370.98724365234375,128.44435119628906,36.44879150390625,87.62371826171875,-1,-1,-1,-1
182,2,370.03680419921875,127.52228546142578,36.43194580078125,90.09075164794922,-1,-1,-1,-1
183,2,370.4568176269531,128.2427215576172,32.4482421875,80.60635375976562,-1,-1,-1,-1
184,2,370.0627746582031,128.48199462890625,30.628021240234375,73.54606628417969,-1,-1,-1,-1
185,2,368.41302490234375,128.69187927246094,29.696441650390625,70.45158386230469,-1,-1,-1,-1
186,2,368.0438232421875,129.0369873046875,28.750732421875,69.52969360351562,-1,-1,-1,-1
187,2,367.6829528808594,129.7304229736328,28.0460205078125,68.67686462402344,-1,-1,-1,-1
188,2,367.5697937011719,130.16793823242188,27.2774658203125,68.49819946289062,-1,-1,-1,-1
189,2,366.4826354980469,130.8512420654297,27.222381591796875,68.35934448242188,-1,-1,-1,-1
190,2,365.78857421875,131.20826721191406,27.001739501953125,68.38284301757812,-1,-1,-1,-1
191,2,364.95654296875,131.427490234375,26.256988525390625,68.42463684082031,-1,-1,-1,-1
192,2,364.41009521484375,131.4372100830078,26.002410888671875,68.73506164550781,-1,-1,-1,-1
193,2,363.1128234863281,131.60556030273438,26.16009521484375,69.41871643066406,-1,-1,-1,-1
194,2,362.7059631347656,132.02828979492188,25.782379150390625,68.92901611328125,-1,-1,-1,-1
195,2,359.5982971191406,132.54251098632812,28.523773193359375,69.22305297851562,-1,-1,-1,-1
196,2,359.42041015625,133.4827117919922,28.5093994140625,68.45448303222656,-1,-1,-1,-1
197,2,357.4143981933594,135.24298095703125,30.0755615234375,66.72029113769531,-1,-1,-1,-1
198,2,355.6431579589844,134.4960174560547,32.29229736328125,67.8232421875,-1,-1,-1,-1
199,2,355.0902404785156,135.56619262695312,32.543670654296875,66.85820007324219,-1,-1,-1,-1
200,2,355.15789794921875,136.11471557617188,32.205780029296875,66.60768127441406,-1,-1,-1,-1
1,3,234.54835510253906,241.67864990234375,30.584793090820312,89.96994018554688,-1,-1,-1,-1
2,3,235.10662841796875,242.42491149902344,29.91265869140625,88.58110046386719,-1,-1,-1,-1
3,3,235.9839630126953,242.6389923095703,29.138259887695312,87.89192199707031,-1,-1,-1,-1
4,3,236.36489868164062,242.3955078125,29.45489501953125,87.6632080078125,-1,-1,-1,-1
5,3,237.90594482421875,242.34107971191406,29.437591552734375,86.49537658691406,-1,-1,-1,-1
6,3,238.4322052001953,241.9335174560547,29.944076538085938,86.14485168457031,-1,-1,-1,-1
7,3,239.8159942626953,240.6083526611328,30.430587768554688,86.56114196777344,-1,-1,-1,-1
8,3,240.30642700195312,238.93670654296875,31.147918701171875,87.49267578125,-1,-1,-1,-1
9,3,241.4143524169922,238.33978271484375,31.295150756835938,87.46090698242188,-1,-1,-1,-1
10,3,241.6151580810547,238.26315307617188,31.767562866210938,87.6552734375,-1,-1,-1,-1
11,3,244.35096740722656,238.43630981445312,30.284561157226562,86.77346801757812,-1,-1,-1,-1
12,3,245.70208740234375,238.99716186523438,29.39630126953125,86.03573608398438,-1,-1,-1,-1
13,3,246.7222900390625,238.20156860351562,29.66314697265625,85.9010009765625,-1,-1,-1,-1
14,3,247.65475463867188,237.91123962402344,29.53216552734375,85.05705261230469,-1,-1,-1,-1
15,3,248.70628356933594,237.2577667236328,29.423049926757812,84.64158630371094,-1,-1,-1,-1
16,3,249.037109375,236.47531127929688,29.804779052734375,84.86184692382812,-1,-1,-1,-1
17,3,249.9450225830078,234.7164764404297,30.123428344726562,85.31913757324219,-1,-1,-1,-1
18,3,250.95046997070312,234.0032196044922,29.52490234375,85.27452087402344,-1,-1,-1,-1
19,3,251.6237335205078,232.3535614013672,30.012954711914062,86.23222351074219,-1,-1,-1,-1
20,3,252.43446350097656,231.83326721191406,29.896469116210938,86.19538879394531,-1,-1,-1,-1
21,3,253.81507873535156,232.19039916992188,30.264877319335938,85.86398315429688,-1,-1,-1,-1
22,3,254.4165802001953,232.4026336669922,30.281692504882812,85.41581726074219,-1,-1,-1,-1
23,3,255.52890014648438,232.63233947753906,29.919921875,85.07579040527344,-1,-1,-1,-1
24,3,256.1149444580078,232.11610412597656,29.927963256835938,85.26649475097656,-1,-1,-1,-1
25,3,256.7799835205078,230.7473602294922,30.175399780273438,86.07850646972656,-1,-1,-1,-1
26,3,257.57147216796875,230.4733123779297,30.205780029296875,85.82002258300781,-1,-1,-1,-1
27,3,259.189697265625,228.78614807128906,31.003387451171875,85.89274597167969,-1,-1,-1,-1
28,3,260.1639709472656,228.55215454101562,30.9305419921875,85.046630859375,-1,-1,-1,-1
29,3,261.49517822265625,227.61622619628906,31.755706787109375,85.51029968261719,-1,-1,-1,-1
30,3,261.8150329589844,227.01756286621094,32.059234619140625,85.23469543457031,-1,-1,-1,-1
31,3,262.7078552246094,226.4344482421875,32.072235107421875,84.943115234375,-1,-1,-1,-1
32,3,264.3288269042969,226.59153747558594,30.993011474609375,84.60270690917969,-1,-1,-1,-1
33,3,265.3998718261719,226.8102264404297,30.566131591796875,84.35484313964844,-1,-1,-1,-1
34,3,266.15435791015625,226.98663330078125,30.306549072265625,84.03204345703125,-1,-1,-1,-1
35,3,267.63482666015625,227.10794067382812,29.595733642578125,83.82611083984375,-1,-1,-1,-1
36,3,267.8596496582031,226.70291137695312,30.054229736328125,83.70562744140625,-1,-1,-1,-1
37,3,268.4900207519531,225.6318817138672,30.324859619140625,84.05494689941406,-1,-1,-1,-1
38,3,270.05230712890625,224.76849365234375,29.809356689453125,85.17507934570312,-1,-1,-1,-1
39,3,272.1488037109375,222.882568359375,32.279205322265625,88.10247802734375,-1,-1,-1,-1
40,3,272.8744201660156,221.8612823486328,33.863555908203125,91.60523986816406,-1,-1,-1,-1
41,3,273.6618347167969,221.60751342773438,35.4549560546875,96.34036254882812,-1,-1,-1,-1
49,3,284.9434814453125,219.0299530029297,31.41888427734375,82.16288757324219,-1,-1,-1,-1
50,3,285.30804443359375,218.5458984375,31.2667236328125,81.93954467773438,-1,-1,-1,-1
51,3,285.9776306152344,217.5503387451172,31.597930908203125,82.37178039550781,-1,-1,-1,-1
52,3,287.00341796875,217.07778930664062,31.167724609375,82.40249633789062,-1,-1,-1,-1
53,3,288.4717712402344,216.4412384033203,31.02862548828125,81.13505554199219,-1,-1,-1,-1
54,3,289.98028564453125,216.0432891845703,30.42291259765625,81.01460266113281,-1,-1,-1,-1
55,3,291.3110656738281,216.06756591796875,30.379974365234375,79.73223876953125,-1,-1,-1,-1
56,3,292.2212829589844,215.9019012451172,30.10211181640625,79.30674743652344,-1,-1,-1,-1
57,3,293.6756286621094,215.189697265625,29.92926025390625,80.01766967773438,-1,-1,-1,-1
58,3,294.0038146972656,214.5681915283203,30.145843505859375,80.35231018066406,-1,-1,-1,-1
59,3,295.8212890625,213.48439025878906,29.805633544921875,80.10362243652344,-1,-1,-1,-1
60,3,296.18109130859375,212.61427307128906,30.342559814453125,80.81196594238281,-1,-1,-1,-1
61,3,298.2243957519531,211.4631805419922,29.88494873046875,80.52369689941406,-1,-1,-1,-1
62,3,298.87860107421875,210.69541931152344,30.067169189453125,81.13041687011719,-1,-1,-1,-1
63,3,300.31756591796875,209.6341094970703,30.3966064453125,81.64076232910156,-1,-1,-1,-1
64,3,301.0013122558594,209.55393981933594,30.49365234375,81.28013610839844,-1,-1,-1,-1
65,3,301.92742919921875,209.3895263671875,31.912109375,81.37396240234375,-1,-1,-1,-1
66,3,302.7665710449219,209.72056579589844,31.590911865234375,80.69993591308594,-1,-1,-1,-1
67,3,304.1708068847656,210.03021240234375,30.698089599609375,79.98895263671875,-1,-1,-1,-1
68,3,305.0816955566406,209.5799102783203,30.401031494140625,79.95039367675781,-1,-1,-1,-1
69,3,306.09552001953125,208.5374755859375,30.1453857421875,80.60183715820312,-1,-1,-1,-1
70,3,307.10528564453125,207.98377990722656,29.803741455078125,80.77522277832031,-1,-1,-1,-1
71,3,308.7433166503906,206.29747009277344,29.47467041015625,80.73793029785156,-1,-1,-1,-1
72,3,309.5401306152344,205.5564422607422,29.3699951171875,80.86344909667969,-1,-1,-1,-1
73,3,310.4039001464844,204.21826171875,29.75042724609375,81.470458984375,-1,-1,-1,-1
74,3,310.8419189453125,204.1517333984375,29.950439453125,81.02645874023438,-1,-1,-1,-1
75,3,311.9830322265625,203.98399353027344,29.932647705078125,80.76051330566406,-1,-1,-1,-1
76,3,312.67108154296875,203.86065673828125,30.10125732421875,80.83743286132812,-1,-1,-1,-1
77,3,314.21832275390625,204.1438446044922,30.35369873046875,80.32814025878906,-1,-1,-1,-1
78,3,314.64508056640625,204.05738830566406,30.73345947265625,80.26292419433594,-1,-1,-1,-1
79,3,315.1768493652344,203.7292938232422,30.80517578125,80.07936096191406,-1,-1,-1,-1
80,3,315.47528076171875,203.39157104492188,30.846771240234375,80.08819580078125,-1,-1,-1,-1
81,3,315.92999267578125,202.8072509765625,31.008270263671875,80.080322265625,-1,-1,-1,-1
82,3,316.3380126953125,202.14358520507812,31.156890869140625,79.95803833007812,-1,-1,-1,-1
83,3,316.94097900390625,200.67738342285156,31.4134521484375,80.89781188964844,-1,-1,-1,-1
84,3,317.5029296875,200.15345764160156,31.39764404296875,80.92631530761719,-1,-1,-1,-1
85,3,318.5487976074219,199.7171173095703,31.050262451171875,80.33201599121094,-1,-1,-1,-1
86,3,319.21771240234375,199.4717559814453,30.960235595703125,80.13316345214844,-1,-1,-1,-1
87,3,320.0162353515625,199.54490661621094,30.78424072265625,79.76637268066406,-1,-1,-1,-1
88,3,320.2519836425781,199.5749969482422,30.99749755859375,79.42198181152344,-1,-1,-1,-1
89,3,321.2721252441406,199.56422424316406,30.479248046875,78.83702087402344,-1,-1,-1,-1
90,3,322.40521240234375,199.35487365722656,29.8345947265625,78.56703186035156,-1,-1,-1,-1
91,3,324.094970703125,198.5980224609375,29.236541748046875,78.23248291015625,-1,-1,-1,-1
92,3,324.889892578125,198.21580505371094,29.04327392578125,78.01383972167969,-1,-1,-1,-1
93,3,326.4993896484375,197.0104522705078,28.637786865234375,77.30693054199219,-1,-1,-1,-1
94,3,326.941162109375,195.78196716308594,28.818603515625,78.37495422363281,-1,-1,-1,-1
95,3,327.77130126953125,194.55006408691406,28.6239013671875,79.04750061035156,-1,-1,-1,-1
96,3,328.2595520019531,193.9281005859375,28.820953369140625,79.08114624023438,-1,-1,-1,-1
97,3,329.4046936035156,193.4626007080078,29.072906494140625,79.28681945800781,-1,-1,-1,-1
98,3,329.8575744628906,193.31004333496094,29.256988525390625,79.23170471191406,-1,-1,-1,-1
99,3,330.37896728515625,193.50413513183594,29.2242431640625,78.88212585449219,-1,-1,-1,-1
100,3,331.0177307128906,193.68292236328125,28.937225341796875,78.55502319335938,-1,-1,-1,-1
101,3,331.5997314453125,193.39566040039062,28.652130126953125,78.3675537109375,-1,-1,-1,-1
102,3,331.8091125488281,193.02565002441406,28.737640380859375,78.13346862792969,-1,-1,-1,-1
103,3,332.3216247558594,191.69464111328125,28.660797119140625,78.50067138671875,-1,-1,-1,-1
104,3,332.67193603515625,190.39254760742188,28.6348876953125,78.9942626953125,-1,-1,-1,-1
105,3,333.3626708984375,189.5502471923828,28.788818359375,79.06172180175781,-1,-1,-1,-1
106,3,333.87445068359375,189.18797302246094,29.05322265625,78.84648132324219,-1,-1,-1,-1
107,3,334.67718505859375,189.21571350097656,28.9495849609375,77.85438537597656,-1,-1,-1,-1
108,3,335.16326904296875,189.1934814453125,28.989288330078125,77.24282836914062,-1,-1,-1,-1
109,3,335.9027404785156,189.40869140625,28.93572998046875,76.9654541015625,-1,-1,-1,-1
110,3,336.5487365722656,189.73211669921875,28.6690673828125,76.44766235351562,-1,-1,-1,-1
111,3,338.02117919921875,189.70339965820312,27.874847412109375,75.64178466796875,-1,-1,-1,-1
112,3,338.83099365234375,189.44338989257812,27.791839599609375,75.37271118164062,-1,-1,-1,-1
113,3,340.5776672363281,187.90780639648438,27.94024658203125,75.92221069335938,-1,-1,-1,-1
114,3,341.2183837890625,187.33531188964844,27.824310302734375,76.00810241699219,-1,-1,-1,-1
115,3,341.92138671875,185.6084442138672,27.892547607421875,76.84815979003906,-1,-1,-1,-1
116,3,342.4065246582031,184.55787658691406,27.903106689453125,77.30982971191406,-1,-1,-1,-1
117,3,343.3407287597656,183.1282958984375,27.755462646484375,78.15029907226562,-1,-1,-1,-1
118,3,343.5679931640625,181.9525909423828,28.3826904296875,78.91593933105469,-1,-1,-1,-1
119,3,344.21392822265625,181.80853271484375,28.686859130859375,78.888427734375,-1,-1,-1,-1
120,3,344.8439636230469,181.8109588623047,28.984527587890625,78.67625427246094,-1,-1,-1,-1
121,3,345.4191589355469,182.07066345214844,29.253326416015625,77.98616027832031,-1,-1,-1,-1
122,3,346.07830810546875,181.91065979003906,29.04144287109375,77.93818664550781,-1,-1,-1,-1
123,3,346.73040771484375,181.516357421875,28.6529541015625,77.624755859375,-1,-1,-1,-1
124,3,347.06256103515625,181.38275146484375,28.6134033203125,77.29678344726562,-1,-1,-1,-1
125,3,347.51336669921875,180.94320678710938,28.257904052734375,76.66435241699219,-1,-1,-1,-1
126,3,347.7694396972656,180.13047790527344,28.208587646484375,75.86984252929688,-1,-1,-1,-1
127,3,348.18609619140625,178.5186309814453,28.3206787109375,76.97332763671875,-1,-1,-1,-1
128,3,348.80938720703125,177.35305786132812,27.962158203125,77.606201171875,-1,-1,-1,-1
129,3,349.2959899902344,175.82054138183594,28.087799072265625,78.34642028808594,-1,-1,-1,-1
130,3,349.5308837890625,175.1435546875,28.225341796875,78.45208740234375,-1,-1,-1,-1
131,3,350.2880859375,175.98306274414062,27.830657958984375,77.46141052246094,-1,-1,-1,-1
132,3,350.9564208984375,176.51312255859375,27.48834228515625,76.61811828613281,-1,-1,-1,-1
133,3,351.8197937011719,176.52183532714844,27.090850830078125,76.27264404296875,-1,-1,-1,-1
134,3,352.18682861328125,175.9816131591797,27.167449951171875,76.65303039550781,-1,-1,-1,-1
135,3,353.0072021484375,175.90646362304688,27.052032470703125,76.11250305175781,-1,-1,-1,-1
136,3,353.3682556152344,175.49317932128906,27.416107177734375,75.97467041015625,-1,-1,-1,-1
137,3,353.8931884765625,174.4454345703125,27.748687744140625,76.31681823730469,-1,-1,-1,-1
138,3,354.3857421875,173.94544982910156,27.870941162109375,76.49346923828125,-1,-1,-1,-1
139,3,354.9612731933594,173.3928680419922,28.21533203125,76.45964050292969,-1,-1,-1,-1
140,3,355.22625732421875,172.88897705078125,28.772857666015625,76.53086853027344,-1,-1,-1,-1
141,3,356.1611328125,172.7602081298828,28.7928466796875,76.30520629882812,-1,-1,-1,-1
142,3,357.13568115234375,173.01052856445312,28.618682861328125,75.34884643554688,-1,-1,-1,-1
143,3,357.68634033203125,173.20330810546875,28.7725830078125,75.083740234375,-1,-1,-1,-1
144,3,358.2384948730469,173.318359375,28.65814208984375,74.94627380371094,-1,-1,-1,-1
145,3,358.5533447265625,172.4760284423828,28.993621826171875,75.31874084472656,-1,-1,-1,-1
146,3,358.7555847167969,172.21975708007812,29.33856201171875,75.2730712890625,-1,-1,-1,-1
147,3,359.29840087890625,171.94476318359375,29.18902587890625,73.53459167480469,-1,-1,-1,-1
148,3,359.6527099609375,171.43417358398438,29.1732177734375,73.100341796875,-1,-1,-1,-1
149,3,360.3069152832031,170.6578826904297,28.96051025390625,73.15245056152344,-1,-1,-1,-1
150,3,360.91802978515625,170.74972534179688,28.557159423828125,72.7286376953125,-1,-1,-1,-1
151,3,361.8848571777344,170.20022583007812,28.17535400390625,72.36466979980469,-1,-1,-1,-1
152,3,362.48193359375,169.7022705078125,28.099761962890625,72.49664306640625,-1,-1,-1,-1
153,3,362.9665222167969,169.53179931640625,28.35595703125,72.49418640136719,-1,-1,-1,-1
154,3,363.78961181640625,169.78456115722656,27.8922119140625,72.01609802246094,-1,-1,-1,-1
155,3,364.8652648925781,169.5792999267578,27.606475830078125,71.71551513671875,-1,-1,-1,-1
156,3,365.72613525390625,169.0651397705078,27.465484619140625,71.80575561523438,-1,-1,-1,-1
157,3,366.7608337402344,168.35626220703125,27.449737548828125,72.32431030273438,-1,-1,-1,-1
158,3,367.3426818847656,167.5997314453125,28.00006103515625,72.76126098632812,-1,-1,-1,-1
159,3,368.4433288574219,166.57022094726562,27.766571044921875,73.18763732910156,-1,-1,-1,-1
160,3,368.9902648925781,166.11448669433594,27.82269287109375,73.17837524414062,-1,-1,-1,-1
161,3,369.8961181640625,164.99464416503906,27.56195068359375,73.60066223144531,-1,-1,-1,-1
162,3,370.59991455078125,164.54006958007812,27.273712158203125,73.66885375976562,-1,-1,-1,-1
163,3,371.2326354980469,163.85153198242188,27.348968505859375,74.028076171875,-1,-1,-1,-1
164,3,371.72882080078125,163.63461303710938,27.274017333984375,74.01756286621094,-1,-1,-1,-1
165,3,372.326171875,163.82606506347656,27.28253173828125,73.53759765625,-1,-1,-1,-1
166,3,372.40130615234375,163.72679138183594,27.837554931640625,73.24188232421875,-1,-1,-1,-1
167,3,372.84637451171875,163.43821716308594,27.73291015625,72.62503051757812,-1,-1,-1,-1
168,3,373.0312805175781,162.63690185546875,28.224945068359375,72.9832763671875,-1,-1,-1,-1
169,3,373.82110595703125,162.4209747314453,27.895263671875,71.80534362792969,-1,-1,-1,-1
170,3,374.54144287109375,162.0120391845703,27.691650390625,71.33682250976562,-1,-1,-1,-1
171,3,374.89874267578125,160.37225341796875,28.2933349609375,72.13040161132812,-1,-1,-1,-1
172,3,375.16156005859375,159.80690002441406,28.783355712890625,72.43524169921875,-1,-1,-1,-1
173,3,375.86419677734375,154.48715209960938,29.391143798828125,76.8890380859375,-1,-1,-1,-1
174,3,376.3406677246094,151.57559204101562,29.856109619140625,79.38273620605469,-1,-1,-1,-1
175,3,376.9519348144531,146.7499237060547,31.079254150390625,83.552734375,-1,-1,-1,-1
176,3,376.9898376464844,146.39698791503906,31.312744140625,83.5894775390625,-1,-1,-1,-1
177,3,378.62567138671875,146.627197265625,30.42535400390625,82.90736389160156,-1,-1,-1,-1
178,3,380.7577209472656,153.30857849121094,28.695953369140625,76.73284912109375,-1,-1,-1,-1
179,3,380.4660949707031,144.84088134765625,30.54107666015625,85.18699645996094,-1,-1,-1,-1
180,3,380.01898193359375,145.63121032714844,31.6041259765625,83.58364868164062,-1,-1,-1,-1
181,3,381.6956481933594,148.60406494140625,30.67474365234375,79.43971252441406,-1,-1,-1,-1
182,3,382.70867919921875,150.27540588378906,30.190887451171875,77.45721435546875,-1,-1,-1,-1
183,3,386.1407775878906,151.406982421875,27.324188232421875,75.43745422363281,-1,-1,-1,-1
184,3,387.1200256347656,151.95870971679688,26.9586181640625,74.56698608398438,-1,-1,-1,-1
185,3,388.92327880859375,153.5659942626953,26.609405517578125,72.90679931640625,-1,-1,-1,-1
186,3,389.39154052734375,153.7506561279297,26.955291748046875,72.58255004882812,-1,-1,-1,-1
187,3,390.5327453613281,154.12100219726562,26.399200439453125,72.56739807128906,-1,-1,-1,-1
188,3,390.7651062011719,154.12005615234375,26.574188232421875,72.56361389160156,-1,-1,-1,-1
189,3,391.3896789550781,153.9830780029297,26.4063720703125,71.98355102539062,-1,-1,-1,-1
190,3,391.67633056640625,153.38037109375,26.676727294921875,71.9498291015625,-1,-1,-1,-1
191,3,392.11810302734375,152.7223358154297,26.84869384765625,71.71430969238281,-1,-1,-1,-1
192,3,392.2295837402344,152.25770568847656,27.38226318359375,71.36721801757812,-1,-1,-1,-1
193,3,392.8572998046875,151.6492919921875,27.831024169921875,71.0145263671875,-1,-1,-1,-1
194,3,393.53936767578125,151.61581420898438,27.679351806640625,70.72688293457031,-1,-1,-1,-1
195,3,394.0809020996094,151.35438537597656,27.80072021484375,70.55137634277344,-1,-1,-1,-1
196,3,394.841796875,151.29998779296875,27.526397705078125,70.28147888183594,-1,-1,-1,-1
197,3,395.7732849121094,151.74217224121094,27.4144287109375,69.66183471679688,-1,-1,-1,-1
198,3,396.11444091796875,152.18405151367188,27.660003662109375,69.10092163085938,-1,-1,-1,-1
199,3,397.48272705078125,152.2602996826172,27.029083251953125,68.33782958984375,-1,-1,-1,-1
200,3,398.03558349609375,152.01736450195312,27.18585205078125,68.34930419921875,-1,-1,-1,-1
1,4,149.76547241210938,287.7142333984375,24.160720825195312,70.2852783203125,-1,-1,-1,-1
2,4,147.5745391845703,284.9122314453125,25.809799194335938,73.38519287109375,-1,-1,-1,-1
3,4,143.9099578857422,284.2542724609375,27.837692260742188,76.01150512695312,-1,-1,-1,-1
4,4,144.38330078125,287.9817199707031,26.3531494140625,71.94100952148438,-1,-1,-1,-1
5,4,144.180908203125,286.34521484375,26.065048217773438,75.46282958984375,-1,-1,-1,-1
6,4,143.90830993652344,286.75799560546875,25.370391845703125,74.28958129882812,-1,-1,-1,-1
7,4,141.8370819091797,287.5888977050781,25.018585205078125,74.16876220703125,-1,-1,-1,-1
8,4,141.47134399414062,287.1122741699219,25.3145751953125,73.93881225585938,-1,-1,-1,-1
9,4,140.58596801757812,287.9289245605469,25.525177001953125,73.10159301757812,-1,-1,-1,-1
10,4,139.8248748779297,288.18096923828125,25.70904541015625,74.30621337890625,-1,-1,-1,-1
11,4,138.7618865966797,289.6697998046875,25.683395385742188,76.1339111328125,-1,-1,-1,-1
12,4,137.1940155029297,289.25677490234375,26.874374389648438,78.52267456054688,-1,-1,-1,-1
13,4,136.08120727539062,294.5715637207031,25.7476806640625,73.0986328125,-1,-1,-1,-1
14,4,135.05003356933594,292.24761962890625,26.711578369140625,74.93634033203125,-1,-1,-1,-1
15,4,131.9231414794922,292.50555419921875,26.917083740234375,75.54620361328125,-1,-1,-1,-1
16,4,133.14840698242188,296.78509521484375,23.711074829101562,71.0953369140625,-1,-1,-1,-1
17,4,132.15345764160156,298.57806396484375,24.344573974609375,70.32498168945312,-1,-1,-1,-1
18,4,130.9402313232422,299.3475646972656,24.736557006835938,70.28469848632812,-1,-1,-1,-1
19,4,127.63904571533203,299.716064453125,25.82616424560547,71.88534545898438,-1,-1,-1,-1
20,4,126.99676513671875,300.0657043457031,25.91162109375,71.68603515625,-1,-1,-1,-1
21,4,124.1524429321289,301.48126220703125,27.07030487060547,72.0804443359375,-1,-1,-1,-1
22,4,123.61714172363281,301.40997314453125,27.336273193359375,72.77633666992188,-1,-1,-1,-1
23,4,121.33826446533203,302.8338623046875,27.400718688964844,71.43008422851562,-1,-1,-1,-1
24,4,120.7356948852539,303.7860107421875,26.076438903808594,70.26470947265625,-1,-1,-1,-1
25,4,118.20922088623047,304.3567810058594,24.788475036621094,72.37026977539062,-1,-1,-1,-1
26,4,117.84117126464844,304.15216064453125,24.814422607421875,73.59637451171875,-1,-1,-1,-1
27,4,115.3681869506836,304.9241027832031,25.78730010986328,73.3922119140625,-1,-1,-1,-1
28,4,114.98267364501953,304.1842041015625,25.92365264892578,74.58401489257812,-1,-1,-1,-1
29,4,112.15338134765625,305.3284912109375,26.653152465820312,78.37545776367188,-1,-1,-1,-1
30,4,111.99073028564453,305.89923095703125,26.12670135498047,77.51858520507812,-1,-1,-1,-1
31,4,110.7884750366211,305.54193115234375,26.565208435058594,77.60006713867188,-1,-1,-1,-1
32,4,110.13871765136719,305.92230224609375,26.481185913085938,77.799560546875,-1,-1,-1,-1
33,4,107.26905059814453,307.589599609375,27.295875549316406,77.72052001953125,-1,-1,-1,-1
34,4,106.35205841064453,308.61895751953125,27.516319274902344,76.63421630859375,-1,-1,-1,-1
35,4,105.5438003540039,310.82415771484375,26.199302673339844,75.22900390625,-1,-1,-1,-1
36,4,105.0582275390625,312.0009765625,25.287551879882812,73.89453125,-1,-1,-1,-1
37,4,102.91106414794922,313.64459228515625,26.160301208496094,73.61471557617188,-1,-1,-1,-1
38,4,100.4811019897461,312.97601318359375,28.00958251953125,75.11386108398438,-1,-1,-1,-1
39,4,98.1698226928711,313.2537536621094,28.836387634277344,75.5751953125,-1,-1,-1,-1
40,4,96.35530090332031,314.7602844238281,29.08612823486328,76.00335693359375,-1,-1,-1,-1
41,4,95.2239990234375,315.88238525390625,28.410507202148438,75.72738647460938,-1,-1,-1,-1
42,4,95.24356079101562,316.139404296875,27.417564392089844,75.62307739257812,-1,-1,-1,-1
43,4,94.23101043701172,316.5975341796875,26.324546813964844,75.53225708007812,-1,-1,-1,-1
44,4,92.46592712402344,316.1827392578125,27.61652374267578,76.64065551757812,-1,-1,-1,-1
45,4,90.35093688964844,316.7466125488281,28.42133331298828,75.39093017578125,-1,-1,-1,-1
46,4,89.40861511230469,316.7851257324219,29.01215362548828,75.83053588867188,-1,-1,-1,-1
47,4,87.6802749633789,320.3367614746094,28.081207275390625,75.865966796875,-1,-1,-1,-1
48,4,85.97149658203125,319.3398132324219,27.905975341796875,75.81719970703125,-1,-1,-1,-1
49,4,85.48233795166016,319.8510437011719,26.243675231933594,75.87469482421875,-1,-1,-1,-1
50,4,84.99275207519531,320.2284240722656,24.88843536376953,74.66510009765625,-1,-1,-1,-1
51,4,83.54712677001953,320.66961669921875,25.215972900390625,76.572021484375,-1,-1,-1,-1
52,4,82.84080505371094,321.6697998046875,25.416091918945312,77.46609497070312,-1,-1,-1,-1
53,4,80.12210083007812,323.6927185058594,25.460350036621094,77.01828002929688,-1,-1,-1,-1
54,4,79.6298599243164,324.5018615722656,25.700782775878906,75.51895141601562,-1,-1,-1,-1
55,4,75.5905990600586,324.7342224121094,27.679367065429688,77.1220703125,-1,-1,-1,-1
56,4,75.1573715209961,324.626220703125,27.933181762695312,77.83493041992188,-1,-1,-1,-1
57,4,72.25233459472656,326.1361389160156,29.488059997558594,78.62771606445312,-1,-1,-1,-1
58,4,71.59957122802734,325.9431457519531,29.75928497314453,79.36468505859375,-1,-1,-1,-1
59,4,68.21380615234375,328.21673583984375,29.461219787597656,79.10275268554688,-1,-1,-1,-1
60,4,67.66068267822266,327.4186096191406,29.21221160888672,79.87335205078125,-1,-1,-1,-1
61,4,66.66981506347656,328.8059997558594,27.72760009765625,78.78036499023438,-1,-1,-1,-1
62,4,65.58924102783203,329.0394592285156,27.455780029296875,78.68389892578125,-1,-1,-1,-1
63,4,64.4418716430664,330.37738037109375,26.332260131835938,77.04327392578125,-1,-1,-1,-1
64,4,62.34904098510742,329.7330322265625,27.068553924560547,79.42245483398438,-1,-1,-1,-1
66,4,59.746192932128906,331.6993408203125,26.91919708251953,78.99624633789062,-1,-1,-1,-1
67,4,56.68854904174805,333.93255615234375,28.032169342041016,78.92428588867188,-1,-1,-1,-1
68,4,56.504520416259766,331.5725402832031,27.710735321044922,81.75970458984375,-1,-1,-1,-1
70,4,54.49650192260742,339.0259704589844,26.458820343017578,76.28475952148438,-1,-1,-1,-1
71,4,50.3671875,340.16558837890625,28.534027099609375,76.44522094726562,-1,-1,-1,-1
72,4,49.346988677978516,342.8258361816406,27.810588836669922,73.211669921875,-1,-1,-1,-1
73,4,44.29497528076172,341.4236145019531,30.558685302734375,77.35455322265625,-1,-1,-1,-1
74,4,43.72898864746094,341.37579345703125,30.443466186523438,77.69094848632812,-1,-1,-1,-1
75,4,39.557273864746094,341.1756896972656,32.85668182373047,79.4580078125,-1,-1,-1,-1
76,4,38.364418029785156,342.95477294921875,32.49884796142578,77.2318115234375,-1,-1,-1,-1
77,4,34.5677375793457,344.576904296875,33.768192291259766,77.1512451171875,-1,-1,-1,-1
78,4,34.54935836791992,343.7159118652344,31.339691162109375,78.4385986328125,-1,-1,-1,-1
79,4,32.12454414367676,346.9305419921875,29.325471878051758,76.97515869140625,-1,-1,-1,-1
80,4,31.42772674560547,344.1006164550781,28.972545623779297,79.58529663085938,-1,-1,-1,-1
81,4,29.99796485900879,343.5974426269531,28.625215530395508,79.54779052734375,-1,-1,-1,-1
82,4,27.59572410583496,344.8293762207031,29.672697067260742,82.22787475585938,-1,-1,-1,-1
83,4,25.481216430664062,345.91259765625,29.17739486694336,83.43130493164062,-1,-1,-1,-1
84,4,24.704788208007812,346.47576904296875,28.336326599121094,82.89859008789062,-1,-1,-1,-1
85,4,20.178346633911133,343.8172912597656,28.47633171081543,85.34716796875,-1,-1,-1,-1
86,4,18.41378402709961,342.6114501953125,28.906532287597656,87.59658813476562,-1,-1,-1,-1
87,4,18.529069900512695,348.45269775390625,27.5520076751709,82.05752563476562,-1,-1,-1,-1
88,4,12.486071586608887,345.74639892578125,31.310132026672363,86.904541015625,-1,-1,-1,-1
91,4,1.0,304.16265869140625,44.01841735839844,126.17034912109375,-1,-1,-1,-1
92,4,1.0,312.98974609375,42.35779571533203,118.51922607421875,-1,-1,-1,-1
93,4,1.0,357.1878967285156,33.16078186035156,77.47964477539062,-1,-1,-1,-1
94,4,1.0,359.38671875,31.682416915893555,75.41119384765625,-1,-1,-1,-1
95,4,1.0,358.1466369628906,28.933244705200195,79.6337890625,-1,-1,-1,-1
96,4,1.0,357.8289794921875,27.958759307861328,79.79592895507812,-1,-1,-1,-1
97,4,1.0,357.27630615234375,26.495609283447266,79.46670532226562,-1,-1,-1,-1
98,4,1.0,357.49688720703125,24.0800838470459,79.7752685546875,-1,-1,-1,-1
1,5,263.39239501953125,423.2295227050781,38.296600341796875,58.770477294921875,-1,-1,-1,-1
2,5,264.2701721191406,423.1614685058594,38.000701904296875,58.838531494140625,-1,-1,-1,-1
3,5,266.6204833984375,422.39007568359375,36.953704833984375,59.60992431640625,-1,-1,-1,-1
4,5,267.6806640625,422.6161804199219,36.881134033203125,59.383819580078125,-1,-1,-1,-1
5,5,270.9195251464844,421.0478820800781,35.784759521484375,60.952117919921875,-1,-1,-1,-1
6,5,271.28863525390625,420.5722961425781,36.3380126953125,61.427703857421875,-1,-1,-1,-1
7,5,272.3990173339844,417.8492431640625,37.441864013671875,64.1507568359375,-1,-1,-1,-1
8,5,273.5157165527344,418.46002197265625,38.223541259765625,63.53997802734375,-1,-1,-1,-1
9,5,275.690185546875,416.5768127441406,38.4638671875,65.42318725585938,-1,-1,-1,-1
10,5,276.4215393066406,417.66827392578125,39.440399169921875,64.33172607421875,-1,-1,-1,-1
11,5,277.38714599609375,415.67852783203125,39.44647216796875,66.32147216796875,-1,-1,-1,-1
12,5,278.2936706542969,416.24407958984375,38.736236572265625,65.75592041015625,-1,-1,-1,-1
13,5,279.3013610839844,415.5738830566406,39.370208740234375,66.42611694335938,-1,-1,-1,-1
14,5,279.9076843261719,415.8078308105469,39.461944580078125,66.19216918945312,-1,-1,-1,-1
15,5,281.62322998046875,415.4241027832031,38.502105712890625,66.57589721679688,-1,-1,-1,-1
16,5,281.8649597167969,415.5082702636719,38.82421875,66.49172973632812,-1,-1,-1,-1
17,5,282.776611328125,414.5888366699219,38.72076416015625,67.41116333007812,-1,-1,-1,-1
18,5,283.1846923828125,413.6479187011719,39.033721923828125,68.35208129882812,-1,-1,-1,-1
19,5,283.8302001953125,411.8844299316406,38.344970703125,70.11557006835938,-1,-1,-1,-1
20,5,284.59454345703125,412.3520202636719,37.926422119140625,69.64797973632812,-1,-1,-1,-1
21,5,284.7947692871094,410.4045104980469,38.438812255859375,71.59548950195312,-1,-1,-1,-1
22,5,285.615234375,410.5506896972656,37.85125732421875,71.44931030273438,-1,-1,-1,-1
23,5,286.43438720703125,409.3563537597656,38.234130859375,72.64364624023438,-1,-1,-1,-1
24,5,286.6650085449219,408.4593505859375,38.580108642578125,73.5406494140625,-1,-1,-1,-1
25,5,287.1919860839844,407.107177734375,38.49920654296875,74.892822265625,-1,-1,-1,-1
26,5,287.8570556640625,407.2189636230469,38.130279541015625,74.78103637695312,-1,-1,-1,-1
27,5,288.6687316894531,406.9374694824219,38.039459228515625,75.06253051757812,-1,-1,-1,-1
28,5,289.4049072265625,406.8187255859375,37.74725341796875,75.1812744140625,-1,-1,-1,-1
29,5,290.59674072265625,406.4045715332031,38.0067138671875,75.59542846679688,-1,-1,-1,-1
30,5,291.4920349121094,405.96307373046875,37.88623046875,76.03692626953125,-1,-1,-1,-1
31,5,292.6905822753906,405.5920104980469,38.60107421875,76.40798950195312,-1,-1,-1,-1
32,5,294.3568115234375,404.95196533203125,37.450714111328125,77.04803466796875,-1,-1,-1,-1
33,5,294.678466796875,403.693115234375,39.3348388671875,78.306884765625,-1,-1,-1,-1
34,5,295.69818115234375,402.3868103027344,38.542022705078125,79.61318969726562,-1,-1,-1,-1
35,5,296.8160400390625,402.2481994628906,38.313690185546875,79.75180053710938,-1,-1,-1,-1
36,5,297.119140625,401.0963134765625,39.030517578125,80.9036865234375,-1,-1,-1,-1
37,5,297.94781494140625,400.54937744140625,38.88226318359375,81.45062255859375,-1,-1,-1,-1
38,5,298.5508728027344,400.2787170410156,38.616363525390625,81.72128295898438,-1,-1,-1,-1
39,5,298.8330993652344,399.60418701171875,38.91326904296875,82.39581298828125,-1,-1,-1,-1
40,5,299.1825866699219,399.2880554199219,38.4443359375,82.71194458007812,-1,-1,-1,-1
41,5,299.1443786621094,398.9156799316406,38.74603271484375,83.08432006835938,-1,-1,-1,-1
42,5,299.3673095703125,398.5361022949219,38.6717529296875,83.46389770507812,-1,-1,-1,-1
43,5,299.64691162109375,397.4594421386719,38.7420654296875,84.54055786132812,-1,-1,-1,-1
44,5,300.0978088378906,396.9405822753906,38.299041748046875,85.05941772460938,-1,-1,-1,-1
45,5,300.1885070800781,396.0790710449219,38.503570556640625,85.92092895507812,-1,-1,-1,-1
46,5,299.9937438964844,395.6427307128906,38.675201416015625,86.35726928710938,-1,-1,-1,-1
47,5,299.76171875,394.6797790527344,39.117919921875,87.32022094726562,-1,-1,-1,-1
48,5,299.58392333984375,394.0151062011719,39.353118896484375,87.98489379882812,-1,-1,-1,-1
49,5,299.6534423828125,392.7840576171875,39.594757080078125,89.2159423828125,-1,-1,-1,-1
50,5,299.9166564941406,392.2489929199219,39.456329345703125,89.75100708007812,-1,-1,-1,-1
51,5,300.510498046875,391.8227233886719,39.41888427734375,90.17727661132812,-1,-1,-1,-1
52,5,301.7420959472656,391.3773498535156,38.780853271484375,90.62265014648438,-1,-1,-1,-1
53,5,303.2524719238281,391.36077880859375,37.7064208984375,90.63922119140625,-1,-1,-1,-1
54,5,304.3655700683594,390.91839599609375,37.037384033203125,91.08160400390625,-1,-1,-1,-1
55,5,305.91729736328125,390.12139892578125,36.2080078125,91.87860107421875,-1,-1,-1,-1
56,5,306.7790222167969,389.3052062988281,36.2161865234375,92.69479370117188,-1,-1,-1,-1
57,5,308.11260986328125,388.2865905761719,36.134490966796875,93.71340942382812,-1,-1,-1,-1
58,5,308.8133850097656,387.54510498046875,36.076629638671875,94.45489501953125,-1,-1,-1,-1
59,5,310.1434326171875,386.5460510253906,35.874908447265625,95.45394897460938,-1,-1,-1,-1
60,5,310.66448974609375,386.113525390625,35.900360107421875,95.886474609375,-1,-1,-1,-1
61,5,311.06884765625,385.3652038574219,37.178619384765625,96.63479614257812,-1,-1,-1,-1
62,5,311.7406921386719,384.7140808105469,37.22381591796875,97.22909545898438,-1,-1,-1,-1
63,5,312.95159912109375,383.83056640625,37.217681884765625,97.36569213867188,-1,-1,-1,-1
64,5,313.38604736328125,383.23486328125,37.3406982421875,97.89102172851562,-1,-1,-1,-1
65,5,314.3406066894531,382.9921569824219,36.990325927734375,98.50637817382812,-1,-1,-1,-1
66,5,314.92279052734375,382.78509521484375,36.75640869140625,98.98385620117188,-1,-1,-1,-1
67,5,315.60113525390625,382.35968017578125,36.68206787109375,98.317626953125,-1,-1,-1,-1
68,5,316.12762451171875,381.88275146484375,36.43084716796875,98.16836547851562,-1,-1,-1,-1
69,5,316.72021484375,380.88104248046875,36.1497802734375,98.05654907226562,-1,-1,-1,-1
70,5,317.12109375,380.1731262207031,36.02850341796875,97.9261474609375,-1,-1,-1,-1
71,5,317.2331848144531,378.9189758300781,36.33306884765625,98.40573120117188,-1,-1,-1,-1
72,5,317.3335266113281,378.3309326171875,36.190155029296875,97.45587158203125,-1,-1,-1,-1
73,5,317.54388427734375,377.5557861328125,36.028228759765625,97.25900268554688,-1,-1,-1,-1
74,5,317.80645751953125,376.84844970703125,35.695709228515625,97.54302978515625,-1,-1,-1,-1
75,5,318.14691162109375,376.51318359375,35.696807861328125,97.27005004882812,-1,-1,-1,-1
76,5,318.2349853515625,376.08123779296875,35.9869384765625,97.26141357421875,-1,-1,-1,-1
77,5,318.74346923828125,375.75811767578125,36.442626953125,97.22940063476562,-1,-1,-1,-1
78,5,319.185302734375,375.60968017578125,36.660980224609375,97.00320434570312,-1,-1,-1,-1
79,5,319.86669921875,375.46417236328125,36.69683837890625,96.38345336914062,-1,-1,-1,-1
80,5,320.286376953125,375.44439697265625,36.61041259765625,95.81948852539062,-1,-1,-1,-1
81,5,321.31927490234375,374.2134094238281,36.65435791015625,96.73971557617188,-1,-1,-1,-1
82,5,322.7248840332031,373.8829345703125,36.032470703125,96.42922973632812,-1,-1,-1,-1
83,5,324.6492919921875,372.16229248046875,35.57171630859375,96.92752075195312,-1,-1,-1,-1
84,5,325.9136657714844,371.9288024902344,34.944976806640625,96.1451416015625,-1,-1,-1,-1
85,5,326.91595458984375,371.0799255371094,34.943939208984375,95.9361572265625,-1,-1,-1,-1
86,5,327.56787109375,370.4833984375,35.0257568359375,95.67681884765625,-1,-1,-1,-1
87,5,328.15252685546875,369.99847412109375,35.1737060546875,95.16156005859375,-1,-1,-1,-1
88,5,328.56402587890625,369.55511474609375,35.190460205078125,94.51123046875,-1,-1,-1,-1
89,5,328.8730163574219,369.0316162109375,35.572509765625,94.01904296875,-1,-1,-1,-1
90,5,329.2287902832031,368.8280029296875,35.7222900390625,94.12823486328125,-1,-1,-1,-1
91,5,329.6541748046875,368.43359375,36.0057373046875,94.51986694335938,-1,-1,-1,-1
92,5,329.7164306640625,368.0528259277344,36.432830810546875,95.15841674804688,-1,-1,-1,-1
93,5,330.01287841796875,367.45074462890625,36.6473388671875,96.06307983398438,-1,-1,-1,-1
94,5,330.2653503417969,366.908935546875,36.649261474609375,96.50994873046875,-1,-1,-1,-1
95,5,330.2464599609375,365.98370361328125,36.503631591796875,96.72586059570312,-1,-1,-1,-1
96,5,330.2705078125,365.1304626464844,36.64178466796875,96.95468139648438,-1,-1,-1,-1
97,5,330.587646484375,363.59832763671875,36.5960693359375,96.60720825195312,-1,-1,-1,-1
98,5,330.9056396484375,362.9794616699219,36.338104248046875,95.89007568359375,-1,-1,-1,-1
99,5,331.37982177734375,362.2251281738281,35.93402099609375,95.47122192382812,-1,-1,-1,-1
100,5,331.7001953125,361.7387390136719,35.744873046875,95.39035034179688,-1,-1,-1,-1
101,5,332.3729248046875,361.02166748046875,35.19158935546875,95.59762573242188,-1,-1,-1,-1
102,5,332.8670654296875,360.53814697265625,34.88665771484375,95.71966552734375,-1,-1,-1,-1
103,5,333.4588317871094,360.1908264160156,34.944091796875,95.75628662109375,-1,-1,-1,-1
104,5,333.7756652832031,359.75640869140625,35.222869873046875,95.90890502929688,-1,-1,-1,-1
105,5,334.3412780761719,359.42352294921875,35.17144775390625,95.63262939453125,-1,-1,-1,-1
106,5,334.71368408203125,358.93829345703125,35.10272216796875,95.75054931640625,-1,-1,-1,-1
107,5,335.387939453125,358.0292053222656,35.15093994140625,96.25439453125,-1,-1,-1,-1
108,5,336.0064697265625,357.13677978515625,35.2183837890625,96.91732788085938,-1,-1,-1,-1
109,5,336.89825439453125,356.4847412109375,35.49017333984375,96.496826171875,-1,-1,-1,-1
110,5,337.3379211425781,356.23577880859375,35.700103759765625,95.38970947265625,-1,-1,-1,-1
111,5,338.035888671875,355.5625,35.811126708984375,94.32199096679688,-1,-1,-1,-1
112,5,338.5225830078125,355.2295837402344,36.07464599609375,93.91513061523438,-1,-1,-1,-1
113,5,339.199462890625,354.73785400390625,36.2613525390625,93.70510864257812,-1,-1,-1,-1
114,5,339.71502685546875,354.37274169921875,36.28033447265625,93.68475341796875,-1,-1,-1,-1
115,5,340.2525634765625,353.83453369140625,36.2232666015625,93.52877807617188,-1,-1,-1,-1
116,5,340.5791320800781,353.453125,36.072021484375,93.40557861328125,-1,-1,-1,-1
117,5,341.02642822265625,353.112548828125,35.995697021484375,93.89776611328125,-1,-1,-1,-1
118,5,341.0524597167969,352.85015869140625,36.1884765625,94.26763916015625,-1,-1,-1,-1
119,5,341.23046875,352.1570129394531,35.7734375,94.62857055664062,-1,-1,-1,-1
120,5,341.37957763671875,351.846923828125,35.392913818359375,94.32220458984375,-1,-1,-1,-1
121,5,341.43994140625,350.70404052734375,35.215606689453125,94.43447875976562,-1,-1,-1,-1
122,5,341.47381591796875,350.0912170410156,34.921905517578125,93.73309326171875,-1,-1,-1,-1
123,5,341.3887634277344,349.2220458984375,34.724578857421875,93.30441284179688,-1,-1,-1,-1
124,5,341.4095153808594,348.29644775390625,34.711700439453125,93.81427001953125,-1,-1,-1,-1
125,5,341.7593688964844,347.6878662109375,34.375885009765625,93.94024658203125,-1,-1,-1,-1
126,5,341.8203125,347.4001770019531,34.193939208984375,93.8065185546875,-1,-1,-1,-1
127,5,342.3777770996094,346.93109130859375,33.9813232421875,93.54714965820312,-1,-1,-1,-1
128,5,342.72320556640625,346.58001708984375,34.082305908203125,93.520263671875,-1,-1,-1,-1
129,5,342.9984436035156,346.2718200683594,34.325103759765625,92.78732299804688,-1,-1,-1,-1
130,5,343.4855041503906,345.98529052734375,34.18902587890625,92.5567626953125,-1,-1,-1,-1
131,5,344.3160705566406,345.4795837402344,34.03485107421875,92.88870239257812,-1,-1,-1,-1
132,5,345.50390625,344.718994140625,33.38580322265625,93.0579833984375,-1,-1,-1,-1
133,5,347.2457580566406,343.9396057128906,33.3975830078125,92.56100463867188,-1,-1,-1,-1
134,5,348.0318298339844,343.5966796875,33.268890380859375,91.68951416015625,-1,-1,-1,-1
135,5,349.0211486816406,342.927734375,33.200775146484375,91.43081665039062,-1,-1,-1,-1
136,5,349.6023254394531,342.4129638671875,33.5301513671875,91.1591796875,-1,-1,-1,-1
137,5,349.9434509277344,341.78546142578125,34.04290771484375,91.15237426757812,-1,-1,-1,-1
138,5,350.3078308105469,341.4101867675781,34.17138671875,90.79660034179688,-1,-1,-1,-1
139,5,350.79254150390625,340.6261901855469,34.909515380859375,90.87506103515625,-1,-1,-1,-1
140,5,351.3768005371094,340.174560546875,35.096282958984375,91.30337524414062,-1,-1,-1,-1
141,5,352.1457214355469,339.83685302734375,35.048095703125,91.65530395507812,-1,-1,-1,-1
142,5,352.6450500488281,339.54779052734375,34.7894287109375,91.980712890625,-1,-1,-1,-1
143,5,352.9080810546875,339.2970275878906,35.09722900390625,92.70883178710938,-1,-1,-1,-1
144,5,353.31890869140625,338.72735595703125,34.84295654296875,93.38909912109375,-1,-1,-1,-1
145,5,353.4894714355469,338.0934143066406,34.531158447265625,93.47747802734375,-1,-1,-1,-1
146,5,353.6852111816406,337.91766357421875,34.3995361328125,92.73190307617188,-1,-1,-1,-1
147,5,353.8424987792969,337.572265625,34.349578857421875,90.92922973632812,-1,-1,-1,-1
148,5,353.8877258300781,336.8017578125,34.451385498046875,91.33859252929688,-1,-1,-1,-1
149,5,354.1627197265625,335.92230224609375,34.279205322265625,91.73452758789062,-1,-1,-1,-1
150,5,354.21337890625,335.32379150390625,34.311065673828125,91.79330444335938,-1,-1,-1,-1
151,5,354.4690856933594,334.67816162109375,34.28460693359375,91.76181030273438,-1,-1,-1,-1
152,5,354.6403503417969,334.26611328125,34.16357421875,91.47100830078125,-1,-1,-1,-1
153,5,354.938232421875,333.4845275878906,34.23175048828125,91.59613037109375,-1,-1,-1,-1
154,5,355.1156311035156,333.2672119140625,34.22039794921875,91.22457885742188,-1,-1,-1,-1
155,5,355.4197692871094,333.1680603027344,34.2589111328125,90.85659790039062,-1,-1,-1,-1
156,5,355.7731628417969,332.8143310546875,34.1072998046875,90.92529296875,-1,-1,-1,-1
157,5,356.2027893066406,332.3565979003906,34.4383544921875,90.54452514648438,-1,-1,-1,-1
158,5,356.69854736328125,331.7413330078125,34.496063232421875,90.82333374023438,-1,-1,-1,-1
159,5,357.4772033691406,330.9374694824219,34.4700927734375,90.64874267578125,-1,-1,-1,-1
160,5,358.2470703125,329.95355224609375,34.300811767578125,90.16958618164062,-1,-1,-1,-1
161,5,358.84136962890625,329.088623046875,34.106231689453125,89.52935791015625,-1,-1,-1,-1
162,5,359.3534851074219,328.7843933105469,33.934967041015625,89.0345458984375,-1,-1,-1,-1
163,5,360.1116943359375,328.2147216796875,33.587646484375,88.69381713867188,-1,-1,-1,-1
164,5,360.7030029296875,328.0481262207031,33.337921142578125,87.8541259765625,-1,-1,-1,-1
165,5,361.0821533203125,327.8589172363281,33.454925537109375,87.56069946289062,-1,-1,-1,-1
166,5,361.300048828125,327.6412048339844,33.51983642578125,87.6865234375,-1,-1,-1,-1
167,5,361.4020080566406,327.4552001953125,33.656646728515625,88.03128051757812,-1,-1,-1,-1
168,5,361.53131103515625,327.42181396484375,33.456268310546875,88.292236328125,-1,-1,-1,-1
169,5,361.491943359375,326.61376953125,33.187957763671875,88.97134399414062,-1,-1,-1,-1
170,5,361.3143005371094,325.9248352050781,33.161376953125,89.48471069335938,-1,-1,-1,-1
171,5,361.0850524902344,325.0443115234375,33.20269775390625,89.85342407226562,-1,-1,-1,-1
172,5,360.87921142578125,324.21759033203125,33.0731201171875,89.68399047851562,-1,-1,-1,-1
173,5,360.7618408203125,322.6443176269531,33.03472900390625,89.56277465820312,-1,-1,-1,-1
174,5,360.6137390136719,321.848876953125,33.032257080078125,89.42208862304688,-1,-1,-1,-1
175,5,360.8978271484375,320.97369384765625,32.66143798828125,89.48831176757812,-1,-1,-1,-1
176,5,361.0578308105469,320.4988708496094,32.549224853515625,89.57266235351562,-1,-1,-1,-1
177,5,361.425537109375,320.29541015625,32.379974365234375,89.31039428710938,-1,-1,-1,-1
178,5,361.61474609375,320.1346740722656,32.46014404296875,89.2325439453125,-1,-1,-1,-1
179,5,362.1533508300781,320.1865234375,32.496429443359375,88.91159057617188,-1,-1,-1,-1
180,5,362.807861328125,319.9861755371094,32.196624755859375,88.34234619140625,-1,-1,-1,-1
181,5,363.2493591308594,319.77569580078125,32.435333251953125,88.073974609375,-1,-1,-1,-1
182,5,364.1007995605469,319.645263671875,32.05352783203125,87.74484252929688,-1,-1,-1,-1
183,5,364.96307373046875,318.8121032714844,32.296966552734375,87.7340087890625,-1,-1,-1,-1
184,5,365.9482421875,317.98028564453125,32.055572509765625,87.69650268554688,-1,-1,-1,-1
185,5,367.1354064941406,317.06878662109375,32.126983642578125,86.9554443359375,-1,-1,-1,-1
186,5,367.5851135253906,316.53314208984375,32.23309326171875,86.86898803710938,-1,-1,-1,-1
187,5,368.1747131347656,315.8240966796875,32.347869873046875,86.8138427734375,-1,-1,-1,-1
188,5,368.6050109863281,314.989013671875,32.6607666015625,86.86688232421875,-1,-1,-1,-1
189,5,369.1394958496094,314.3651123046875,33.054290771484375,86.47897338867188,-1,-1,-1,-1
190,5,369.5807800292969,314.2272644042969,33.161956787109375,86.10565185546875,-1,-1,-1,-1
191,5,369.9210205078125,314.1943359375,33.751129150390625,86.07696533203125,-1,-1,-1,-1
192,5,370.343994140625,314.1926574707031,33.71832275390625,85.91302490234375,-1,-1,-1,-1
193,5,370.95867919921875,313.8136291503906,33.750762939453125,86.25537109375,-1,-1,-1,-1
194,5,371.6788024902344,313.44903564453125,33.47235107421875,86.53427124023438,-1,-1,-1,-1
195,5,372.1812744140625,312.5380859375,33.458160400390625,87.28866577148438,-1,-1,-1,-1
196,5,372.6732177734375,311.63140869140625,33.2950439453125,88.14706420898438,-1,-1,-1,-1
197,5,373.07244873046875,310.6454162597656,33.128936767578125,87.64794921875,-1,-1,-1,-1
198,5,373.5420837402344,310.3449401855469,32.91632080078125,86.6805419921875,-1,-1,-1,-1
199,5,373.999267578125,309.7532653808594,32.697662353515625,86.04010009765625,-1,-1,-1,-1
200,5,374.5893249511719,309.297607421875,32.518829345703125,85.7784423828125,-1,-1,-1,-1
84,6,1.0,334.71038818359375,29.661455154418945,88.79306030273438,-1,-1,-1,-1
85,6,1.0,330.97613525390625,30.85338020324707,92.96774291992188,-1,-1,-1,-1
96,6,16.45997905731201,326.2200012207031,34.03315448760986,80.67593383789062,-1,-1,-1,-1
97,6,16.381051063537598,325.59423828125,34.43451976776123,81.25784301757812,-1,-1,-1,-1
98,6,17.893468856811523,321.287841796875,34.231489181518555,84.97576904296875,-1,-1,-1,-1
99,6,22.310510635375977,321.26385498046875,32.064714431762695,83.93609619140625,-1,-1,-1,-1
100,6,23.380584716796875,320.579833984375,31.549007415771484,84.35006713867188,-1,-1,-1,-1
101,6,26.210790634155273,318.41009521484375,33.02854347229004,86.430419921875,-1,-1,-1,-1
102,6,26.41852378845215,318.14312744140625,32.81459617614746,86.47238159179688,-1,-1,-1,-1
103,6,27.644142150878906,318.64825439453125,32.599456787109375,84.9412841796875,-1,-1,-1,-1
104,6,28.314022064208984,319.0052490234375,32.83897399902344,84.206787109375,-1,-1,-1,-1
105,6,30.365617752075195,318.7911682128906,33.60127067565918,83.37152099609375,-1,-1,-1,-1
106,6,30.580787658691406,319.555908203125,33.53358840942383,81.3114013671875,-1,-1,-1,-1
107,6,31.90903663635254,317.8414611816406,33.54340934753418,81.36639404296875,-1,-1,-1,-1
108,6,32.57216835021973,316.0631408691406,33.605024337768555,82.36688232421875,-1,-1,-1,-1
109,6,34.01123046875,315.49169921875,33.020912170410156,81.15005493164062,-1,-1,-1,-1
110,6,36.39434051513672,315.056396484375,31.348594665527344,79.55307006835938,-1,-1,-1,-1
111,6,39.26600646972656,312.5138244628906,31.232070922851562,81.6480712890625,-1,-1,-1,-1
112,6,39.665138244628906,311.8096923828125,31.144248962402344,81.73764038085938,-1,-1,-1,-1
113,6,42.74616241455078,310.8553466796875,30.97246551513672,83.11898803710938,-1,-1,-1,-1
114,6,43.46416473388672,309.9390869140625,30.97454833984375,84.22158813476562,-1,-1,-1,-1
115,6,42.825992584228516,306.44635009765625,35.575565338134766,88.57913208007812,-1,-1,-1,-1
116,6,43.87030029296875,307.8706970214844,35.22108459472656,85.94036865234375,-1,-1,-1,-1
117,6,46.8499641418457,308.85382080078125,34.31723403930664,83.53567504882812,-1,-1,-1,-1
118,6,50.027828216552734,307.6294860839844,32.58602523803711,83.20498657226562,-1,-1,-1,-1
119,6,55.21779251098633,307.90142822265625,28.42898178100586,81.46810913085938,-1,-1,-1,-1
120,6,53.779842376708984,305.8153991699219,31.275318145751953,83.45260620117188,-1,-1,-1,-1
121,6,55.78574752807617,305.0319519042969,31.52151870727539,83.60665893554688,-1,-1,-1,-1
122,6,56.62617874145508,305.3496398925781,30.82968521118164,82.56515502929688,-1,-1,-1,-1
123,6,59.54026794433594,305.416748046875,30.111099243164062,81.6744384765625,-1,-1,-1,-1
124,6,60.5292854309082,305.83642578125,30.534656524658203,81.152587890625,-1,-1,-1,-1
125,6,62.79636001586914,303.0925598144531,31.84823226928711,82.60787963867188,-1,-1,-1,-1
126,6,63.02417755126953,303.00640869140625,32.793556213378906,81.690185546875,-1,-1,-1,-1
127,6,63.59597396850586,302.2930603027344,32.760868072509766,82.37969970703125,-1,-1,-1,-1
128,6,64.84812927246094,304.31219482421875,32.19965362548828,79.27664184570312,-1,-1,-1,-1
129,6,68.40037536621094,303.94525146484375,31.897621154785156,77.453125,-1,-1,-1,-1
130,6,69.78917694091797,304.36749267578125,30.68560791015625,74.91839599609375,-1,-1,-1,-1
131,6,71.00394439697266,302.4284362792969,29.235458374023438,75.92059326171875,-1,-1,-1,-1
132,6,71.32235717773438,299.9286804199219,29.324188232421875,78.43994140625,-1,-1,-1,-1
133,6,73.08917236328125,295.9331359863281,30.37751007080078,81.98837280273438,-1,-1,-1,-1
134,6,73.86250305175781,295.8553771972656,30.427024841308594,81.74673461914062,-1,-1,-1,-1
135,6,74.90479278564453,293.57940673828125,31.344093322753906,84.04229736328125,-1,-1,-1,-1
136,6,75.33607482910156,294.2761535644531,31.362884521484375,82.8203125,-1,-1,-1,-1
137,6,76.58435821533203,296.2957763671875,31.726707458496094,79.7283935546875,-1,-1,-1,-1
138,6,78.2963638305664,295.07586669921875,31.93358612060547,80.27059936523438,-1,-1,-1,-1
139,6,82.23298645019531,296.4400634765625,30.8157958984375,77.53033447265625,-1,-1,-1,-1
140,6,83.18070220947266,296.456298828125,30.42058563232422,76.58273315429688,-1,-1,-1,-1
141,6,85.92910766601562,294.4874572753906,31.31298065185547,77.90335083007812,-1,-1,-1,-1
142,6,86.639892578125,294.85260009765625,31.474578857421875,76.928955078125,-1,-1,-1,-1
143,6,89.91334533691406,293.4504699707031,30.5902099609375,77.20071411132812,-1,-1,-1,-1
144,6,92.125,292.961669921875,29.27497100830078,76.84970092773438,-1,-1,-1,-1
145,6,95.00230407714844,294.138427734375,28.153717041015625,76.400634765625,-1,-1,-1,-1
146,6,95.38809204101562,292.28765869140625,28.813758850097656,78.2783203125,-1,-1,-1,-1
147,6,95.7862548828125,289.6937561035156,33.079490661621094,81.20480346679688,-1,-1,-1,-1
148,6,96.50884246826172,289.3729553222656,33.3704833984375,80.6146240234375,-1,-1,-1,-1
149,6,96.9632797241211,290.2230224609375,32.508445739746094,79.47885131835938,-1,-1,-1,-1
159,6,112.2220230102539,286.8531188964844,31.237144470214844,75.99295043945312,-1,-1,-1,-1
162,6,121.42459106445312,283.7274475097656,26.527175903320312,68.41305541992188,-1,-1,-1,-1
163,6,120.57087707519531,279.6668395996094,28.894073486328125,74.34939575195312,-1,-1,-1,-1
164,6,120.78559112548828,278.6638488769531,28.897422790527344,75.07296752929688,-1,-1,-1,-1
165,6,121.00011444091797,277.78118896484375,29.484779357910156,76.0750732421875,-1,-1,-1,-1
166,6,121.23330688476562,276.4806823730469,30.387649536132812,78.1580810546875,-1,-1,-1,-1
167,6,123.86188507080078,277.3994140625,30.30835723876953,75.66482543945312,-1,-1,-1,-1
168,6,124.26241302490234,276.9821472167969,30.032569885253906,76.02920532226562,-1,-1,-1,-1
169,6,128.07457733154297,281.28851318359375,28.50189971923828,69.94918823242188,-1,-1,-1,-1
170,6,128.4704132080078,279.2757568359375,29.203155517578125,71.78469848632812,-1,-1,-1,-1
171,6,129.19381713867188,274.225830078125,30.77825927734375,75.63385009765625,-1,-1,-1,-1
172,6,129.58428955078125,274.29827880859375,30.325576782226562,75.777587890625,-1,-1,-1,-1
173,6,130.02178955078125,273.1841735839844,30.584869384765625,76.32101440429688,-1,-1,-1,-1
174,6,130.79849243164062,272.2428894042969,30.846893310546875,76.71405029296875,-1,-1,-1,-1
175,6,132.13221740722656,272.0283203125,30.35455322265625,76.78759765625,-1,-1,-1,-1
176,6,133.16587829589844,270.62066650390625,30.356765747070312,77.84213256835938,-1,-1,-1,-1
177,6,135.79779052734375,270.3374938964844,29.739883422851562,77.47207641601562,-1,-1,-1,-1
178,6,136.36094665527344,271.1977844238281,29.443435668945312,76.42144775390625,-1,-1,-1,-1
179,6,138.78811645507812,272.4017333984375,28.152725219726562,73.25991821289062,-1,-1,-1,-1
180,6,139.33480834960938,271.61322021484375,27.876922607421875,73.94729614257812,-1,-1,-1,-1
181,6,140.267822265625,269.38360595703125,28.636337280273438,75.08673095703125,-1,-1,-1,-1
182,6,141.9221954345703,269.3016662597656,29.041549682617188,73.95718383789062,-1,-1,-1,-1
183,6,144.21731567382812,271.5651550292969,28.63702392578125,70.360595703125,-1,-1,-1,-1
184,6,144.69091796875,271.1076354980469,28.705535888671875,70.27996826171875,-1,-1,-1,-1
185,6,145.7303924560547,271.9114685058594,29.872512817382812,68.51806640625,-1,-1,-1,-1
186,6,146.1690216064453,271.44049072265625,29.699996948242188,69.46316528320312,-1,-1,-1,-1
187,6,147.58631896972656,270.5235595703125,30.009307861328125,69.2496337890625,-1,-1,-1,-1
188,6,148.30162048339844,269.5803527832031,29.983612060546875,69.47848510742188,-1,-1,-1,-1
189,6,150.30145263671875,269.0950012207031,28.986328125,67.97305297851562,-1,-1,-1,-1
190,6,150.90509033203125,267.9742126464844,29.33843994140625,68.29278564453125,-1,-1,-1,-1
191,6,152.8436279296875,265.08843994140625,30.330307006835938,70.12045288085938,-1,-1,-1,-1
192,6,153.05307006835938,263.2005920410156,30.470947265625,71.65023803710938,-1,-1,-1,-1
193,6,154.55133056640625,264.0538635253906,28.584335327148438,68.80609130859375,-1,-1,-1,-1
194,6,154.9473419189453,262.2131042480469,29.166824340820312,70.591552734375,-1,-1,-1,-1
195,6,157.8525848388672,262.7686767578125,27.622329711914062,71.56903076171875,-1,-1,-1,-1
196,6,158.41510009765625,260.9596862792969,27.9344482421875,73.933349609375,-1,-1,-1,-1
197,6,160.60707092285156,260.50390625,27.883987426757812,73.80374145507812,-1,-1,-1,-1
198,6,161.16651916503906,261.01324462890625,28.124954223632812,72.55935668945312,-1,-1,-1,-1
199,6,162.57534790039062,261.18310546875,29.11383056640625,70.97665405273438,-1,-1,-1,-1
200,6,163.84243774414062,261.118896484375,29.359161376953125,69.58248901367188,-1,-1,-1,-1
155,7,1.0,337.9391174316406,24.399229049682617,86.34246826171875,-1,-1,-1,-1
165,7,8.369354724884033,320.6018981933594,35.11361646652222,96.23922729492188,-1,-1,-1,-1
168,7,8.413439273834229,301.45770263671875,41.791139125823975,115.42098999023438,-1,-1,-1,-1
169,7,10.794925689697266,297.867919921875,40.07035446166992,118.0604248046875,-1,-1,-1,-1
170,7,13.905288696289062,307.1673278808594,36.55519485473633,106.55401611328125,-1,-1,-1,-1
172,7,24.964405059814453,323.4120178222656,32.14348602294922,88.2435302734375,-1,-1,-1,-1
176,7,32.75644874572754,319.69781494140625,33.72138786315918,86.40298461914062,-1,-1,-1,-1
177,7,34.651641845703125,321.7841796875,32.0035400390625,84.24771118164062,-1,-1,-1,-1
178,7,36.09592819213867,321.80718994140625,32.12754440307617,84.08184814453125,-1,-1,-1,-1
179,7,38.820892333984375,318.9843444824219,33.471458435058594,86.62603759765625,-1,-1,-1,-1
181,7,46.45548629760742,320.2809143066406,28.990795135498047,84.04183959960938,-1,-1,-1,-1
192,7,59.868953704833984,298.66717529296875,41.14524459838867,99.65853881835938,-1,-1,-1,-1
193,7,66.0367660522461,306.4198913574219,38.27154541015625,84.78146362304688,-1,-1,-1,-1
194,7,67.12300872802734,302.7518005371094,38.04267883300781,88.42776489257812,-1,-1,-1,-1
195,7,70.56797790527344,301.8437805175781,34.72577667236328,88.05084228515625,-1,-1,-1,-1
196,7,71.5094985961914,304.1722412109375,34.18946075439453,85.54318237304688,-1,-1,-1,-1
197,7,72.76875305175781,302.9776611328125,33.863197326660156,86.68215942382812,-1,-1,-1,-1
198,7,74.3875503540039,304.6884765625,32.862144470214844,83.52053833007812,-1,-1,-1,-1
199,7,74.5595474243164,303.4000549316406,33.707672119140625,84.52590942382812,-1,-1,-1,-1
200,7,75.7007064819336,300.79461669921875,33.762237548828125,86.49130249023438,-1,-1,-1,-1
