1,1,453.5180969238281,144.5196075439453,24.89202880859375,62.159912109375,-1,-1,-1,-1
2,1,453.54119873046875,144.36331176757812,25.49957275390625,62.12104797363281,-1,-1,-1,-1
3,1,453.7835388183594,143.9838409423828,25.595458984375,62.160491943359375,-1,-1,-1,-1
4,1,454.0762939453125,143.79795837402344,25.320587158203125,61.58363342285156,-1,-1,-1,-1
5,1,454.515380859375,143.7308807373047,25.282867431640625,61.355316162109375,-1,-1,-1,-1
6,1,454.817138671875,142.96682739257812,25.335235595703125,62.183441162109375,-1,-1,-1,-1
7,1,455.2695617675781,142.35256958007812,25.36151123046875,62.72322082519531,-1,-1,-1,-1
8,1,455.7621154785156,142.11549377441406,25.240447998046875,62.672210693359375,-1,-1,-1,-1
9,1,456.2626037597656,141.87249755859375,25.3466796875,62.209228515625,-1,-1,-1,-1
10,1,456.8294372558594,141.93814086914062,25.222808837890625,61.692352294921875,-1,-1,-1,-1
11,1,457.52850341796875,141.8556671142578,25.459136962890625,61.396484375,-1,-1,-1,-1
12,1,457.97222900390625,141.53929138183594,25.608642578125,61.402557373046875,-1,-1,-1,-1
13,1,459.3401794433594,140.42015075683594,25.701141357421875,61.90716552734375,-1,-1,-1,-1
14,1,459.9056701660156,140.24981689453125,25.404083251953125,61.78126525878906,-1,-1,-1,-1
15,1,461.68792724609375,139.39877319335938,25.013397216796875,61.73667907714844,-1,-1,-1,-1
16,1,462.5393371582031,138.906982421875,25.0103759765625,62.07377624511719,-1,-1,-1,-1
17,1,463.15240478515625,138.36700439453125,25.75738525390625,61.92964172363281,-1,-1,-1,-1
18,1,463.8141784667969,138.12899780273438,25.650177001953125,61.938232421875,-1,-1,-1,-1
19,1,464.6849060058594,138.16519165039062,25.580169677734375,61.25712585449219,-1,-1,-1,-1
20,1,465.1863098144531,138.01759338378906,25.5782470703125,60.934814453125,-1,-1,-1,-1
21,1,465.6485595703125,138.14056396484375,25.702117919921875,60.70689392089844,-1,-1,-1,-1
22,1,466.1516418457031,137.91189575195312,25.5240478515625,60.773651123046875,-1,-1,-1,-1
23,1,467.05078125,137.53555297851562,25.299560546875,60.58860778808594,-1,-1,-1,-1
24,1,467.6410217285156,136.97793579101562,25.35198974609375,60.60203552246094,-1,-1,-1,-1
25,1,467.8915710449219,136.3091583251953,25.605560302734375,60.92047119140625,-1,-1,-1,-1
26,1,468.2010192871094,135.75706481933594,25.6514892578125,61.101470947265625,-1,-1,-1,-1
27,1,468.5829772949219,135.24801635742188,25.697784423828125,61.66239929199219,-1,-1,-1,-1
28,1,468.9864807128906,135.0442352294922,25.73681640625,61.94537353515625,-1,-1,-1,-1
29,1,469.6311950683594,135.07650756835938,25.484344482421875,61.471649169921875,-1,-1,-1,-1
30,1,470.1442565917969,134.9936065673828,25.658660888671875,61.0672607421875,-1,-1,-1,-1
31,1,471.4109802246094,135.06512451171875,25.112640380859375,60.80033874511719,-1,-1,-1,-1
32,1,471.9396057128906,134.84632873535156,25.197509765625,61.14051818847656,-1,-1,-1,-1
33,1,473.0523681640625,134.61639404296875,26.166015625,61.04624938964844,-1,-1,-1,-1
34,1,473.46038818359375,134.69705200195312,26.185272216796875,60.83955383300781,-1,-1,-1,-1
35,1,474.1118469238281,133.93223571777344,26.332061767578125,61.10829162597656,-1,-1,-1,-1
36,1,474.7403259277344,133.5256805419922,26.32525634765625,61.23670959472656,-1,-1,-1,-1
37,1,476.07049560546875,132.5457000732422,26.0308837890625,61.94068908691406,-1,-1,-1,-1
38,1,476.7089538574219,132.1884765625,25.851654052734375,62.16090393066406,-1,-1,-1,-1
39,1,477.7625732421875,131.95184326171875,25.81597900390625,62.16912841796875,-1,-1,-1,-1
40,1,478.568603515625,132.10256958007812,25.63397216796875,61.637908935546875,-1,-1,-1,-1
41,1,479.0613098144531,132.2226104736328,25.9599609375,61.1724853515625,-1,-1,-1,-1
42,1,479.8343811035156,132.57815551757812,25.935943603515625,60.37062072753906,-1,-1,-1,-1
43,1,481.05517578125,132.11280822753906,25.837066650390625,60.064544677734375,-1,-1,-1,-1
44,1,482.1167907714844,131.6931610107422,25.01513671875,59.94413757324219,-1,-1,-1,-1
45,1,482.805908203125,130.4545440673828,25.444427490234375,60.86241149902344,-1,-1,-1,-1
46,1,483.42388916015625,130.27243041992188,24.964996337890625,60.52073669433594,-1,-1,-1,-1
47,1,484.0547180175781,129.76535034179688,24.75823974609375,61.126953125,-1,-1,-1,-1
48,1,484.392822265625,129.4950714111328,24.877838134765625,61.63340759277344,-1,-1,-1,-1
49,1,484.7610168457031,129.24716186523438,24.991058349609375,62.01751708984375,-1,-1,-1,-1
50,1,485.33477783203125,129.0963592529297,24.969390869140625,62.05596923828125,-1,-1,-1,-1
51,1,486.0448303222656,129.16693115234375,25.15936279296875,61.56001281738281,-1,-1,-1,-1
52,1,486.4793701171875,129.36647033691406,25.23468017578125,61.05177307128906,-1,-1,-1,-1
53,1,487.611328125,129.5005340576172,24.96368408203125,60.35762023925781,-1,-1,-1,-1
54,1,488.3448181152344,129.0354461669922,25.61090087890625,60.43800354003906,-1,-1,-1,-1
55,1,489.9334411621094,128.31197357177734,25.907867431640625,60.59259796142578,-1,-1,-1,-1
56,1,490.3715515136719,127.83959197998047,26.502288818359375,60.47657012939453,-1,-1,-1,-1
57,1,492.2876281738281,126.79086303710938,26.940826416015625,60.976531982421875,-1,-1,-1,-1
58,1,492.7952575683594,127.04794311523438,26.534149169921875,60.470977783203125,-1,-1,-1,-1
59,1,493.9894104003906,127.06782531738281,25.996612548828125,59.820587158203125,-1,-1,-1,-1
60,1,494.6839904785156,126.92356872558594,26.035003662109375,59.18104553222656,-1,-1,-1,-1
61,1,495.6941223144531,127.08480072021484,25.225738525390625,59.34674835205078,-1,-1,-1,-1
62,1,496.0917663574219,127.08382415771484,25.191680908203125,59.313941955566406,-1,-1,-1,-1
63,1,496.9320373535156,127.02241516113281,24.938018798828125,58.59600830078125,-1,-1,-1,-1
64,1,497.33477783203125,126.95964813232422,24.8084716796875,58.396385192871094,-1,-1,-1,-1
65,1,498.07171630859375,126.14628601074219,24.6240234375,59.18952941894531,-1,-1,-1,-1
66,1,498.7541198730469,125.79149627685547,24.741790771484375,59.364097595214844,-1,-1,-1,-1
67,1,499.9398193359375,125.22554779052734,23.98809814453125,59.036903381347656,-1,-1,-1,-1
68,1,500.2991638183594,125.1316146850586,24.057281494140625,59.089515686035156,-1,-1,-1,-1
69,1,501.06329345703125,125.0580062866211,24.4932861328125,59.34276580810547,-1,-1,-1,-1
70,1,501.40863037109375,125.05757904052734,24.76611328125,59.17182159423828,-1,-1,-1,-1
71,1,502.172607421875,125.20539093017578,25.20880126953125,59.05968475341797,-1,-1,-1,-1
72,1,502.8935241699219,125.03760528564453,25.105316162109375,58.770469665527344,-1,-1,-1,-1
73,1,503.6098327636719,124.55122375488281,25.374420166015625,59.039642333984375,-1,-1,-1,-1
74,1,504.17718505859375,124.43257141113281,25.3328857421875,58.868438720703125,-1,-1,-1,-1
75,1,505.4406433105469,123.82828521728516,25.240509033203125,58.94898223876953,-1,-1,-1,-1
76,1,506.21722412109375,123.98297882080078,25.4068603515625,58.76232147216797,-1,-1,-1,-1
77,1,507.2339172363281,122.31852722167969,25.768646240234375,59.79920959472656,-1,-1,-1,-1
78,1,507.8567199707031,121.81934356689453,25.725982666015625,60.10948944091797,-1,-1,-1,-1
79,1,508.9504089355469,120.81402587890625,26.060211181640625,60.76380920410156,-1,-1,-1,-1
80,1,509.54168701171875,120.73649597167969,25.990234375,60.66523742675781,-1,-1,-1,-1
81,1,510.4329528808594,120.84086608886719,26.383087158203125,60.586181640625,-1,-1,-1,-1
82,1,510.6300048828125,120.85469055175781,26.69879150390625,60.28038024902344,-1,-1,-1,-1
83,1,511.5625915527344,121.00276947021484,25.929168701171875,59.42700958251953,-1,-1,-1,-1
84,1,511.9726257324219,120.96812438964844,25.858489990234375,58.82606506347656,-1,-1,-1,-1
85,1,512.7066650390625,120.23185729980469,25.88720703125,58.99705505371094,-1,-1,-1,-1
86,1,513.2886352539062,120.17345428466797,25.6640625,58.30162811279297,-1,-1,-1,-1
87,1,513.8866577148438,119.60737609863281,25.71710205078125,58.148223876953125,-1,-1,-1,-1
88,1,513.9911499023438,119.09783935546875,26.112060546875,58.34822082519531,-1,-1,-1,-1
89,1,514.3011474609375,118.436279296875,26.12762451171875,59.211639404296875,-1,-1,-1,-1
90,1,514.7061157226562,117.81710815429688,26.19097900390625,59.96623229980469,-1,-1,-1,-1
91,1,515.5089111328125,117.90306854248047,25.821044921875,59.50147247314453,-1,-1,-1,-1
92,1,515.91552734375,117.90543365478516,25.76025390625,59.68975067138672,-1,-1,-1,-1
93,1,517.40625,118.02278900146484,25.1334228515625,58.99883270263672,-1,-1,-1,-1
94,1,517.9354858398438,118.15213012695312,25.10247802734375,59.065216064453125,-1,-1,-1,-1
95,1,519.5104370117188,117.19224548339844,24.55328369140625,59.44316101074219,-1,-1,-1,-1
96,1,519.9031372070312,116.92303466796875,24.6690673828125,59.65153503417969,-1,-1,-1,-1
97,1,520.9317626953125,115.0575180053711,25.734619140625,61.408790588378906,-1,-1,-1,-1
98,1,521.2109985351562,115.34425354003906,25.93878173828125,60.55476379394531,-1,-1,-1,-1
99,1,522.0394897460938,114.66361999511719,25.906982421875,60.82977294921875,-1,-1,-1,-1
100,1,522.69384765625,114.77562713623047,25.77703857421875,60.37928009033203,-1,-1,-1,-1
101,1,523.333740234375,114.80287170410156,25.70086669921875,59.89862060546875,-1,-1,-1,-1
102,1,523.9801025390625,114.86994171142578,25.59759521484375,59.74187469482422,-1,-1,-1,-1
103,1,524.751953125,114.82464599609375,25.2763671875,58.97557067871094,-1,-1,-1,-1
104,1,525.1366577148438,114.8054428100586,25.3275146484375,58.56816864013672,-1,-1,-1,-1
105,1,525.6701049804688,114.13973236083984,25.2374267578125,59.14386749267578,-1,-1,-1,-1
106,1,526.2195434570312,113.58536529541016,24.81854248046875,59.590553283691406,-1,-1,-1,-1
107,1,526.6736450195312,113.2928237915039,24.373779296875,59.115638732910156,-1,-1,-1,-1
108,1,526.8722534179688,113.0905990600586,24.43402099609375,59.020957946777344,-1,-1,-1,-1
109,1,527.1961059570312,112.30423736572266,24.18597412109375,59.89118194580078,-1,-1,-1,-1
110,1,527.4389038085938,112.31007385253906,23.94580078125,60.27384948730469,-1,-1,-1,-1
111,1,527.6453247070312,112.0602035522461,23.73492431640625,60.375770568847656,-1,-1,-1,-1
112,1,527.9615478515625,111.70132446289062,23.54345703125,60.16816711425781,-1,-1,-1,-1
113,1,528.5537719726562,111.42865753173828,23.36187744140625,59.14177703857422,-1,-1,-1,-1
114,1,528.7330932617188,111.5714111328125,23.4476318359375,58.613250732421875,-1,-1,-1,-1
115,1,529.1597900390625,109.73773956298828,23.664306640625,59.784324645996094,-1,-1,-1,-1
116,1,529.31396484375,111.05011749267578,23.5440673828125,57.80187225341797,-1,-1,-1,-1
120,1,531.4721069335938,111.16079711914062,22.72930908203125,56.96849060058594,-1,-1,-1,-1
121,1,531.4683227539062,109.91248321533203,23.08367919921875,57.39354705810547,-1,-1,-1,-1
66,2,556.5593872070312,70.39209747314453,13.9989013671875,42.78584289550781,-1,-1,-1,-1
74,2,555.0070190429688,63.01744842529297,18.00775146484375,51.554527282714844,-1,-1,-1,-1
77,2,553.96533203125,66.95975494384766,16.16656494140625,48.64142608642578,-1,-1,-1,-1
78,2,553.7474975585938,67.18037414550781,16.5360107421875,48.06983947753906,-1,-1,-1,-1
83,2,550.68603515625,68.4346694946289,16.8111572265625,46.61792755126953,-1,-1,-1,-1
84,2,550.73974609375,69.41297912597656,16.70220947265625,44.901145935058594,-1,-1,-1,-1
85,2,550.4855346679688,70.21427154541016,16.54742431640625,45.25617218017578,-1,-1,-1,-1
86,2,550.4939575195312,69.83134460449219,16.55706787109375,45.98551940917969,-1,-1,-1,-1
87,2,550.135009765625,70.2906723022461,16.857421875,46.5643310546875,-1,-1,-1,-1
88,2,550.0070190429688,70.53313446044922,16.56365966796875,46.43476867675781,-1,-1,-1,-1
90,2,549.3253173828125,68.64624786376953,16.4654541015625,49.019866943359375,-1,-1,-1,-1
92,2,549.7057495117188,68.7098159790039,16.58489990234375,49.702110290527344,-1,-1,-1,-1
93,2,548.679443359375,70.1709213256836,17.036376953125,48.63941192626953,-1,-1,-1,-1
94,2,548.3591918945312,69.73506164550781,17.40545654296875,49.13170623779297,-1,-1,-1,-1
95,2,548.2109985351562,68.31388854980469,18.03485107421875,50.3857421875,-1,-1,-1,-1
96,2,548.42333984375,69.61808776855469,17.647705078125,49.05872344970703,-1,-1,-1,-1
97,2,548.1243896484375,70.48287963867188,17.61688232421875,48.58781433105469,-1,-1,-1,-1
98,2,548.1302490234375,72.10488891601562,17.31195068359375,47.17680358886719,-1,-1,-1,-1
99,2,547.1393432617188,72.19184875488281,17.52435302734375,47.468894958496094,-1,-1,-1,-1
100,2,547.0578002929688,71.51525115966797,17.45025634765625,48.21343994140625,-1,-1,-1,-1
101,2,545.8019409179688,71.8492431640625,17.3433837890625,47.85990905761719,-1,-1,-1,-1
102,2,545.4078979492188,71.613037109375,17.638916015625,48.28705596923828,-1,-1,-1,-1
103,2,544.8880004882812,70.84288024902344,17.98101806640625,48.82440948486328,-1,-1,-1,-1
104,2,544.3157348632812,70.79708099365234,18.2730712890625,48.76426696777344,-1,-1,-1,-1
105,2,543.5431518554688,71.22007751464844,18.6156005859375,48.52165985107422,-1,-1,-1,-1
106,2,543.3015747070312,71.32260131835938,19.04541015625,48.360450744628906,-1,-1,-1,-1
107,2,542.8034057617188,71.7140884399414,19.0311279296875,47.95198059082031,-1,-1,-1,-1
108,2,542.2562866210938,71.92423248291016,19.26861572265625,48.17255401611328,-1,-1,-1,-1
109,2,542.0716552734375,72.52175903320312,18.732666015625,48.602439880371094,-1,-1,-1,-1
110,2,541.624755859375,72.6706314086914,19.23797607421875,48.723052978515625,-1,-1,-1,-1
111,2,541.119873046875,73.48831176757812,19.4903564453125,50.28874969482422,-1,-1,-1,-1
112,2,540.6912231445312,73.14083862304688,20.4100341796875,51.480018615722656,-1,-1,-1,-1
113,2,539.7855224609375,73.45811462402344,21.431640625,49.85790252685547,-1,-1,-1,-1
114,2,539.548095703125,74.03535461425781,21.563720703125,49.150184631347656,-1,-1,-1,-1
115,2,539.3641357421875,73.01498413085938,21.71258544921875,50.292213439941406,-1,-1,-1,-1
133,3,531.9010620117188,80.87117767333984,30.17913818359375,79.49710845947266,-1,-1,-1,-1
134,3,531.9606323242188,79.62836456298828,30.00994873046875,79.8403549194336,-1,-1,-1,-1
135,3,532.607666015625,79.13927459716797,29.35205078125,81.06768035888672,-1,-1,-1,-1
136,3,533.4229125976562,81.9716567993164,28.04736328125,77.7393569946289,-1,-1,-1,-1
137,3,533.3665161132812,82.13268280029297,28.4091796875,77.0368423461914,-1,-1,-1,-1
138,3,533.5671997070312,87.05731964111328,27.9364013671875,71.76605987548828,-1,-1,-1,-1
139,3,535.2825317382812,92.20867919921875,25.85980224609375,65.98773193359375,-1,-1,-1,-1
140,3,536.181884765625,91.95797729492188,25.3988037109375,67.79246520996094,-1,-1,-1,-1
141,3,536.6166381835938,94.57588958740234,25.41851806640625,65.21614837646484,-1,-1,-1,-1
142,3,537.5123901367188,97.05473327636719,24.93572998046875,61.704315185546875,-1,-1,-1,-1
143,3,539.4379272460938,103.77931213378906,23.91876220703125,56.2767333984375,-1,-1,-1,-1
144,3,539.54296875,104.103271484375,24.19281005859375,56.35215759277344,-1,-1,-1,-1
145,3,540.4274291992188,104.08153533935547,23.77880859375,56.23351287841797,-1,-1,-1,-1
146,3,540.86279296875,103.825927734375,23.854736328125,56.16963195800781,-1,-1,-1,-1
147,3,541.8460693359375,103.73518371582031,23.1162109375,55.52070617675781,-1,-1,-1,-1
148,3,542.0187377929688,103.32328033447266,23.37750244140625,55.30219268798828,-1,-1,-1,-1
149,3,543.671630859375,102.64473724365234,22.8001708984375,55.622230529785156,-1,-1,-1,-1
150,3,543.8529663085938,102.61152648925781,23.013916015625,55.83891296386719,-1,-1,-1,-1
151,3,544.0801391601562,102.24191284179688,23.37255859375,56.26899719238281,-1,-1,-1,-1
152,3,544.5982055664062,101.9453353881836,23.35235595703125,56.314918518066406,-1,-1,-1,-1
153,3,546.2211303710938,101.09972381591797,23.43560791015625,56.361976623535156,-1,-1,-1,-1
154,3,546.373046875,101.9865951538086,23.60614013671875,55.574073791503906,-1,-1,-1,-1
155,3,546.7457885742188,101.8532943725586,23.71258544921875,55.86486053466797,-1,-1,-1,-1
156,3,547.5393676757812,101.40202331542969,23.403564453125,56.05613708496094,-1,-1,-1,-1
157,3,548.8887329101562,99.71844482421875,22.713134765625,57.18022155761719,-1,-1,-1,-1
158,3,550.0311279296875,99.23433685302734,22.7498779296875,57.979164123535156,-1,-1,-1,-1
159,3,551.3501586914062,99.40052032470703,22.124267578125,56.916770935058594,-1,-1,-1,-1
160,3,552.6015014648438,98.6783676147461,23.10772705078125,57.95543670654297,-1,-1,-1,-1
161,3,553.6680908203125,98.77407836914062,23.14117431640625,57.652984619140625,-1,-1,-1,-1
162,3,553.87060546875,97.60234832763672,23.78387451171875,58.61530303955078,-1,-1,-1,-1
163,3,554.5588989257812,96.18302154541016,23.53887939453125,59.250465393066406,-1,-1,-1,-1
164,3,555.0614013671875,95.47653198242188,23.20880126953125,59.15985107421875,-1,-1,-1,-1
165,3,556.2442016601562,94.79667663574219,22.1475830078125,59.30549621582031,-1,-1,-1,-1
166,3,556.9796752929688,93.10323333740234,21.86822509765625,60.327049255371094,-1,-1,-1,-1
167,3,558.1339111328125,91.38261413574219,21.7435302734375,61.7923583984375,-1,-1,-1,-1
168,3,558.5654296875,90.12814331054688,21.9267578125,63.18328857421875,-1,-1,-1,-1
175,3,562.671875,91.27581787109375,22.389404296875,60.553924560546875,-1,-1,-1,-1
176,3,562.5956420898438,88.71255493164062,22.73333740234375,62.73207092285156,-1,-1,-1,-1
177,3,563.8909301757812,93.5272445678711,21.93988037109375,57.53717803955078,-1,-1,-1,-1
178,3,564.4108276367188,92.79167175292969,22.16180419921875,57.73497009277344,-1,-1,-1,-1
142,4,533.3661499023438,79.34136962890625,21.18170166015625,54.94073486328125,-1,-1,-1,-1
145,4,531.8572387695312,80.31385040283203,20.55975341796875,48.57030487060547,-1,-1,-1,-1
146,4,531.3483276367188,80.41287994384766,20.6690673828125,48.11688232421875,-1,-1,-1,-1
147,4,530.8945922851562,80.50738525390625,20.908447265625,48.290283203125,-1,-1,-1,-1
148,4,530.4885864257812,80.01860046386719,21.31927490234375,48.68408966064453,-1,-1,-1,-1
149,4,530.351318359375,80.25517272949219,20.6839599609375,48.006324768066406,-1,-1,-1,-1
150,4,530.1785888671875,80.78985595703125,20.40777587890625,47.58289337158203,-1,-1,-1,-1
151,4,530.0733642578125,80.98119354248047,20.51165771484375,48.647911071777344,-1,-1,-1,-1
152,4,529.8440551757812,80.73780059814453,20.6121826171875,48.8472900390625,-1,-1,-1,-1
153,4,529.5751953125,81.51819610595703,20.508544921875,48.44969940185547,-1,-1,-1,-1
154,4,528.9273071289062,81.7652587890625,20.467041015625,48.83241271972656,-1,-1,-1,-1
155,4,528.8158569335938,81.015869140625,20.2413330078125,48.85228729248047,-1,-1,-1,-1
156,4,528.6947021484375,80.9563217163086,20.11224365234375,49.08489227294922,-1,-1,-1,-1
157,4,528.4568481445312,80.74297332763672,20.2332763671875,50.539939880371094,-1,-1,-1,-1
158,4,527.878173828125,81.2154769897461,20.46636962890625,50.201255798339844,-1,-1,-1,-1
159,4,527.5010375976562,80.95503997802734,20.67291259765625,50.984153747558594,-1,-1,-1,-1
160,4,527.1792602539062,81.09475708007812,20.6678466796875,51.421478271484375,-1,-1,-1,-1
161,4,525.6604614257812,82.50094604492188,20.8016357421875,50.65510559082031,-1,-1,-1,-1
162,4,525.248291015625,82.46904754638672,20.70855712890625,50.665992736816406,-1,-1,-1,-1
163,4,523.943359375,83.00211334228516,21.23345947265625,50.548744201660156,-1,-1,-1,-1
164,4,524.0339965820312,83.48553466796875,20.8592529296875,49.9295654296875,-1,-1,-1,-1
165,4,523.4276123046875,83.80886840820312,20.86651611328125,49.905120849609375,-1,-1,-1,-1
166,4,523.1861572265625,83.65948486328125,20.5667724609375,50.323333740234375,-1,-1,-1,-1
167,4,520.9265747070312,83.66783905029297,21.35003662109375,51.305625915527344,-1,-1,-1,-1
168,4,520.5491333007812,83.2550048828125,21.48797607421875,51.51335144042969,-1,-1,-1,-1
169,4,519.9312744140625,82.97842407226562,21.43585205078125,51.85868835449219,-1,-1,-1,-1
170,4,519.5418701171875,82.8374252319336,21.24383544921875,52.07067108154297,-1,-1,-1,-1
171,4,519.2210693359375,83.06123352050781,21.111328125,51.972869873046875,-1,-1,-1,-1
172,4,519.0635375976562,83.21007537841797,20.77197265625,51.98059844970703,-1,-1,-1,-1
173,4,518.7716674804688,82.86505126953125,20.94903564453125,52.76658630371094,-1,-1,-1,-1
174,4,518.5276489257812,83.01356506347656,20.94708251953125,52.67604064941406,-1,-1,-1,-1
175,4,518.095458984375,83.40815734863281,21.1754150390625,52.447296142578125,-1,-1,-1,-1
176,4,517.8955078125,83.78822326660156,21.1400146484375,51.989227294921875,-1,-1,-1,-1
177,4,517.6671752929688,84.23731994628906,21.04046630859375,51.81584167480469,-1,-1,-1,-1
178,4,517.4473266601562,84.61679077148438,21.136474609375,51.59861755371094,-1,-1,-1,-1
179,4,516.9278564453125,84.38894653320312,21.7630615234375,52.45408630371094,-1,-1,-1,-1
180,4,516.521728515625,83.78617858886719,22.15728759765625,53.2303466796875,-1,-1,-1,-1
181,4,515.8495483398438,84.32561492919922,22.5692138671875,53.176490783691406,-1,-1,-1,-1
182,4,515.321044921875,84.34536743164062,23.01416015625,53.31605529785156,-1,-1,-1,-1
183,4,514.3106689453125,84.07321166992188,23.45062255859375,54.005523681640625,-1,-1,-1,-1
184,4,513.8218383789062,84.34976196289062,23.2598876953125,53.69328308105469,-1,-1,-1,-1
185,4,512.9269714355469,83.92432403564453,23.943572998046875,54.091773986816406,-1,-1,-1,-1
186,4,512.5633239746094,85.78762817382812,23.620452880859375,52.6903076171875,-1,-1,-1,-1
187,4,512.1796875,87.27679443359375,22.72320556640625,51.62538146972656,-1,-1,-1,-1
188,4,512.22802734375,87.8541030883789,22.1168212890625,51.38524627685547,-1,-1,-1,-1
189,4,510.8748779296875,88.27023315429688,21.6944580078125,51.42762756347656,-1,-1,-1,-1
190,4,510.86187744140625,87.78558349609375,21.34637451171875,51.908782958984375,-1,-1,-1,-1
191,4,510.7467346191406,87.71141815185547,21.238494873046875,51.951927185058594,-1,-1,-1,-1
192,4,510.4073791503906,87.80963897705078,21.393707275390625,51.618141174316406,-1,-1,-1,-1
193,4,510.3240966796875,87.63807678222656,21.5186767578125,51.75508117675781,-1,-1,-1,-1
194,4,510.2427978515625,87.68151092529297,21.51470947265625,51.690574645996094,-1,-1,-1,-1
195,4,509.980224609375,87.89363098144531,21.64239501953125,51.86360168457031,-1,-1,-1,-1
196,4,509.8085021972656,88.01849365234375,22.017181396484375,51.82994079589844,-1,-1,-1,-1
197,4,509.4986267089844,88.55741882324219,21.970489501953125,51.63676452636719,-1,-1,-1,-1
198,4,509.199951171875,89.02276611328125,21.6494140625,51.64891052246094,-1,-1,-1,-1
199,4,509.0218505859375,89.66426849365234,21.21087646484375,51.370262145996094,-1,-1,-1,-1
200,4,508.8600769042969,89.70632934570312,21.036224365234375,51.610565185546875,-1,-1,-1,-1
