1,1,430.5502014160156,215.65992736816406,32.541748046875,82.64582824707031,-1,-1,-1,-1
2,1,431.249267578125,215.7334747314453,31.808441162109375,81.68385314941406,-1,-1,-1,-1
3,1,431.96282958984375,214.71946716308594,31.9554443359375,81.24290466308594,-1,-1,-1,-1
4,1,432.6211853027344,214.1248321533203,31.965179443359375,80.82542419433594,-1,-1,-1,-1
5,1,433.4537048339844,213.43252563476562,31.524505615234375,80.61737060546875,-1,-1,-1,-1
6,1,433.99578857421875,213.23985290527344,31.3372802734375,80.51799011230469,-1,-1,-1,-1
7,1,435.0477294921875,213.8606719970703,32.75531005859375,79.98170471191406,-1,-1,-1,-1
8,1,435.6564636230469,213.90928649902344,32.7025146484375,80.01261901855469,-1,-1,-1,-1
9,1,436.7223815917969,214.1148223876953,32.19317626953125,79.47373962402344,-1,-1,-1,-1
10,1,437.5666809082031,213.72064208984375,32.156494140625,79.77377319335938,-1,-1,-1,-1
11,1,438.8812561035156,211.93748474121094,32.59234619140625,81.16011047363281,-1,-1,-1,-1
12,1,439.6103820800781,211.3891143798828,32.811279296875,81.25456237792969,-1,-1,-1,-1
13,1,441.3722839355469,209.84107971191406,33.962890625,82.16017150878906,-1,-1,-1,-1
14,1,442.6297912597656,209.507568359375,33.914459228515625,82.0062255859375,-1,-1,-1,-1
15,1,445.6113586425781,208.2719268798828,33.8194580078125,83.26268005371094,-1,-1,-1,-1
16,1,446.9273986816406,208.00917053222656,33.167724609375,82.32185363769531,-1,-1,-1,-1
17,1,449.2841796875,207.8082275390625,34.16778564453125,82.5869140625,-1,-1,-1,-1
18,1,450.2765808105469,207.70816040039062,33.259002685546875,82.270263671875,-1,-1,-1,-1
19,1,451.35693359375,207.49807739257812,32.6248779296875,82.51431274414062,-1,-1,-1,-1
20,1,451.9811706542969,207.19070434570312,32.276458740234375,83.19509887695312,-1,-1,-1,-1
21,1,452.52972412109375,206.58982849121094,31.730804443359375,83.33879089355469,-1,-1,-1,-1
22,1,452.9240417480469,205.88844299316406,31.414703369140625,84.34587097167969,-1,-1,-1,-1
23,1,454.3503723144531,204.87396240234375,32.10186767578125,86.96798706054688,-1,-1,-1,-1
24,1,454.7161560058594,204.2211151123047,32.74652099609375,90.77153015136719,-1,-1,-1,-1
25,1,455.511962890625,203.44163513183594,31.62701416015625,85.76502990722656,-1,-1,-1,-1
26,1,455.8814392089844,202.6424102783203,31.4586181640625,86.48844909667969,-1,-1,-1,-1
27,1,456.506591796875,202.40638732910156,31.11395263671875,83.55064392089844,-1,-1,-1,-1
28,1,456.6277160644531,202.63233947753906,31.181732177734375,83.42723083496094,-1,-1,-1,-1
29,1,456.5484924316406,202.9269561767578,32.2269287109375,83.87931823730469,-1,-1,-1,-1
30,1,456.7203674316406,203.17172241210938,32.3875732421875,83.3477783203125,-1,-1,-1,-1
31,1,457.6714172363281,203.5590057373047,32.29443359375,81.05586242675781,-1,-1,-1,-1
32,1,458.5580749511719,202.79737854003906,32.43341064453125,82.02412414550781,-1,-1,-1,-1
33,1,460.2302551269531,201.75547790527344,32.767852783203125,80.16038513183594,-1,-1,-1,-1
34,1,460.85205078125,201.95391845703125,32.564666748046875,78.21347045898438,-1,-1,-1,-1
35,1,464.5168151855469,200.37098693847656,32.158203125,76.81968688964844,-1,-1,-1,-1
36,1,465.8399963378906,199.98997497558594,32.2723388671875,76.50660705566406,-1,-1,-1,-1
37,1,468.4396667480469,198.9619903564453,32.813720703125,76.67222595214844,-1,-1,-1,-1
38,1,469.18719482421875,198.83700561523438,32.700592041015625,76.12460327148438,-1,-1,-1,-1
39,1,470.0533447265625,198.34930419921875,33.596588134765625,76.86422729492188,-1,-1,-1,-1
40,1,471.1041259765625,198.2494659423828,33.232635498046875,76.45512390136719,-1,-1,-1,-1
41,1,472.2328796386719,198.29949951171875,32.5322265625,75.78485107421875,-1,-1,-1,-1
42,1,472.8930358886719,198.4314422607422,32.2855224609375,75.36085510253906,-1,-1,-1,-1
43,1,473.8923034667969,198.0017852783203,31.641754150390625,75.39665222167969,-1,-1,-1,-1
44,1,474.6158142089844,197.3482666015625,31.12847900390625,75.69879150390625,-1,-1,-1,-1
45,1,475.4212951660156,196.00881958007812,31.965057373046875,75.87066650390625,-1,-1,-1,-1
46,1,476.0040588378906,195.81796264648438,31.697845458984375,75.11318969726562,-1,-1,-1,-1
47,1,476.466064453125,195.1414337158203,31.719024658203125,75.44499206542969,-1,-1,-1,-1
48,1,477.1197814941406,194.6905975341797,31.3807373046875,75.16062927246094,-1,-1,-1,-1
49,1,478.1058654785156,193.7124481201172,31.484771728515625,75.90406799316406,-1,-1,-1,-1
50,1,478.8709411621094,193.7303009033203,31.25628662109375,75.75685119628906,-1,-1,-1,-1
51,1,479.4994812011719,193.69313049316406,31.851348876953125,75.90830993652344,-1,-1,-1,-1
52,1,480.2864685058594,193.84669494628906,31.464569091796875,75.46376037597656,-1,-1,-1,-1
53,1,481.3717346191406,193.50392150878906,31.271209716796875,75.86958312988281,-1,-1,-1,-1
54,1,482.1304016113281,193.36158752441406,31.20880126953125,75.69303894042969,-1,-1,-1,-1
55,1,484.1156005859375,192.4658203125,31.34857177734375,75.66329956054688,-1,-1,-1,-1
56,1,486.25360107421875,191.64857482910156,30.79998779296875,75.10105895996094,-1,-1,-1,-1
57,1,489.0230712890625,190.52394104003906,31.23974609375,75.18104553222656,-1,-1,-1,-1
58,1,489.9129638671875,190.2321319580078,31.22088623046875,75.11863708496094,-1,-1,-1,-1
59,1,491.0952453613281,189.58502197265625,33.697967529296875,75.14483642578125,-1,-1,-1,-1
60,1,491.73980712890625,189.4849090576172,33.914306640625,74.84312438964844,-1,-1,-1,-1
61,1,492.8595886230469,189.17550659179688,33.255828857421875,74.97039794921875,-1,-1,-1,-1
62,1,493.8046875,189.15284729003906,32.47894287109375,74.51121520996094,-1,-1,-1,-1
63,1,494.9538879394531,188.92686462402344,31.623809814453125,74.26710510253906,-1,-1,-1,-1
64,1,495.8650817871094,188.7119140625,31.019622802734375,74.34063720703125,-1,-1,-1,-1
65,1,496.78045654296875,188.0465850830078,30.68133544921875,74.90943908691406,-1,-1,-1,-1
66,1,497.41912841796875,187.3095703125,30.8197021484375,75.40625,-1,-1,-1,-1
67,1,498.0542297363281,186.3275146484375,31.033782958984375,74.65005493164062,-1,-1,-1,-1
68,1,498.7950134277344,186.07054138183594,30.923309326171875,73.96232604980469,-1,-1,-1,-1
69,1,499.6639099121094,185.4403839111328,30.796783447265625,74.13914489746094,-1,-1,-1,-1
70,1,500.36737060546875,185.20660400390625,30.41986083984375,73.9676513671875,-1,-1,-1,-1
71,1,501.0481872558594,184.8734588623047,30.806427001953125,73.79353332519531,-1,-1,-1,-1
72,1,501.8598327636719,184.95248413085938,30.970733642578125,73.58407592773438,-1,-1,-1,-1
73,1,502.62890625,185.47628784179688,31.77337646484375,73.16159057617188,-1,-1,-1,-1
74,1,503.4222717285156,185.93125915527344,31.231719970703125,72.49421691894531,-1,-1,-1,-1
75,1,505.8707275390625,185.11326599121094,30.9364013671875,73.22129821777344,-1,-1,-1,-1
76,1,506.2340393066406,184.4116973876953,31.141754150390625,73.64579772949219,-1,-1,-1,-1
77,1,507.3533630371094,182.71812438964844,32.091033935546875,74.36526489257812,-1,-1,-1,-1
78,1,508.5938415527344,182.44000244140625,31.539031982421875,74.09925842285156,-1,-1,-1,-1
79,1,512.2353820800781,181.38597106933594,32.088043212890625,74.46180725097656,-1,-1,-1,-1
80,1,512.905517578125,181.18939208984375,31.8653564453125,74.18107604980469,-1,-1,-1,-1
81,1,514.3768920898438,180.77874755859375,33.097900390625,73.705322265625,-1,-1,-1,-1
82,1,514.9149169921875,180.748046875,33.2275390625,73.13931274414062,-1,-1,-1,-1
83,1,516.1422119140625,180.54420471191406,33.28155517578125,73.54557800292969,-1,-1,-1,-1
84,1,517.2769775390625,180.3953399658203,32.48541259765625,73.49244689941406,-1,-1,-1,-1
85,1,518.6295166015625,180.258056640625,31.5286865234375,73.05903625488281,-1,-1,-1,-1
86,1,519.3070068359375,180.14259338378906,31.13763427734375,72.67681884765625,-1,-1,-1,-1
87,1,520.0579833984375,179.5067596435547,30.8076171875,72.82623291015625,-1,-1,-1,-1
88,1,520.5955810546875,178.895751953125,30.56439208984375,72.93815612792969,-1,-1,-1,-1
89,1,521.130859375,178.0041961669922,30.416748046875,72.42889404296875,-1,-1,-1,-1
90,1,521.5325927734375,177.1870574951172,30.397705078125,72.90287780761719,-1,-1,-1,-1
91,1,522.7617797851562,176.90524291992188,30.38916015625,72.69703674316406,-1,-1,-1,-1
92,1,523.6592407226562,176.58291625976562,29.94525146484375,72.64341735839844,-1,-1,-1,-1
93,1,525.072021484375,176.56553649902344,29.88079833984375,72.10667419433594,-1,-1,-1,-1
94,1,525.3642578125,176.5253143310547,30.04437255859375,72.129150390625,-1,-1,-1,-1
95,1,526.4192504882812,176.42343139648438,30.3458251953125,72.11131286621094,-1,-1,-1,-1
96,1,527.0377197265625,176.5211181640625,30.393798828125,72.05477905273438,-1,-1,-1,-1
97,1,528.8233032226562,175.0877685546875,31.2703857421875,73.33152770996094,-1,-1,-1,-1
98,1,529.4104614257812,175.10330200195312,31.14501953125,72.59950256347656,-1,-1,-1,-1
99,1,531.2389526367188,174.22596740722656,31.85528564453125,72.11274719238281,-1,-1,-1,-1
100,1,532.1151733398438,173.86798095703125,31.77081298828125,71.6065673828125,-1,-1,-1,-1
101,1,535.8125,171.39151000976562,31.123779296875,73.69004821777344,-1,-1,-1,-1
102,1,536.234619140625,171.39663696289062,31.1431884765625,73.45823669433594,-1,-1,-1,-1
103,1,537.3340454101562,170.93045043945312,31.18359375,73.536865234375,-1,-1,-1,-1
104,1,538.0045166015625,170.69146728515625,31.1387939453125,73.32640075683594,-1,-1,-1,-1
105,1,538.9983520507812,170.74227905273438,30.97064208984375,73.01106262207031,-1,-1,-1,-1
106,1,539.7061767578125,170.9574432373047,30.66094970703125,72.58676147460938,-1,-1,-1,-1
107,1,540.5175170898438,171.1413116455078,30.09942626953125,71.87554931640625,-1,-1,-1,-1
108,1,541.123046875,170.8328857421875,29.74407958984375,72.14347839355469,-1,-1,-1,-1
109,1,541.8926391601562,169.99240112304688,30.04937744140625,72.71890258789062,-1,-1,-1,-1
110,1,542.50341796875,169.28480529785156,29.9169921875,72.69187927246094,-1,-1,-1,-1
111,1,543.2335205078125,168.4178924560547,30.30792236328125,72.51031494140625,-1,-1,-1,-1
112,1,543.800537109375,167.90554809570312,30.277099609375,72.87255859375,-1,-1,-1,-1
113,1,544.4152221679688,167.4799346923828,29.9892578125,72.99114990234375,-1,-1,-1,-1
114,1,544.94384765625,167.21273803710938,29.7320556640625,72.97062683105469,-1,-1,-1,-1
115,1,545.864990234375,167.4246826171875,29.08935546875,72.24018859863281,-1,-1,-1,-1
116,1,546.8219604492188,167.40292358398438,28.69024658203125,72.22682189941406,-1,-1,-1,-1
117,1,547.9964599609375,167.36119079589844,28.739990234375,72.09828186035156,-1,-1,-1,-1
118,1,548.9039306640625,167.1943817138672,28.47894287109375,72.141357421875,-1,-1,-1,-1
119,1,550.0651245117188,166.96902465820312,29.4873046875,72.45013427734375,-1,-1,-1,-1
120,1,550.5977783203125,166.68270874023438,29.928466796875,72.30314636230469,-1,-1,-1,-1
121,1,552.8634033203125,165.55026245117188,30.44769287109375,71.7076416015625,-1,-1,-1,-1
122,1,554.240966796875,165.6707763671875,29.9405517578125,70.78501892089844,-1,-1,-1,-1
123,1,556.4572143554688,164.44029235839844,31.0810546875,71.4296875,-1,-1,-1,-1
124,1,556.8509521484375,163.94894409179688,30.9847412109375,71.67601013183594,-1,-1,-1,-1
125,1,557.3191528320312,163.52297973632812,31.10064697265625,71.7501220703125,-1,-1,-1,-1
126,1,557.950927734375,163.14468383789062,31.2457275390625,72.14521789550781,-1,-1,-1,-1
127,1,558.9292602539062,163.0726776123047,30.60028076171875,72.21295166015625,-1,-1,-1,-1
128,1,559.5184936523438,163.09542846679688,30.302978515625,72.15939331054688,-1,-1,-1,-1
129,1,560.3314208984375,162.8561248779297,29.67718505859375,72.1683349609375,-1,-1,-1,-1
130,1,560.96435546875,162.6446533203125,29.22088623046875,71.92642211914062,-1,-1,-1,-1
131,1,561.3499145507812,161.7172393798828,29.39520263671875,71.91912841796875,-1,-1,-1,-1
132,1,561.6237182617188,161.19967651367188,29.61767578125,71.46250915527344,-1,-1,-1,-1
133,1,562.1027221679688,160.1914825439453,29.7808837890625,71.62184143066406,-1,-1,-1,-1
134,1,562.55615234375,159.66929626464844,29.8221435546875,71.85482788085938,-1,-1,-1,-1
135,1,562.9248657226562,159.41761779785156,29.72357177734375,71.94418334960938,-1,-1,-1,-1
136,1,563.445556640625,159.28440856933594,29.6336669921875,71.70936584472656,-1,-1,-1,-1
137,1,564.1202392578125,159.18844604492188,29.81536865234375,71.69303894042969,-1,-1,-1,-1
138,1,564.8021850585938,158.96548461914062,29.719482421875,71.70222473144531,-1,-1,-1,-1
139,1,566.1456298828125,159.11831665039062,29.431396484375,71.22709655761719,-1,-1,-1,-1
140,1,566.8770141601562,159.09861755371094,29.261962890625,71.01806640625,-1,-1,-1,-1
141,1,568.50830078125,158.4846954345703,29.9295654296875,70.98379516601562,-1,-1,-1,-1
142,1,568.770263671875,158.0927734375,30.26031494140625,70.71441650390625,-1,-1,-1,-1
143,1,569.6170043945312,157.44317626953125,30.80706787109375,70.11148071289062,-1,-1,-1,-1
144,1,570.5394897460938,157.274658203125,31.44140625,69.77984619140625,-1,-1,-1,-1
145,1,571.9013671875,156.25741577148438,32.009033203125,70.32733154296875,-1,-1,-1,-1
146,1,572.5258178710938,156.05130004882812,32.03173828125,70.15168762207031,-1,-1,-1,-1
147,1,573.4784545898438,156.0131072998047,31.732421875,69.76419067382812,-1,-1,-1,-1
148,1,574.3232421875,156.04039001464844,31.15228271484375,69.49298095703125,-1,-1,-1,-1
149,1,575.38623046875,156.2691192626953,30.22979736328125,69.27806091308594,-1,-1,-1,-1
150,1,576.0970458984375,156.1595458984375,29.64984130859375,69.19129943847656,-1,-1,-1,-1
151,1,576.8994140625,155.7442169189453,28.93682861328125,69.64213562011719,-1,-1,-1,-1
152,1,577.4197387695312,155.11383056640625,28.64532470703125,70.19374084472656,-1,-1,-1,-1
153,1,578.0808715820312,154.3792724609375,28.327880859375,70.18009948730469,-1,-1,-1,-1
154,1,578.5126342773438,153.33865356445312,28.231201171875,70.17315673828125,-1,-1,-1,-1
155,1,578.870361328125,152.32998657226562,28.558837890625,70.18116760253906,-1,-1,-1,-1
156,1,579.2527465820312,152.12689208984375,28.6900634765625,69.99542236328125,-1,-1,-1,-1
157,1,579.6236572265625,152.09793090820312,29.30535888671875,69.50509643554688,-1,-1,-1,-1
158,1,580.494384765625,152.4834747314453,29.70037841796875,68.97543334960938,-1,-1,-1,-1
159,1,581.88671875,152.8410186767578,30.28790283203125,68.89492797851562,-1,-1,-1,-1
160,1,582.5162353515625,152.67446899414062,30.25457763671875,68.80253601074219,-1,-1,-1,-1
161,1,583.9256591796875,152.73641967773438,29.6146240234375,68.45347595214844,-1,-1,-1,-1
162,1,584.89697265625,152.45066833496094,29.19256591796875,68.539794921875,-1,-1,-1,-1
163,1,585.7537231445312,151.73512268066406,29.5703125,68.8602294921875,-1,-1,-1,-1
164,1,586.4527587890625,151.24766540527344,29.95013427734375,69.00505065917969,-1,-1,-1,-1
165,1,587.8325805664062,150.3493194580078,30.0572509765625,69.31999206542969,-1,-1,-1,-1
166,1,589.0491333007812,149.68634033203125,30.5386962890625,69.53981018066406,-1,-1,-1,-1
167,1,591.4131469726562,148.96080017089844,31.15240478515625,69.74111938476562,-1,-1,-1,-1
168,1,592.1505126953125,148.71644592285156,30.73614501953125,69.31082153320312,-1,-1,-1,-1
169,1,593.0362548828125,148.66549682617188,30.1722412109375,69.00013732910156,-1,-1,-1,-1
170,1,593.6307373046875,148.58935546875,29.922119140625,69.01701354980469,-1,-1,-1,-1
171,1,594.734619140625,148.64703369140625,29.15771484375,68.97743225097656,-1,-1,-1,-1
172,1,595.359619140625,148.84335327148438,28.6005859375,68.66575622558594,-1,-1,-1,-1
173,1,595.8497314453125,148.5336151123047,28.40521240234375,68.91073608398438,-1,-1,-1,-1
174,1,596.2970581054688,148.23724365234375,28.21746826171875,68.99580383300781,-1,-1,-1,-1
175,1,596.6739501953125,147.55364990234375,28.47625732421875,68.9566650390625,-1,-1,-1,-1
176,1,596.990234375,147.20594787597656,28.6627197265625,68.8240966796875,-1,-1,-1,-1
177,1,597.51953125,146.71231079101562,28.5057373046875,68.725341796875,-1,-1,-1,-1
178,1,598.0772705078125,146.31488037109375,28.09149169921875,69.00881958007812,-1,-1,-1,-1
179,1,598.9279174804688,145.9650421142578,27.56219482421875,68.69577026367188,-1,-1,-1,-1
180,1,599.4514770507812,145.71652221679688,27.48358154296875,68.16120910644531,-1,-1,-1,-1
181,1,600.1237182617188,145.5292205810547,27.91253662109375,68.29814147949219,-1,-1,-1,-1
182,1,600.5460205078125,145.93563842773438,27.91259765625,67.70257568359375,-1,-1,-1,-1
183,1,601.2639770507812,146.28668212890625,27.59356689453125,66.94075012207031,-1,-1,-1,-1
184,1,602.2079467773438,146.29913330078125,27.420654296875,66.53378295898438,-1,-1,-1,-1
185,1,604.6417236328125,145.3865966796875,26.18359375,66.86253356933594,-1,-1,-1,-1
186,1,605.612060546875,144.13546752929688,27.27880859375,67.96852111816406,-1,-1,-1,-1
187,1,606.4521484375,143.36354064941406,29.15899658203125,68.02175903320312,-1,-1,-1,-1
188,1,606.6602783203125,143.02635192871094,29.79632568359375,67.97621154785156,-1,-1,-1,-1
189,1,607.3751831054688,142.48171997070312,30.8111572265625,67.89692687988281,-1,-1,-1,-1
190,1,607.8754272460938,142.2562713623047,30.76043701171875,67.48692321777344,-1,-1,-1,-1
191,1,608.6221313476562,142.1875,30.13531494140625,66.789306640625,-1,-1,-1,-1
192,1,609.289306640625,142.2927703857422,29.36572265625,66.28761291503906,-1,-1,-1,-1
193,1,609.8090209960938,142.47747802734375,29.33892822265625,65.6864013671875,-1,-1,-1,-1
194,1,610.3637084960938,142.6391143798828,28.5946044921875,65.31744384765625,-1,-1,-1,-1
195,1,610.6362915039062,142.21231079101562,28.0140380859375,65.53878784179688,-1,-1,-1,-1
196,1,610.824951171875,141.55665588378906,27.6124267578125,65.9674072265625,-1,-1,-1,-1
197,1,610.95361328125,140.5656280517578,27.51983642578125,65.89466857910156,-1,-1,-1,-1
198,1,610.8827514648438,139.7700958251953,27.84820556640625,66.322265625,-1,-1,-1,-1
199,1,611.038818359375,138.98219299316406,27.7633056640625,66.77825927734375,-1,-1,-1,-1
200,1,611.1846313476562,138.6419677734375,27.87066650390625,66.88932800292969,-1,-1,-1,-1
1,2,484.1739807128906,252.01870727539062,31.573822021484375,92.02349853515625,-1,-1,-1,-1
2,2,483.4237060546875,252.85614013671875,31.54681396484375,91.52923583984375,-1,-1,-1,-1
3,2,482.779296875,254.1211700439453,30.64190673828125,91.00523376464844,-1,-1,-1,-1
4,2,482.4970397949219,255.09268188476562,30.565185546875,90.807861328125,-1,-1,-1,-1
5,2,481.2272644042969,256.489013671875,30.245361328125,91.15545654296875,-1,-1,-1,-1
6,2,480.3464660644531,256.80897521972656,30.8614501953125,91.02207946777344,-1,-1,-1,-1
7,2,476.7529296875,256.94981384277344,31.88336181640625,91.61735534667969,-1,-1,-1,-1
8,2,476.1858825683594,257.2669982910156,31.80059814453125,91.49868774414062,-1,-1,-1,-1
9,2,474.1351623535156,257.3177490234375,31.93853759765625,91.56289672851562,-1,-1,-1,-1
10,2,473.62969970703125,257.4228210449219,31.995880126953125,91.46456909179688,-1,-1,-1,-1
11,2,473.42193603515625,257.6365661621094,31.8990478515625,91.76931762695312,-1,-1,-1,-1
12,2,472.7374267578125,257.928466796875,32.1407470703125,92.78103637695312,-1,-1,-1,-1
13,2,471.6308898925781,258.81787109375,32.098175048828125,93.03753662109375,-1,-1,-1,-1
14,2,471.2007141113281,259.3024597167969,31.87841796875,93.34963989257812,-1,-1,-1,-1
15,2,469.7830505371094,260.3012390136719,31.95062255859375,93.90789794921875,-1,-1,-1,-1
16,2,469.55072021484375,261.7080993652344,31.739837646484375,92.27725219726562,-1,-1,-1,-1
17,2,466.7973327636719,262.79827880859375,31.72039794921875,91.2255859375,-1,-1,-1,-1
18,2,466.1393127441406,263.1739807128906,31.78369140625,91.60678100585938,-1,-1,-1,-1
19,2,464.9197998046875,262.9379577636719,31.105926513671875,92.7647705078125,-1,-1,-1,-1
20,2,464.4154357910156,262.7253723144531,30.6575927734375,93.67343139648438,-1,-1,-1,-1
21,2,461.7848815917969,262.86175537109375,30.994598388671875,93.70089721679688,-1,-1,-1,-1
22,2,461.2561340332031,263.5322265625,31.243896484375,93.43124389648438,-1,-1,-1,-1
23,2,459.59393310546875,264.22625732421875,32.250518798828125,93.43228149414062,-1,-1,-1,-1
24,2,458.0121765136719,265.19891357421875,32.941162109375,92.69891357421875,-1,-1,-1,-1
25,2,453.3136901855469,267.9601745605469,34.090087890625,91.9906005859375,-1,-1,-1,-1
26,2,453.0672912597656,268.71685791015625,33.870269775390625,91.28756713867188,-1,-1,-1,-1
27,2,452.744873046875,269.47161865234375,33.3466796875,91.05908203125,-1,-1,-1,-1
28,2,452.155517578125,269.6434631347656,32.975341796875,91.71719360351562,-1,-1,-1,-1
29,2,449.1744689941406,269.625244140625,33.885650634765625,93.50732421875,-1,-1,-1,-1
30,2,448.1896667480469,269.8539123535156,33.7830810546875,93.77676391601562,-1,-1,-1,-1
31,2,446.2339172363281,269.97369384765625,33.17120361328125,93.89285278320312,-1,-1,-1,-1
32,2,445.5575256347656,269.893310546875,32.8671875,94.42568969726562,-1,-1,-1,-1
33,2,443.54827880859375,270.4263000488281,32.856781005859375,94.35379028320312,-1,-1,-1,-1
34,2,441.53778076171875,271.1948547363281,34.0941162109375,95.04962158203125,-1,-1,-1,-1
35,2,438.84686279296875,272.1056823730469,35.654998779296875,95.33987426757812,-1,-1,-1,-1
36,2,437.4390869140625,272.7059326171875,36.297515869140625,95.00582885742188,-1,-1,-1,-1
37,2,436.3003845214844,274.10382080078125,36.29534912109375,94.17572021484375,-1,-1,-1,-1
38,2,435.51141357421875,275.3710632324219,36.4400634765625,93.27908325195312,-1,-1,-1,-1
39,2,433.87811279296875,276.3092346191406,35.607391357421875,92.81298828125,-1,-1,-1,-1
40,2,433.22039794921875,276.7210388183594,35.15753173828125,92.21670532226562,-1,-1,-1,-1
41,2,432.0793762207031,277.6443786621094,35.1163330078125,91.83724975585938,-1,-1,-1,-1
42,2,430.9707946777344,277.935302734375,35.3621826171875,92.25912475585938,-1,-1,-1,-1
43,2,428.6015319824219,276.9911804199219,35.365386962890625,93.46240234375,-1,-1,-1,-1
44,2,427.2510986328125,276.5130310058594,35.882537841796875,94.53713989257812,-1,-1,-1,-1
45,2,424.38372802734375,277.2811584472656,35.314483642578125,94.40377807617188,-1,-1,-1,-1
46,2,422.8007507324219,277.2461242675781,36.236083984375,95.08657836914062,-1,-1,-1,-1
47,2,416.0899658203125,278.8012390136719,40.91656494140625,95.45278930664062,-1,-1,-1,-1
48,2,414.4717102050781,279.62371826171875,42.0841064453125,94.91876220703125,-1,-1,-1,-1
49,2,413.85113525390625,280.90350341796875,41.066131591796875,94.61947631835938,-1,-1,-1,-1
50,2,413.0837097167969,281.86016845703125,40.69720458984375,94.34878540039062,-1,-1,-1,-1
51,2,412.7690734863281,282.4858093261719,38.9703369140625,94.29547119140625,-1,-1,-1,-1
52,2,412.44525146484375,282.63330078125,38.18359375,94.61236572265625,-1,-1,-1,-1
53,2,410.8091125488281,282.21209716796875,37.133514404296875,94.91729736328125,-1,-1,-1,-1
54,2,410.2481384277344,282.3335876464844,36.53753662109375,95.03836059570312,-1,-1,-1,-1
55,2,406.7048645019531,282.3309326171875,36.22442626953125,95.61187744140625,-1,-1,-1,-1
56,2,405.3399963378906,282.423095703125,36.822174072265625,96.28448486328125,-1,-1,-1,-1
57,2,403.12115478515625,283.7746276855469,37.084808349609375,96.65347290039062,-1,-1,-1,-1
58,2,401.504150390625,284.5645446777344,37.68109130859375,96.83163452148438,-1,-1,-1,-1
59,2,397.8167419433594,286.1500244140625,38.8079833984375,96.87774658203125,-1,-1,-1,-1
60,2,396.89825439453125,287.356689453125,38.716339111328125,96.51153564453125,-1,-1,-1,-1
61,2,395.71392822265625,287.9383544921875,38.681793212890625,97.0087890625,-1,-1,-1,-1
62,2,395.34246826171875,288.61248779296875,38.26007080078125,96.75543212890625,-1,-1,-1,-1
63,2,394.81549072265625,289.37310791015625,37.734619140625,96.58795166015625,-1,-1,-1,-1
64,2,394.20880126953125,290.1995849609375,37.080352783203125,96.07919311523438,-1,-1,-1,-1
65,2,392.6331787109375,290.50439453125,36.86090087890625,95.93228149414062,-1,-1,-1,-1
66,2,390.7684326171875,290.6678771972656,36.95318603515625,96.18862915039062,-1,-1,-1,-1
67,2,388.45257568359375,290.7574462890625,36.097808837890625,96.404052734375,-1,-1,-1,-1
68,2,387.1906433105469,290.736328125,36.076202392578125,97.08621215820312,-1,-1,-1,-1
69,2,383.2895812988281,291.29901123046875,36.94757080078125,96.99319458007812,-1,-1,-1,-1
70,2,380.83074951171875,292.1249694824219,38.400909423828125,96.76641845703125,-1,-1,-1,-1
71,2,377.6302490234375,293.0279541015625,39.879150390625,97.70352172851562,-1,-1,-1,-1
72,2,377.17156982421875,294.5625305175781,38.88714599609375,96.512939453125,-1,-1,-1,-1
73,2,376.2637634277344,295.7696838378906,38.74652099609375,96.9873046875,-1,-1,-1,-1
74,2,375.7759704589844,296.639892578125,38.32891845703125,96.601806640625,-1,-1,-1,-1
75,2,374.7671203613281,297.1685791015625,37.092742919921875,96.54046630859375,-1,-1,-1,-1
76,2,374.28326416015625,297.4333801269531,36.051300048828125,96.61788940429688,-1,-1,-1,-1
77,2,372.2666320800781,297.1543884277344,35.618438720703125,96.94354248046875,-1,-1,-1,-1
78,2,369.45111083984375,296.7835388183594,36.321197509765625,97.48492431640625,-1,-1,-1,-1
79,2,367.6835021972656,296.9351501464844,36.477508544921875,98.31353759765625,-1,-1,-1,-1
80,2,366.7131652832031,297.8546447753906,36.093414306640625,98.49774169921875,-1,-1,-1,-1
81,2,362.451904296875,298.98602294921875,37.57171630859375,99.06814575195312,-1,-1,-1,-1
82,2,360.97430419921875,300.01263427734375,38.137603759765625,98.60299682617188,-1,-1,-1,-1
83,2,357.76568603515625,301.15838623046875,38.88018798828125,98.33132934570312,-1,-1,-1,-1
84,2,357.05859375,301.9656066894531,38.864166259765625,97.75921630859375,-1,-1,-1,-1
85,2,356.38232421875,303.3612060546875,38.118988037109375,96.78875732421875,-1,-1,-1,-1
86,2,356.0074462890625,304.1940002441406,37.31048583984375,96.20254516601562,-1,-1,-1,-1
87,2,355.32562255859375,304.960205078125,36.076324462890625,96.36181640625,-1,-1,-1,-1
88,2,354.105712890625,304.61474609375,36.499267578125,97.7108154296875,-1,-1,-1,-1
89,2,351.65106201171875,304.2410583496094,37.67608642578125,98.98236083984375,-1,-1,-1,-1
90,2,350.4378356933594,303.927978515625,37.3837890625,100.18231201171875,-1,-1,-1,-1
91,2,346.8365478515625,305.0640869140625,36.37591552734375,99.84121704101562,-1,-1,-1,-1
92,2,344.41864013671875,305.31121826171875,37.60498046875,100.20025634765625,-1,-1,-1,-1
93,2,338.0543212890625,306.93316650390625,41.132415771484375,99.88531494140625,-1,-1,-1,-1
94,2,336.61029052734375,307.4700927734375,41.574554443359375,99.36557006835938,-1,-1,-1,-1
95,2,336.7814636230469,308.98138427734375,39.792877197265625,97.95327758789062,-1,-1,-1,-1
96,2,336.82220458984375,310.1134948730469,38.59222412109375,96.94903564453125,-1,-1,-1,-1
97,2,336.0762023925781,311.06219482421875,37.5006103515625,96.95343017578125,-1,-1,-1,-1
98,2,334.428955078125,311.3185119628906,37.74713134765625,97.66220092773438,-1,-1,-1,-1
99,2,330.51092529296875,311.3563232421875,38.187255859375,98.51031494140625,-1,-1,-1,-1
100,2,329.2305603027344,311.4252014160156,37.427520751953125,98.98748779296875,-1,-1,-1,-1
101,2,326.0884704589844,311.8392333984375,37.046875,99.71670532226562,-1,-1,-1,-1
102,2,324.44158935546875,312.02325439453125,37.8466796875,100.46743774414062,-1,-1,-1,-1
103,2,321.97283935546875,312.9189758300781,39.11749267578125,101.38214111328125,-1,-1,-1,-1
104,2,321.015380859375,314.13116455078125,38.93170166015625,100.92843627929688,-1,-1,-1,-1
105,2,318.3254089355469,315.2730712890625,39.309326171875,100.54391479492188,-1,-1,-1,-1
106,2,316.475830078125,316.2147216796875,39.90814208984375,100.01040649414062,-1,-1,-1,-1
107,2,314.9650573730469,317.30621337890625,39.9300537109375,99.50387573242188,-1,-1,-1,-1
108,2,314.54150390625,318.146484375,39.229705810546875,98.88180541992188,-1,-1,-1,-1
109,2,313.6149597167969,318.6462097167969,39.02734375,99.61630249023438,-1,-1,-1,-1
110,2,312.3380126953125,318.7167053222656,39.41998291015625,100.25057983398438,-1,-1,-1,-1
111,2,310.32269287109375,318.33538818359375,38.90032958984375,101.13992309570312,-1,-1,-1,-1
112,2,308.7341003417969,318.5213623046875,38.431884765625,101.85076904296875,-1,-1,-1,-1
113,2,305.3880920410156,319.6142883300781,37.8349609375,102.127685546875,-1,-1,-1,-1
114,2,303.61444091796875,319.8997802734375,37.660552978515625,102.91973876953125,-1,-1,-1,-1
115,2,298.2998352050781,320.67510986328125,39.678741455078125,103.4090576171875,-1,-1,-1,-1
116,2,297.17919921875,321.5738830566406,40.19561767578125,102.68515014648438,-1,-1,-1,-1
117,2,296.5191955566406,323.3411560058594,38.415496826171875,102.01898193359375,-1,-1,-1,-1
118,2,295.7366027832031,324.2208251953125,38.4798583984375,101.9229736328125,-1,-1,-1,-1
119,2,293.13543701171875,324.32666015625,39.47149658203125,103.62850952148438,-1,-1,-1,-1
120,2,291.94439697265625,324.709228515625,39.83660888671875,103.17901611328125,-1,-1,-1,-1
121,2,290.96588134765625,325.6180725097656,38.435943603515625,102.14102172851562,-1,-1,-1,-1
122,2,289.2397766113281,326.3708801269531,37.999725341796875,102.4124755859375,-1,-1,-1,-1
123,2,287.5186767578125,327.0761413574219,36.456787109375,102.334228515625,-1,-1,-1,-1
124,2,286.605224609375,327.18292236328125,36.5841064453125,103.28329467773438,-1,-1,-1,-1
125,2,285.6573181152344,327.8845520019531,36.227386474609375,103.55487060546875,-1,-1,-1,-1
126,2,284.50518798828125,329.16339111328125,36.249725341796875,103.53460693359375,-1,-1,-1,-1
127,2,280.7480773925781,330.2530517578125,37.1331787109375,103.06930541992188,-1,-1,-1,-1
128,2,279.0428161621094,331.0427551269531,38.2103271484375,103.2120361328125,-1,-1,-1,-1
129,2,275.6731262207031,332.71319580078125,38.500244140625,102.9468994140625,-1,-1,-1,-1
130,2,275.0425109863281,333.3828125,37.948333740234375,102.7572021484375,-1,-1,-1,-1
131,2,271.9645080566406,334.1070556640625,38.314727783203125,102.72103881835938,-1,-1,-1,-1
132,2,270.5788269042969,334.4327392578125,38.56097412109375,102.48788452148438,-1,-1,-1,-1
133,2,267.99066162109375,335.0130310058594,37.93096923828125,102.88851928710938,-1,-1,-1,-1
134,2,266.0832824707031,334.9400634765625,38.425079345703125,103.41683959960938,-1,-1,-1,-1
135,2,262.8037414550781,334.7643737792969,39.615509033203125,104.57638549804688,-1,-1,-1,-1
136,2,261.7417297363281,334.9347229003906,39.173858642578125,104.5672607421875,-1,-1,-1,-1
137,2,258.63067626953125,336.1975402832031,38.62139892578125,104.18997192382812,-1,-1,-1,-1
138,2,255.91973876953125,336.3985900878906,39.5447998046875,105.07437133789062,-1,-1,-1,-1
139,2,252.1168212890625,337.84051513671875,41.415618896484375,104.946044921875,-1,-1,-1,-1
140,2,250.8375701904297,338.7286682128906,41.77787780761719,104.84689331054688,-1,-1,-1,-1
141,2,249.9489288330078,340.2967529296875,40.30220031738281,103.90072631835938,-1,-1,-1,-1
142,2,249.16775512695312,341.2930908203125,39.6260986328125,102.97702026367188,-1,-1,-1,-1
143,2,244.49288940429688,342.06878662109375,41.219757080078125,104.24417114257812,-1,-1,-1,-1
144,2,243.85874938964844,342.1618347167969,40.25590515136719,104.35995483398438,-1,-1,-1,-1
145,2,240.52178955078125,341.8724365234375,39.14471435546875,105.672119140625,-1,-1,-1,-1
146,2,239.4399871826172,341.5469665527344,39.14753723144531,106.13461303710938,-1,-1,-1,-1
147,2,236.96900939941406,341.54620361328125,40.25715637207031,106.91616821289062,-1,-1,-1,-1
148,2,235.33753967285156,342.451171875,40.22373962402344,107.2890625,-1,-1,-1,-1
149,2,231.89390563964844,344.9406433105469,40.50382995605469,106.63714599609375,-1,-1,-1,-1
150,2,230.4344024658203,345.74884033203125,40.80961608886719,106.18896484375,-1,-1,-1,-1
151,2,225.6016082763672,347.8053894042969,41.50306701660156,105.80029296875,-1,-1,-1,-1
152,2,224.70986938476562,348.94512939453125,41.47930908203125,105.0628662109375,-1,-1,-1,-1
153,2,221.3845977783203,349.76971435546875,43.10658264160156,105.51498413085938,-1,-1,-1,-1
154,2,220.64952087402344,350.4557800292969,42.27409362792969,105.00762939453125,-1,-1,-1,-1
155,2,218.50445556640625,350.7558898925781,40.922119140625,104.82498168945312,-1,-1,-1,-1
156,2,216.7301788330078,350.5294189453125,41.67845153808594,105.4517822265625,-1,-1,-1,-1
157,2,214.63259887695312,350.7252197265625,41.573577880859375,106.28756713867188,-1,-1,-1,-1
158,2,213.42153930664062,350.7879333496094,41.334808349609375,106.3779296875,-1,-1,-1,-1
159,2,210.85850524902344,352.1820068359375,39.66107177734375,106.22494506835938,-1,-1,-1,-1
160,2,208.57232666015625,352.3865966796875,39.71372985839844,107.177734375,-1,-1,-1,-1
161,2,201.44126892089844,353.47442626953125,44.67958068847656,107.78628540039062,-1,-1,-1,-1
162,2,200.34336853027344,354.77001953125,44.345123291015625,106.39675903320312,-1,-1,-1,-1
163,2,198.63949584960938,355.8940734863281,44.13850402832031,106.16802978515625,-1,-1,-1,-1
164,2,198.01504516601562,356.5054931640625,43.812255859375,106.15493774414062,-1,-1,-1,-1
165,2,196.62071228027344,356.7298583984375,42.37696838378906,107.92340087890625,-1,-1,-1,-1
166,2,195.30252075195312,357.0411376953125,41.98200988769531,108.49630737304688,-1,-1,-1,-1
167,2,192.47879028320312,357.5897521972656,39.49775695800781,108.9615478515625,-1,-1,-1,-1
168,2,190.3515167236328,357.6571350097656,39.2686767578125,108.85491943359375,-1,-1,-1,-1
169,2,185.1013641357422,358.2130126953125,41.49198913574219,109.24771118164062,-1,-1,-1,-1
170,2,183.87765502929688,358.7475891113281,41.94073486328125,109.222900390625,-1,-1,-1,-1
171,2,181.29347229003906,359.4537353515625,41.26445007324219,110.21011352539062,-1,-1,-1,-1
172,2,179.5196533203125,360.27294921875,41.58148193359375,110.31790161132812,-1,-1,-1,-1
173,2,177.524169921875,362.14068603515625,40.96653747558594,109.31948852539062,-1,-1,-1,-1
174,2,175.97854614257812,362.82525634765625,41.61122131347656,109.36465454101562,-1,-1,-1,-1
175,2,172.4593505859375,364.46246337890625,41.962188720703125,109.48312377929688,-1,-1,-1,-1
176,2,171.2533721923828,365.3858947753906,41.449462890625,108.51983642578125,-1,-1,-1,-1
177,2,164.90892028808594,366.593017578125,42.83052062988281,108.42086791992188,-1,-1,-1,-1
178,2,164.33795166015625,366.907958984375,42.76666259765625,108.24435424804688,-1,-1,-1,-1
179,2,163.5633544921875,366.8146057128906,42.40504455566406,108.56326293945312,-1,-1,-1,-1
180,2,162.63436889648438,366.62445068359375,42.35334777832031,108.81390380859375,-1,-1,-1,-1
181,2,159.73878479003906,367.16412353515625,40.56239318847656,109.4749755859375,-1,-1,-1,-1
182,2,159.23236083984375,367.4496765136719,39.65876770019531,109.90887451171875,-1,-1,-1,-1
183,2,153.88052368164062,368.8721618652344,41.50440979003906,109.48062133789062,-1,-1,-1,-1
184,2,151.2205352783203,369.8774719238281,43.00782775878906,108.31805419921875,-1,-1,-1,-1
185,2,147.4561767578125,371.7366943359375,43.931243896484375,108.06411743164062,-1,-1,-1,-1
186,2,146.4364471435547,372.6756286621094,44.17681884765625,106.9576416015625,-1,-1,-1,-1
187,2,145.2925567626953,373.80828857421875,42.91679382324219,106.80426025390625,-1,-1,-1,-1
188,2,144.79454040527344,373.68365478515625,41.85826110839844,108.31634521484375,-1,-1,-1,-1
189,2,142.1280975341797,374.0234375,41.70362854003906,107.9765625,-1,-1,-1,-1
190,2,139.80020141601562,374.2637939453125,41.59370422363281,107.7362060546875,-1,-1,-1,-1
191,2,137.21559143066406,374.115234375,41.72038269042969,107.884765625,-1,-1,-1,-1
192,2,135.54949951171875,374.1749572753906,41.884521484375,107.82504272460938,-1,-1,-1,-1
193,2,129.15281677246094,376.4205322265625,43.05668640136719,105.5794677734375,-1,-1,-1,-1
194,2,128.7099838256836,377.1006164550781,42.326622009277344,104.89938354492188,-1,-1,-1,-1
195,2,124.08255004882812,379.0364990234375,45.0380859375,102.9635009765625,-1,-1,-1,-1
196,2,122.2848892211914,380.50030517578125,45.75194549560547,101.49969482421875,-1,-1,-1,-1
197,2,119.8525619506836,382.35198974609375,45.540916442871094,99.64801025390625,-1,-1,-1,-1
198,2,118.79975128173828,382.9590759277344,45.13677215576172,99.04092407226562,-1,-1,-1,-1
199,2,116.00376892089844,384.19720458984375,45.23472595214844,97.80279541015625,-1,-1,-1,-1
200,2,113.93621826171875,384.2745361328125,45.38887023925781,97.7254638671875,-1,-1,-1,-1
1,3,621.9642333984375,163.1670684814453,24.798828125,64.13803100585938,-1,-1,-1,-1
2,3,621.87646484375,163.30941772460938,25.1142578125,64.25401306152344,-1,-1,-1,-1
3,3,624.0712890625,162.83299255371094,25.52001953125,64.05123901367188,-1,-1,-1,-1
4,3,624.634765625,162.70152282714844,25.577880859375,63.49009704589844,-1,-1,-1,-1
5,3,626.7001953125,161.01463317871094,25.9029541015625,64.12265014648438,-1,-1,-1,-1
6,3,627.1897583007812,159.66734313964844,26.269287109375,65.44082641601562,-1,-1,-1,-1
7,3,628.2719116210938,158.506103515625,26.9505615234375,66.4444580078125,-1,-1,-1,-1
8,3,628.8447875976562,158.40931701660156,26.79241943359375,66.27197265625,-1,-1,-1,-1
9,3,629.6009521484375,158.51043701171875,26.32244873046875,65.83625793457031,-1,-1,-1,-1
10,3,630.09375,158.5828399658203,26.24993896484375,65.34942626953125,-1,-1,-1,-1
11,3,630.689208984375,158.6378173828125,26.899169921875,64.68536376953125,-1,-1,-1,-1
12,3,631.2627563476562,158.68345642089844,27.08624267578125,64.12748718261719,-1,-1,-1,-1
13,3,631.7959594726562,158.52175903320312,26.84613037109375,63.73347473144531,-1,-1,-1,-1
14,3,632.4654541015625,157.66490173339844,26.11590576171875,63.46525573730469,-1,-1,-1,-1
15,3,633.236572265625,155.15042114257812,25.53155517578125,64.54782104492188,-1,-1,-1,-1
16,3,633.603515625,153.77069091796875,25.22509765625,66.63462829589844,-1,-1,-1,-1
17,3,634.3717041015625,153.54812622070312,24.473876953125,67.1058349609375,-1,-1,-1,-1
18,3,634.8373413085938,153.60720825195312,24.18609619140625,67.24617004394531,-1,-1,-1,-1
19,3,635.6320190429688,154.2492218017578,24.09869384765625,65.88433837890625,-1,-1,-1,-1
20,3,635.9291381835938,154.45352172851562,24.27166748046875,65.18510437011719,-1,-1,-1,-1
21,3,636.1787109375,154.14205932617188,24.82843017578125,65.16616821289062,-1,-1,-1,-1
22,3,636.6826782226562,154.03001403808594,25.579345703125,65.47305297851562,-1,-1,-1,-1
23,3,638.6342163085938,152.21029663085938,24.558349609375,65.92265319824219,-1,-1,-1,-1
24,3,639.1392211914062,151.6542205810547,24.4873046875,65.41867065429688,-1,-1,-1,-1
25,3,639.9935302734375,150.47801208496094,24.93359375,66.786376953125,-1,-1,-1,-1
26,3,640.6452026367188,149.77810668945312,24.378173828125,66.76522827148438,-1,-1,-1,-1
27,3,641.0413818359375,149.58807373046875,24.2257080078125,66.63851928710938,-1,-1,-1,-1
28,3,641.6478271484375,149.54339599609375,23.83221435546875,65.88893127441406,-1,-1,-1,-1
29,3,642.8145141601562,149.4948272705078,23.94268798828125,65.76246643066406,-1,-1,-1,-1
30,3,643.13427734375,149.3923797607422,24.5972900390625,65.90866088867188,-1,-1,-1,-1
33,3,645.442138671875,148.8711700439453,24.17413330078125,62.021453857421875,-1,-1,-1,-1
35,3,645.7918701171875,147.6082305908203,23.97784423828125,63.75518798828125,-1,-1,-1,-1
36,3,645.6625366210938,147.56007385253906,24.564208984375,62.40010070800781,-1,-1,-1,-1
