1,1,271.23968505859375,290.2339782714844,28.673004150390625,86.12380981445312,-1,-1,-1,-1
2,1,270.79718017578125,291.06927490234375,28.676727294921875,85.370849609375,-1,-1,-1,-1
3,1,268.6528625488281,292.7806396484375,29.7279052734375,84.15887451171875,-1,-1,-1,-1
4,1,267.6431579589844,293.8608093261719,30.147125244140625,83.4794921875,-1,-1,-1,-1
5,1,266.5469970703125,294.87115478515625,30.29095458984375,83.23675537109375,-1,-1,-1,-1
6,1,265.9675598144531,295.46929931640625,30.167083740234375,83.13714599609375,-1,-1,-1,-1
7,1,264.00469970703125,295.7104797363281,30.575927734375,83.61099243164062,-1,-1,-1,-1
8,1,262.92779541015625,296.14398193359375,30.994842529296875,83.83010864257812,-1,-1,-1,-1
9,1,259.6630859375,296.60028076171875,32.63836669921875,84.178955078125,-1,-1,-1,-1
10,1,257.9761962890625,296.6395263671875,33.512725830078125,84.49752807617188,-1,-1,-1,-1
11,1,255.89952087402344,296.8731384277344,34.73637390136719,86.16983032226562,-1,-1,-1,-1
12,1,254.49188232421875,297.4087829589844,35.471099853515625,86.4075927734375,-1,-1,-1,-1
13,1,253.9775848388672,298.9526062011719,35.48304748535156,86.0037841796875,-1,-1,-1,-1
14,1,253.5767364501953,299.85064697265625,35.59495544433594,85.83541870117188,-1,-1,-1,-1
15,1,252.91075134277344,301.1740417480469,35.29737854003906,85.67330932617188,-1,-1,-1,-1
16,1,252.6991424560547,302.2451477050781,34.89759826660156,85.17489624023438,-1,-1,-1,-1
17,1,252.2661895751953,302.97576904296875,34.21955871582031,85.00787353515625,-1,-1,-1,-1
18,1,252.0872802734375,303.266845703125,33.481536865234375,84.77890014648438,-1,-1,-1,-1
19,1,251.20193481445312,303.61767578125,32.91229248046875,84.68331909179688,-1,-1,-1,-1
20,1,250.59422302246094,304.0531005859375,32.36689758300781,84.28384399414062,-1,-1,-1,-1
21,1,249.26919555664062,304.7200927734375,31.525177001953125,84.5704345703125,-1,-1,-1,-1
22,1,248.11288452148438,304.9482421875,31.697845458984375,85.41763305664062,-1,-1,-1,-1
23,1,246.7260284423828,306.09521484375,31.524642944335938,85.36651611328125,-1,-1,-1,-1
24,1,246.2425537109375,307.5975341796875,31.1033935546875,84.37017822265625,-1,-1,-1,-1
25,1,245.4561767578125,308.6943664550781,30.48809814453125,84.4327392578125,-1,-1,-1,-1
26,1,244.8090362548828,309.25128173828125,30.181381225585938,85.0445556640625,-1,-1,-1,-1
27,1,243.070068359375,309.78338623046875,29.8988037109375,86.10678100585938,-1,-1,-1,-1
28,1,241.74325561523438,310.1956481933594,30.397064208984375,86.25616455078125,-1,-1,-1,-1
29,1,237.60250854492188,310.23187255859375,32.103912353515625,86.84658813476562,-1,-1,-1,-1
30,1,236.9457550048828,310.49517822265625,32.34934997558594,86.86444091796875,-1,-1,-1,-1
31,1,235.24496459960938,310.9950866699219,33.549560546875,87.2364501953125,-1,-1,-1,-1
32,1,233.5943145751953,311.59564208984375,34.77989196777344,87.78665161132812,-1,-1,-1,-1
33,1,231.6537628173828,313.189453125,35.73777770996094,87.26998901367188,-1,-1,-1,-1
34,1,230.68470764160156,314.3150634765625,36.00871276855469,86.42874145507812,-1,-1,-1,-1
35,1,229.22312927246094,315.7122497558594,36.48478698730469,86.64517211914062,-1,-1,-1,-1
36,1,228.93174743652344,316.200927734375,36.11021423339844,86.9486083984375,-1,-1,-1,-1
37,1,228.2677764892578,316.6776123046875,35.80961608886719,87.25213623046875,-1,-1,-1,-1
38,1,227.81300354003906,317.0595397949219,35.24894714355469,87.19036865234375,-1,-1,-1,-1
39,1,226.4059600830078,317.15447998046875,35.03916931152344,88.20230102539062,-1,-1,-1,-1
40,1,225.9698028564453,317.3538513183594,34.49360656738281,88.11895751953125,-1,-1,-1,-1
41,1,225.5537109375,317.76751708984375,32.95281982421875,88.107177734375,-1,-1,-1,-1
42,1,224.9818878173828,318.4956970214844,32.34666442871094,88.2479248046875,-1,-1,-1,-1
43,1,222.86700439453125,319.5814514160156,32.01780700683594,88.67105102539062,-1,-1,-1,-1
44,1,222.2743682861328,320.75335693359375,31.482513427734375,87.81280517578125,-1,-1,-1,-1
45,1,219.6019744873047,321.7186279296875,32.11283874511719,88.49966430664062,-1,-1,-1,-1
46,1,219.1072540283203,322.5126037597656,31.844268798828125,88.11944580078125,-1,-1,-1,-1
47,1,217.6125030517578,323.24102783203125,32.15092468261719,89.14581298828125,-1,-1,-1,-1
48,1,216.45201110839844,323.68878173828125,32.36000061035156,89.5196533203125,-1,-1,-1,-1
49,1,212.92527770996094,323.6939697265625,32.55891418457031,89.82022094726562,-1,-1,-1,-1
50,1,211.49398803710938,324.0455322265625,33.01005554199219,90.03665161132812,-1,-1,-1,-1
51,1,208.7936248779297,324.46014404296875,33.66499328613281,89.99203491210938,-1,-1,-1,-1
52,1,207.4534454345703,324.85205078125,34.03961181640625,90.46630859375,-1,-1,-1,-1
53,1,205.9175567626953,326.0830078125,34.57171630859375,90.4605712890625,-1,-1,-1,-1
54,1,205.01223754882812,327.67138671875,34.638641357421875,89.5498046875,-1,-1,-1,-1
55,1,203.60137939453125,329.0946044921875,34.54939270019531,89.36459350585938,-1,-1,-1,-1
56,1,202.31776428222656,330.10595703125,34.78556823730469,90.04769897460938,-1,-1,-1,-1
57,1,200.13949584960938,330.93841552734375,35.21321105957031,90.37069702148438,-1,-1,-1,-1
58,1,199.12107849121094,331.490478515625,35.04315185546875,90.19296264648438,-1,-1,-1,-1
59,1,197.35569763183594,332.07305908203125,34.78680419921875,90.24801635742188,-1,-1,-1,-1
60,1,196.36825561523438,332.3613586425781,34.4530029296875,89.79708862304688,-1,-1,-1,-1
61,1,194.89329528808594,332.640869140625,33.69091796875,89.77261352539062,-1,-1,-1,-1
62,1,194.62852478027344,333.290283203125,32.11515808105469,89.55679321289062,-1,-1,-1,-1
63,1,191.87315368652344,334.0929870605469,32.341766357421875,90.14248657226562,-1,-1,-1,-1
64,1,190.6060791015625,334.7850646972656,32.90766906738281,90.04653930664062,-1,-1,-1,-1
65,1,188.345458984375,335.86614990234375,33.58717346191406,89.98223876953125,-1,-1,-1,-1
66,1,187.14212036132812,336.9429626464844,33.614013671875,89.42022705078125,-1,-1,-1,-1
67,1,185.87240600585938,337.8334045410156,32.88786315917969,89.3516845703125,-1,-1,-1,-1
68,1,184.89454650878906,338.44097900390625,32.30096435546875,89.42648315429688,-1,-1,-1,-1
69,1,180.3282470703125,339.1501770019531,33.70982360839844,90.33291625976562,-1,-1,-1,-1
70,1,179.2269744873047,339.1415710449219,33.80690002441406,90.654296875,-1,-1,-1,-1
71,1,176.228271484375,339.29815673828125,34.12361145019531,90.35366821289062,-1,-1,-1,-1
72,1,174.8788604736328,339.45916748046875,34.76380920410156,90.90542602539062,-1,-1,-1,-1
73,1,172.17417907714844,340.1062927246094,35.58558654785156,92.06845092773438,-1,-1,-1,-1
74,1,171.28759765625,340.41217041015625,35.70954895019531,92.93222045898438,-1,-1,-1,-1
75,1,169.5332794189453,342.8572998046875,36.23663330078125,91.53085327148438,-1,-1,-1,-1
76,1,168.73455810546875,344.210693359375,36.553192138671875,91.01678466796875,-1,-1,-1,-1
77,1,167.81190490722656,345.75311279296875,36.56805419921875,90.495361328125,-1,-1,-1,-1
78,1,166.78591918945312,346.2272033691406,36.87599182128906,90.546142578125,-1,-1,-1,-1
79,1,163.5377197265625,346.43621826171875,37.22148132324219,90.76699829101562,-1,-1,-1,-1
80,1,162.95257568359375,346.68896484375,36.774383544921875,90.88046264648438,-1,-1,-1,-1
81,1,161.30677795410156,347.6392822265625,35.05714416503906,91.51116943359375,-1,-1,-1,-1
82,1,160.97325134277344,348.0915222167969,33.586181640625,91.67828369140625,-1,-1,-1,-1
83,1,158.66183471679688,348.441650390625,32.95289611816406,92.78549194335938,-1,-1,-1,-1
84,1,157.07778930664062,349.13275146484375,33.602294921875,92.61318969726562,-1,-1,-1,-1
85,1,153.9228973388672,351.2259216308594,35.19190979003906,91.86221313476562,-1,-1,-1,-1
86,1,152.98655700683594,352.3128662109375,35.205413818359375,90.93438720703125,-1,-1,-1,-1
87,1,150.4468231201172,353.06878662109375,35.51177978515625,91.10336303710938,-1,-1,-1,-1
88,1,149.98736572265625,353.66680908203125,34.82594299316406,91.05142211914062,-1,-1,-1,-1
89,1,148.92698669433594,353.78955078125,34.38020324707031,91.86190795898438,-1,-1,-1,-1
90,1,147.93142700195312,353.99737548828125,33.497650146484375,91.862060546875,-1,-1,-1,-1
91,1,143.1498260498047,354.3534240722656,34.87904357910156,92.4293212890625,-1,-1,-1,-1
92,1,142.30722045898438,354.69586181640625,34.81866455078125,92.457763671875,-1,-1,-1,-1
93,1,138.51930236816406,355.1722412109375,36.07102966308594,94.48617553710938,-1,-1,-1,-1
94,1,136.89981079101562,355.7869567871094,37.07720947265625,95.3135986328125,-1,-1,-1,-1
95,1,133.98110961914062,357.9334716796875,37.638885498046875,94.216064453125,-1,-1,-1,-1
96,1,132.92723083496094,359.094970703125,37.80497741699219,93.38302612304688,-1,-1,-1,-1
97,1,130.7577667236328,360.326904296875,38.72419738769531,94.85885620117188,-1,-1,-1,-1
98,1,129.8147735595703,361.9191589355469,38.408447265625,93.73004150390625,-1,-1,-1,-1
99,1,127.77699279785156,362.81396484375,38.389129638671875,92.96749877929688,-1,-1,-1,-1
100,1,126.6871337890625,363.3310546875,38.407684326171875,92.599609375,-1,-1,-1,-1
101,1,124.69951629638672,363.62420654296875,38.204383850097656,92.70669555664062,-1,-1,-1,-1
102,1,123.6595230102539,363.80303955078125,37.912986755371094,93.51718139648438,-1,-1,-1,-1
103,1,122.09200286865234,364.29071044921875,35.595436096191406,94.80624389648438,-1,-1,-1,-1
104,1,121.15455627441406,364.7121887207031,34.4195556640625,95.6845703125,-1,-1,-1,-1
105,1,115.85581970214844,366.5738830566406,36.09776306152344,95.33184814453125,-1,-1,-1,-1
106,1,113.96922302246094,367.564697265625,37.47418212890625,94.9542236328125,-1,-1,-1,-1
107,1,113.26820373535156,369.3735046386719,35.867279052734375,93.5927734375,-1,-1,-1,-1
108,1,112.58914947509766,370.15631103515625,35.873512268066406,93.61557006835938,-1,-1,-1,-1
109,1,111.55187225341797,370.4040222167969,35.24169158935547,94.15731811523438,-1,-1,-1,-1
110,1,109.75550079345703,370.62982177734375,36.035362243652344,94.818115234375,-1,-1,-1,-1
111,1,105.59955596923828,370.92218017578125,37.36615753173828,95.85873413085938,-1,-1,-1,-1
112,1,104.27859497070312,371.23828125,37.5211181640625,95.85531616210938,-1,-1,-1,-1
113,1,99.55138397216797,371.9720458984375,37.812156677246094,95.86557006835938,-1,-1,-1,-1
114,1,98.90877532958984,372.3306579589844,37.617637634277344,96.58544921875,-1,-1,-1,-1
115,1,97.8062515258789,373.38800048828125,37.62543487548828,97.3726806640625,-1,-1,-1,-1
116,1,96.49259185791016,374.36163330078125,38.01087188720703,97.19927978515625,-1,-1,-1,-1
117,1,94.9472427368164,376.22509765625,37.894142150878906,97.49392700195312,-1,-1,-1,-1
118,1,93.66554260253906,377.63470458984375,38.38572692871094,97.39962768554688,-1,-1,-1,-1
119,1,91.37020874023438,378.369873046875,38.52539825439453,97.54647827148438,-1,-1,-1,-1
120,1,90.57612609863281,379.1101379394531,38.49415588378906,97.34832763671875,-1,-1,-1,-1
121,1,88.36577606201172,379.725830078125,37.55998992919922,97.59658813476562,-1,-1,-1,-1
122,1,88.03073120117188,379.5866394042969,36.933624267578125,97.59780883789062,-1,-1,-1,-1
123,1,87.66510009765625,380.45965576171875,35.362709045410156,97.41287231445312,-1,-1,-1,-1
124,1,87.03871154785156,380.9880676269531,34.317726135253906,98.19625854492188,-1,-1,-1,-1
125,1,83.18084716796875,382.6795654296875,34.181243896484375,98.59585571289062,-1,-1,-1,-1
126,1,80.65168762207031,383.0826416015625,35.38554382324219,98.9173583984375,-1,-1,-1,-1
127,1,77.61773681640625,385.461181640625,36.426918029785156,96.538818359375,-1,-1,-1,-1
128,1,77.06085968017578,386.7170104980469,36.526161193847656,95.28298950195312,-1,-1,-1,-1
129,1,74.89191436767578,388.2206115722656,35.93830108642578,93.77938842773438,-1,-1,-1,-1
130,1,74.46292114257812,388.2090759277344,35.216041564941406,93.79092407226562,-1,-1,-1,-1
131,1,72.01852416992188,388.335205078125,35.13554382324219,93.664794921875,-1,-1,-1,-1
132,1,68.9559326171875,388.74713134765625,36.298255920410156,93.25286865234375,-1,-1,-1,-1
133,1,64.26511001586914,389.16156005859375,39.3984489440918,92.83843994140625,-1,-1,-1,-1
134,1,61.41542434692383,390.042236328125,38.7645149230957,91.957763671875,-1,-1,-1,-1
135,1,58.123416900634766,391.18231201171875,39.25246047973633,90.81768798828125,-1,-1,-1,-1
136,1,56.27756881713867,391.8846435546875,40.1328010559082,90.1153564453125,-1,-1,-1,-1
137,1,54.141754150390625,394.41668701171875,40.147544860839844,87.58331298828125,-1,-1,-1,-1
138,1,52.125308990478516,395.5174560546875,41.42458724975586,86.4825439453125,-1,-1,-1,-1
139,1,50.985652923583984,396.9203796386719,40.552677154541016,85.07962036132812,-1,-1,-1,-1
140,1,49.10390090942383,397.5085144042969,41.23463821411133,84.49148559570312,-1,-1,-1,-1
141,1,45.07778549194336,397.82537841796875,42.43620681762695,84.17462158203125,-1,-1,-1,-1
142,1,44.99720764160156,397.336669921875,41.238067626953125,84.663330078125,-1,-1,-1,-1
143,1,42.617103576660156,397.11383056640625,40.577064514160156,84.88616943359375,-1,-1,-1,-1
144,1,42.62355422973633,397.4928283691406,38.8722038269043,84.50717163085938,-1,-1,-1,-1
145,1,41.185279846191406,399.5438232421875,36.13679504394531,82.4561767578125,-1,-1,-1,-1
146,1,39.22663879394531,401.4977722167969,36.60148620605469,80.50222778320312,-1,-1,-1,-1
147,1,35.54080581665039,404.1493835449219,37.14512252807617,77.85061645507812,-1,-1,-1,-1
148,1,34.132450103759766,405.0107116699219,37.257633209228516,76.98928833007812,-1,-1,-1,-1
149,1,31.964052200317383,407.5314025878906,37.12152671813965,74.46859741210938,-1,-1,-1,-1
150,1,29.27880096435547,408.88037109375,38.571739196777344,73.11962890625,-1,-1,-1,-1
151,1,25.679353713989258,408.76678466796875,37.7536563873291,73.23321533203125,-1,-1,-1,-1
152,1,24.738004684448242,408.54522705078125,34.65690040588379,73.45477294921875,-1,-1,-1,-1
153,1,19.12255096435547,408.8482666015625,37.30956268310547,73.1517333984375,-1,-1,-1,-1
154,1,16.643996238708496,408.5896301269531,39.14621829986572,73.41036987304688,-1,-1,-1,-1
155,1,11.340439796447754,409.4836120605469,40.46858882904053,72.51638793945312,-1,-1,-1,-1
156,1,10.014495849609375,411.48297119140625,40.35438919067383,70.51702880859375,-1,-1,-1,-1
157,1,5.054145336151123,414.8424987792969,42.13613939285278,67.15750122070312,-1,-1,-1,-1
158,1,4.1345391273498535,415.3857421875,41.957772731781006,66.6142578125,-1,-1,-1,-1
159,1,1.8050987720489502,417.17706298828125,40.52917551994324,64.82293701171875,-1,-1,-1,-1
160,1,1.168772891163826,418.4007263183594,39.444447323679924,63.599273681640625,-1,-1,-1,-1
161,1,1.0,420.3216552734375,36.00251388549805,61.6783447265625,-1,-1,-1,-1
162,1,1.0,419.4845275878906,33.183658599853516,62.515472412109375,-1,-1,-1,-1
164,1,1.0,420.7393493652344,29.142702102661133,61.260650634765625,-1,-1,-1,-1
1,2,377.80999755859375,215.2940673828125,26.51568603515625,74.43576049804688,-1,-1,-1,-1
2,2,377.241455078125,215.43130493164062,26.629150390625,74.68362426757812,-1,-1,-1,-1
3,2,375.60150146484375,215.0237274169922,27.31298828125,75.21513366699219,-1,-1,-1,-1
4,2,374.97296142578125,214.6914825439453,27.108673095703125,75.79347229003906,-1,-1,-1,-1
5,2,373.67230224609375,214.41017150878906,27.179107666015625,76.40187072753906,-1,-1,-1,-1
6,2,372.8638610839844,214.2367401123047,27.255279541015625,76.97230529785156,-1,-1,-1,-1
7,2,371.59991455078125,214.9241180419922,27.21734619140625,76.83552551269531,-1,-1,-1,-1
8,2,371.19683837890625,215.3177032470703,26.822174072265625,77.13804626464844,-1,-1,-1,-1
9,2,370.1295471191406,216.78451538085938,26.44073486328125,76.72869873046875,-1,-1,-1,-1
10,2,369.9087829589844,217.89938354492188,25.874237060546875,75.68167114257812,-1,-1,-1,-1
11,2,368.7707824707031,218.90133666992188,25.873046875,75.17947387695312,-1,-1,-1,-1
12,2,368.0769958496094,219.1920166015625,26.0653076171875,75.14657592773438,-1,-1,-1,-1
13,2,367.03778076171875,219.6287078857422,26.540557861328125,75.57200622558594,-1,-1,-1,-1
14,2,365.9923400878906,219.68722534179688,27.130859375,76.12738037109375,-1,-1,-1,-1
15,2,364.56219482421875,219.51258850097656,27.696319580078125,77.14414978027344,-1,-1,-1,-1
16,2,363.6517333984375,219.54881286621094,28.04345703125,77.62522888183594,-1,-1,-1,-1
17,2,362.17919921875,219.80030822753906,28.229705810546875,77.93360900878906,-1,-1,-1,-1
18,2,361.3247375488281,220.16285705566406,28.3636474609375,77.76695251464844,-1,-1,-1,-1
19,2,358.72918701171875,220.75135803222656,28.745880126953125,77.66481018066406,-1,-1,-1,-1
20,2,357.6062316894531,221.22926330566406,29.185272216796875,77.39530944824219,-1,-1,-1,-1
21,2,355.8002624511719,222.75144958496094,29.330718994140625,76.81779479980469,-1,-1,-1,-1
22,2,355.1220703125,223.6162567138672,29.367218017578125,76.10179138183594,-1,-1,-1,-1
23,2,354.18255615234375,224.28565979003906,29.0426025390625,75.90943908691406,-1,-1,-1,-1
24,2,353.25384521484375,224.5536651611328,29.111236572265625,76.12834167480469,-1,-1,-1,-1
25,2,351.81085205078125,224.11500549316406,28.24749755859375,76.73539733886719,-1,-1,-1,-1
26,2,351.2213439941406,223.9296112060547,27.441009521484375,77.28395080566406,-1,-1,-1,-1
27,2,349.60614013671875,224.0460968017578,27.0047607421875,77.55870056152344,-1,-1,-1,-1
28,2,348.2477111816406,224.23988342285156,27.5184326171875,77.88529968261719,-1,-1,-1,-1
29,2,344.7323303222656,225.72210693359375,29.43438720703125,77.61099243164062,-1,-1,-1,-1
30,2,344.28399658203125,226.05917358398438,29.46826171875,77.65655517578125,-1,-1,-1,-1
31,2,343.8292541503906,226.946533203125,29.197662353515625,77.13250732421875,-1,-1,-1,-1
32,2,343.1260681152344,227.76954650878906,29.364715576171875,76.62635803222656,-1,-1,-1,-1
33,2,342.8025817871094,228.45494079589844,28.967620849609375,76.72480773925781,-1,-1,-1,-1
34,2,342.48187255859375,228.77854919433594,28.982177734375,77.11103820800781,-1,-1,-1,-1
35,2,342.20550537109375,228.97808837890625,28.833587646484375,77.21502685546875,-1,-1,-1,-1
36,2,341.9657897949219,228.931640625,28.78692626953125,77.54830932617188,-1,-1,-1,-1
37,2,341.432861328125,229.29502868652344,28.62738037109375,77.63874816894531,-1,-1,-1,-1
38,2,340.8196716308594,229.24586486816406,28.5745849609375,78.07847595214844,-1,-1,-1,-1
39,2,340.21197509765625,229.4132843017578,28.254669189453125,78.48115539550781,-1,-1,-1,-1
40,2,339.27093505859375,229.79666137695312,28.505859375,78.71923828125,-1,-1,-1,-1
41,2,337.8127136230469,231.0224609375,28.686431884765625,78.10580444335938,-1,-1,-1,-1
42,2,336.6535339355469,232.69029235839844,28.663665771484375,76.85218811035156,-1,-1,-1,-1
43,2,335.361083984375,234.1520233154297,27.67999267578125,76.34617614746094,-1,-1,-1,-1
44,2,334.4796447753906,234.5130615234375,27.87225341796875,76.51235961914062,-1,-1,-1,-1
45,2,332.1336975097656,234.91061401367188,29.258819580078125,76.84738159179688,-1,-1,-1,-1
46,2,331.0574951171875,234.8314208984375,29.676513671875,77.10067749023438,-1,-1,-1,-1
47,2,329.75775146484375,234.71726989746094,29.854339599609375,77.51533508300781,-1,-1,-1,-1
48,2,329.10540771484375,234.3659210205078,29.96722412109375,78.18516540527344,-1,-1,-1,-1
49,2,328.4565734863281,234.53623962402344,30.212921142578125,78.61302185058594,-1,-1,-1,-1
50,2,327.7239990234375,235.03648376464844,30.40313720703125,78.91761779785156,-1,-1,-1,-1
51,2,327.45916748046875,236.0113067626953,29.799407958984375,79.01234436035156,-1,-1,-1,-1
52,2,327.06146240234375,237.0409698486328,29.849365234375,78.70915222167969,-1,-1,-1,-1
53,2,327.3248291015625,238.12994384765625,29.306793212890625,78.7349853515625,-1,-1,-1,-1
54,2,327.8639221191406,238.72787475585938,28.597503662109375,78.69113159179688,-1,-1,-1,-1
55,2,327.6802978515625,239.1607208251953,28.7703857421875,79.10447692871094,-1,-1,-1,-1
56,2,327.6582336425781,239.26202392578125,28.68115234375,79.37969970703125,-1,-1,-1,-1
57,2,327.0133056640625,239.19557189941406,28.95806884765625,79.86500549316406,-1,-1,-1,-1
58,2,326.4620056152344,239.0330352783203,29.186798095703125,80.31629943847656,-1,-1,-1,-1
59,2,325.5291748046875,239.1204833984375,29.124053955078125,80.70855712890625,-1,-1,-1,-1
60,2,324.73870849609375,239.11488342285156,29.531494140625,80.95939636230469,-1,-1,-1,-1
61,2,323.7740783691406,239.48658752441406,29.995941162109375,81.02018737792969,-1,-1,-1,-1
62,2,323.1064453125,239.87278747558594,30.05010986328125,81.33360290527344,-1,-1,-1,-1
63,2,322.171142578125,241.55577087402344,30.03643798828125,80.11283874511719,-1,-1,-1,-1
64,2,321.634521484375,242.46807861328125,29.760528564453125,79.63607788085938,-1,-1,-1,-1
65,2,321.00738525390625,243.43634033203125,28.926025390625,79.11700439453125,-1,-1,-1,-1
66,2,320.2697448730469,243.54322814941406,28.899627685546875,79.46488952636719,-1,-1,-1,-1
67,2,317.806640625,243.48207092285156,29.854705810546875,79.90153503417969,-1,-1,-1,-1
68,2,316.75128173828125,243.4192352294922,30.037689208984375,80.10847473144531,-1,-1,-1,-1
69,2,316.056396484375,243.53697204589844,29.135040283203125,80.11866760253906,-1,-1,-1,-1
70,2,315.3836669921875,243.6240234375,29.070220947265625,80.35202026367188,-1,-1,-1,-1
71,2,314.2906188964844,243.7443389892578,28.888214111328125,80.72554016113281,-1,-1,-1,-1
72,2,313.4375305175781,243.77316284179688,29.0565185546875,81.46832275390625,-1,-1,-1,-1
73,2,312.86932373046875,244.68753051757812,28.852294921875,81.9290771484375,-1,-1,-1,-1
74,2,312.5314025878906,245.6444091796875,28.70965576171875,81.744384765625,-1,-1,-1,-1
75,2,311.87005615234375,247.16285705566406,28.6158447265625,81.20277404785156,-1,-1,-1,-1
76,2,311.57159423828125,247.98617553710938,28.3204345703125,80.69741821289062,-1,-1,-1,-1
77,2,311.0844421386719,248.65304565429688,28.46038818359375,80.69403076171875,-1,-1,-1,-1
78,2,310.760009765625,249.24440002441406,28.430511474609375,80.39277648925781,-1,-1,-1,-1
79,2,310.02935791015625,249.35569763183594,28.368621826171875,80.45222473144531,-1,-1,-1,-1
80,2,309.2891845703125,249.2705535888672,28.55255126953125,80.85987854003906,-1,-1,-1,-1
81,2,308.19512939453125,249.41978454589844,28.7166748046875,81.10032653808594,-1,-1,-1,-1
82,2,307.6221008300781,249.8489990234375,28.71527099609375,80.92904663085938,-1,-1,-1,-1
83,2,306.2203369140625,250.1515350341797,29.3670654296875,81.76744079589844,-1,-1,-1,-1
84,2,305.0973205566406,250.98004150390625,29.90643310546875,81.57952880859375,-1,-1,-1,-1
85,2,304.1343078613281,253.25540161132812,29.561798095703125,79.95794677734375,-1,-1,-1,-1
86,2,303.7601318359375,254.3925323486328,28.809326171875,79.21705627441406,-1,-1,-1,-1
87,2,302.7088928222656,255.35403442382812,28.484619140625,78.63705444335938,-1,-1,-1,-1
88,2,301.46746826171875,255.59629821777344,28.6605224609375,78.83531188964844,-1,-1,-1,-1
89,2,298.2091979980469,255.7657928466797,29.493560791015625,80.07258605957031,-1,-1,-1,-1
90,2,297.6216125488281,255.59677124023438,29.55865478515625,80.30941772460938,-1,-1,-1,-1
91,2,296.47064208984375,255.4688262939453,29.229522705078125,80.35032653808594,-1,-1,-1,-1
92,2,295.8843994140625,255.47479248046875,29.296356201171875,80.63232421875,-1,-1,-1,-1
93,2,294.70709228515625,255.71963500976562,29.765625,81.2679443359375,-1,-1,-1,-1
94,2,294.10394287109375,256.22190856933594,29.871917724609375,82.00685119628906,-1,-1,-1,-1
95,2,293.4407653808594,257.2099304199219,29.7816162109375,82.10821533203125,-1,-1,-1,-1
96,2,292.9539489746094,258.19598388671875,29.500762939453125,81.5830078125,-1,-1,-1,-1
97,2,292.75213623046875,259.2088317871094,28.26788330078125,80.9202880859375,-1,-1,-1,-1
98,2,292.3609619140625,259.72412109375,27.963409423828125,80.9715576171875,-1,-1,-1,-1
99,2,291.5870361328125,260.2980041503906,28.0128173828125,80.94320678710938,-1,-1,-1,-1
100,2,290.8040466308594,260.56549072265625,28.118988037109375,81.07437133789062,-1,-1,-1,-1
101,2,289.41754150390625,260.5879821777344,28.4561767578125,81.32305908203125,-1,-1,-1,-1
102,2,288.5640869140625,260.6368713378906,28.76116943359375,81.43115234375,-1,-1,-1,-1
103,2,287.5809020996094,260.49310302734375,29.06201171875,82.03121948242188,-1,-1,-1,-1
104,2,286.83209228515625,260.61181640625,29.31097412109375,82.56576538085938,-1,-1,-1,-1
105,2,285.7603759765625,260.95233154296875,29.374420166015625,82.84597778320312,-1,-1,-1,-1
106,2,284.675048828125,261.72625732421875,29.859710693359375,82.4571533203125,-1,-1,-1,-1
107,2,283.35382080078125,263.7550354003906,30.228759765625,81.10037231445312,-1,-1,-1,-1
108,2,282.6626281738281,264.30816650390625,29.88897705078125,81.287109375,-1,-1,-1,-1
109,2,281.4543762207031,264.7836608886719,29.749114990234375,82.009033203125,-1,-1,-1,-1
110,2,279.75,264.87799072265625,30.2613525390625,82.91098022460938,-1,-1,-1,-1
111,2,277.30364990234375,264.7193603515625,30.34588623046875,83.4537353515625,-1,-1,-1,-1
112,2,276.7118225097656,264.8786926269531,30.17694091796875,83.76144409179688,-1,-1,-1,-1
113,2,276.0921630859375,265.1799621582031,29.520233154296875,83.68624877929688,-1,-1,-1,-1
114,2,275.572021484375,265.28277587890625,29.439117431640625,83.93972778320312,-1,-1,-1,-1
115,2,274.5263977050781,265.4413757324219,29.431732177734375,84.33795166015625,-1,-1,-1,-1
116,2,273.9524841308594,266.3240661621094,29.051605224609375,83.76486206054688,-1,-1,-1,-1
117,2,272.7001647949219,268.1576843261719,28.9161376953125,83.61660766601562,-1,-1,-1,-1
118,2,272.0476989746094,269.04229736328125,28.86822509765625,83.2890625,-1,-1,-1,-1
119,2,270.68389892578125,270.97235107421875,28.94940185546875,82.09600830078125,-1,-1,-1,-1
120,2,269.58203125,271.6026916503906,28.95404052734375,81.54934692382812,-1,-1,-1,-1
121,2,268.73779296875,272.0679626464844,29.063262939453125,81.4300537109375,-1,-1,-1,-1
122,2,268.0921936035156,272.11224365234375,29.320465087890625,81.838623046875,-1,-1,-1,-1
123,2,266.72650146484375,271.86224365234375,30.061187744140625,83.022705078125,-1,-1,-1,-1
124,2,265.3455810546875,271.61993408203125,30.606903076171875,83.65841674804688,-1,-1,-1,-1
125,2,264.4642028808594,271.43048095703125,30.557769775390625,84.6695556640625,-1,-1,-1,-1
126,2,264.1470947265625,271.4884338378906,30.014129638671875,85.23040771484375,-1,-1,-1,-1
127,2,261.5665588378906,271.8203125,30.692779541015625,85.9241943359375,-1,-1,-1,-1
128,2,260.6396484375,272.86328125,30.515625,84.9654541015625,-1,-1,-1,-1
129,2,259.2842712402344,274.40362548828125,30.467315673828125,83.89453125,-1,-1,-1,-1
130,2,258.5096435546875,275.0551452636719,30.27203369140625,83.85894775390625,-1,-1,-1,-1
131,2,257.367431640625,275.73345947265625,30.16302490234375,83.9013671875,-1,-1,-1,-1
132,2,256.4722442626953,276.23223876953125,30.120620727539062,84.04470825195312,-1,-1,-1,-1
133,2,254.96603393554688,276.4884033203125,30.511505126953125,84.30044555664062,-1,-1,-1,-1
134,2,254.23086547851562,276.6239929199219,30.116485595703125,84.45828247070312,-1,-1,-1,-1
135,2,252.82876586914062,276.396484375,29.769439697265625,85.10980224609375,-1,-1,-1,-1
136,2,251.61016845703125,276.33331298828125,29.9844970703125,85.89007568359375,-1,-1,-1,-1
137,2,250.40306091308594,276.64324951171875,30.128646850585938,86.33441162109375,-1,-1,-1,-1
138,2,248.93585205078125,277.06585693359375,30.308074951171875,86.33367919921875,-1,-1,-1,-1
139,2,247.25025939941406,278.2148742675781,30.609115600585938,86.72610473632812,-1,-1,-1,-1
140,2,246.73635864257812,279.1398620605469,30.72381591796875,86.0484619140625,-1,-1,-1,-1
141,2,246.2120361328125,280.3464050292969,30.394866943359375,85.87319946289062,-1,-1,-1,-1
142,2,245.60733032226562,281.3778076171875,30.286468505859375,85.36019897460938,-1,-1,-1,-1
143,2,244.58407592773438,282.4226379394531,30.01373291015625,84.4730224609375,-1,-1,-1,-1
144,2,244.0998077392578,282.70709228515625,29.918685913085938,84.882568359375,-1,-1,-1,-1
145,2,241.2039031982422,283.1005859375,31.319839477539062,85.41403198242188,-1,-1,-1,-1
146,2,240.60855102539062,283.35736083984375,31.08740234375,85.42010498046875,-1,-1,-1,-1
147,2,238.95729064941406,283.67333984375,30.992843627929688,85.4610595703125,-1,-1,-1,-1
148,2,238.2317657470703,284.0112609863281,30.802932739257812,85.65267944335938,-1,-1,-1,-1
149,2,236.64376831054688,284.4913635253906,31.368011474609375,86.3037109375,-1,-1,-1,-1
150,2,235.3550262451172,285.0520324707031,31.863967895507812,86.862548828125,-1,-1,-1,-1
151,2,234.4772491455078,285.87603759765625,31.750625610351562,86.41650390625,-1,-1,-1,-1
152,2,234.0442352294922,286.7431640625,31.432083129882812,85.99285888671875,-1,-1,-1,-1
153,2,232.93589782714844,287.61053466796875,31.016189575195312,86.24160766601562,-1,-1,-1,-1
154,2,230.92752075195312,288.0068359375,31.749481201171875,86.9986572265625,-1,-1,-1,-1
155,2,228.0875244140625,288.23883056640625,32.51190185546875,87.80963134765625,-1,-1,-1,-1
156,2,227.4342041015625,288.6997375488281,31.77191162109375,87.29049682617188,-1,-1,-1,-1
157,2,225.6438751220703,288.7183532714844,31.13623046875,87.64215087890625,-1,-1,-1,-1
158,2,224.49383544921875,289.19378662109375,30.649612426757812,87.4654541015625,-1,-1,-1,-1
159,2,222.9187469482422,289.2427673339844,30.136627197265625,87.53952026367188,-1,-1,-1,-1
160,2,221.13258361816406,289.44183349609375,30.85748291015625,88.11761474609375,-1,-1,-1,-1
161,2,219.01161193847656,290.7335510253906,30.931259155273438,88.81802368164062,-1,-1,-1,-1
162,2,218.13980102539062,291.4654541015625,30.923568725585938,88.6214599609375,-1,-1,-1,-1
163,2,216.62901306152344,292.7391357421875,31.457626342773438,88.24932861328125,-1,-1,-1,-1
164,2,216.1039276123047,293.9739990234375,30.8436279296875,86.89666748046875,-1,-1,-1,-1
165,2,215.74139404296875,295.0693664550781,30.271682739257812,85.92996215820312,-1,-1,-1,-1
166,2,215.40162658691406,295.4212951660156,30.120803833007812,85.695068359375,-1,-1,-1,-1
167,2,214.09774780273438,295.58587646484375,30.413665771484375,85.996826171875,-1,-1,-1,-1
168,2,213.5094451904297,295.9671630859375,30.114028930664062,85.76678466796875,-1,-1,-1,-1
169,2,211.4056396484375,295.4558410644531,30.286041259765625,87.26434326171875,-1,-1,-1,-1
170,2,210.97305297851562,295.5193786621094,30.180099487304688,87.69412231445312,-1,-1,-1,-1
171,2,209.7443389892578,295.6886291503906,30.740142822265625,88.00277709960938,-1,-1,-1,-1
172,2,208.46702575683594,296.0831298828125,31.260589599609375,88.06005859375,-1,-1,-1,-1
173,2,205.8323516845703,297.50079345703125,32.624298095703125,87.326904296875,-1,-1,-1,-1
174,2,204.9208526611328,298.45233154296875,32.63209533691406,86.80255126953125,-1,-1,-1,-1
175,2,203.8476104736328,300.18609619140625,31.699981689453125,86.33279418945312,-1,-1,-1,-1
176,2,203.11312866210938,300.9032897949219,31.4412841796875,86.01541137695312,-1,-1,-1,-1
177,2,201.5922088623047,301.64910888671875,31.305679321289062,86.73666381835938,-1,-1,-1,-1
178,2,200.67982482910156,301.75518798828125,31.2236328125,87.49176025390625,-1,-1,-1,-1
179,2,199.0404052734375,301.5682373046875,31.727798461914062,88.2252197265625,-1,-1,-1,-1
180,2,198.177978515625,301.4554748535156,31.396270751953125,88.45101928710938,-1,-1,-1,-1
181,2,196.28504943847656,301.28179931640625,32.0272216796875,88.992919921875,-1,-1,-1,-1
182,2,195.48887634277344,301.7717590332031,31.743698120117188,89.16552734375,-1,-1,-1,-1
183,2,193.8500518798828,302.9716491699219,31.384307861328125,90.07757568359375,-1,-1,-1,-1
184,2,193.40528869628906,304.0171203613281,31.2303466796875,89.70053100585938,-1,-1,-1,-1
185,2,191.53274536132812,306.29638671875,31.860153198242188,89.22415161132812,-1,-1,-1,-1
186,2,190.8739013671875,307.1446533203125,31.778961181640625,89.12109375,-1,-1,-1,-1
187,2,190.2007598876953,308.4884338378906,31.24810791015625,88.33642578125,-1,-1,-1,-1
188,2,189.8455047607422,309.01318359375,31.234405517578125,88.2786865234375,-1,-1,-1,-1
189,2,187.98394775390625,308.8310241699219,32.67494201660156,88.96694946289062,-1,-1,-1,-1
190,2,187.44912719726562,309.1190185546875,32.49916076660156,88.3955078125,-1,-1,-1,-1
191,2,186.0064697265625,309.1230163574219,32.93601989746094,88.91510009765625,-1,-1,-1,-1
192,2,185.4483642578125,309.4914855957031,32.68513488769531,88.74862670898438,-1,-1,-1,-1
193,2,184.62356567382812,309.6566467285156,32.56269836425781,89.4130859375,-1,-1,-1,-1
194,2,184.1346435546875,310.42779541015625,32.444305419921875,89.3428955078125,-1,-1,-1,-1
195,2,181.54354858398438,311.9476013183594,33.53001403808594,88.68539428710938,-1,-1,-1,-1
196,2,180.55841064453125,312.43206787109375,33.49470520019531,88.68670654296875,-1,-1,-1,-1
197,2,179.81808471679688,313.2587890625,32.8603515625,88.68106079101562,-1,-1,-1,-1
198,2,179.20559692382812,313.9249572753906,32.51954650878906,88.34454345703125,-1,-1,-1,-1
199,2,177.75942993164062,313.9803161621094,32.663177490234375,88.96380615234375,-1,-1,-1,-1
200,2,176.87828063964844,314.23388671875,32.25750732421875,89.30056762695312,-1,-1,-1,-1
1,3,421.40948486328125,149.77288818359375,22.801116943359375,56.54273986816406,-1,-1,-1,-1
2,3,421.2597351074219,149.74343872070312,22.87860107421875,56.06755065917969,-1,-1,-1,-1
3,3,420.8484802246094,148.90060424804688,22.912384033203125,55.97410583496094,-1,-1,-1,-1
4,3,420.4556884765625,148.13818359375,23.139068603515625,56.177947998046875,-1,-1,-1,-1
5,3,420.03875732421875,147.63380432128906,23.442291259765625,57.02250671386719,-1,-1,-1,-1
6,3,419.7036437988281,147.54222106933594,23.6351318359375,57.41862487792969,-1,-1,-1,-1
7,3,419.3595275878906,147.6220245361328,23.47760009765625,57.36529541015625,-1,-1,-1,-1
8,3,419.06121826171875,147.6690216064453,23.443328857421875,57.424102783203125,-1,-1,-1,-1
9,3,418.67718505859375,147.75540161132812,23.207763671875,56.851470947265625,-1,-1,-1,-1
10,3,418.5061340332031,147.446044921875,23.035186767578125,56.60224914550781,-1,-1,-1,-1
11,3,418.2580261230469,147.09600830078125,23.00128173828125,55.98870849609375,-1,-1,-1,-1
12,3,418.1861877441406,146.5837860107422,22.83123779296875,55.0313720703125,-1,-1,-1,-1
13,3,417.9148254394531,145.5554962158203,23.0286865234375,55.92201232910156,-1,-1,-1,-1
14,3,417.9403991699219,145.5133819580078,22.934722900390625,55.51643371582031,-1,-1,-1,-1
15,3,418.0519104003906,145.04881286621094,22.7818603515625,55.56709289550781,-1,-1,-1,-1
16,3,418.1089172363281,144.827392578125,22.70306396484375,55.55155944824219,-1,-1,-1,-1
17,3,418.08795166015625,144.75074768066406,22.578094482421875,55.89656066894531,-1,-1,-1,-1
18,3,418.2566833496094,144.75860595703125,22.551300048828125,56.13038635253906,-1,-1,-1,-1
19,3,418.3811950683594,144.62857055664062,22.65948486328125,55.821258544921875,-1,-1,-1,-1
20,3,418.2738037109375,144.07791137695312,23.418548583984375,55.885955810546875,-1,-1,-1,-1
21,3,418.48455810546875,143.5171661376953,24.094146728515625,54.94378662109375,-1,-1,-1,-1
22,3,418.7937927246094,143.51393127441406,23.82708740234375,54.02967834472656,-1,-1,-1,-1
23,3,418.729736328125,143.0784912109375,24.00982666015625,53.9034423828125,-1,-1,-1,-1
24,3,419.0078430175781,142.3941650390625,23.9061279296875,54.62159729003906,-1,-1,-1,-1
25,3,419.90606689453125,141.9280242919922,24.122711181640625,55.688812255859375,-1,-1,-1,-1
26,3,420.0926208496094,141.5781707763672,24.150909423828125,55.82049560546875,-1,-1,-1,-1
27,3,420.294921875,141.69215393066406,24.12115478515625,55.45054626464844,-1,-1,-1,-1
28,3,420.6860046386719,141.8506622314453,23.717010498046875,54.88487243652344,-1,-1,-1,-1
29,3,420.90234375,141.7772216796875,23.404998779296875,54.441162109375,-1,-1,-1,-1
30,3,420.7906494140625,141.5133514404297,23.60467529296875,54.42469787597656,-1,-1,-1,-1
31,3,420.7864685058594,140.19833374023438,23.86102294921875,55.28092956542969,-1,-1,-1,-1
32,3,420.8588562011719,139.69239807128906,23.97247314453125,55.49031066894531,-1,-1,-1,-1
33,3,421.0870056152344,139.40769958496094,23.871978759765625,55.2225341796875,-1,-1,-1,-1
34,3,420.910888671875,138.54624938964844,24.20977783203125,55.962890625,-1,-1,-1,-1
35,3,421.1514587402344,137.98326110839844,24.319580078125,56.63653564453125,-1,-1,-1,-1
36,3,421.5528259277344,137.4915313720703,24.28851318359375,56.892120361328125,-1,-1,-1,-1
37,3,421.70538330078125,136.90390014648438,24.4580078125,57.56111145019531,-1,-1,-1,-1
38,3,422.0875244140625,136.82066345214844,24.345733642578125,57.87103271484375,-1,-1,-1,-1
39,3,423.3294372558594,137.1081085205078,23.220001220703125,57.10223388671875,-1,-1,-1,-1
40,3,423.6138610839844,136.9197235107422,23.196044921875,56.94136047363281,-1,-1,-1,-1
41,3,424.39190673828125,136.70034790039062,23.004791259765625,56.686187744140625,-1,-1,-1,-1
42,3,424.6064758300781,136.97544860839844,23.2557373046875,55.80693054199219,-1,-1,-1,-1
43,3,425.5062561035156,136.60963439941406,23.397674560546875,55.31988525390625,-1,-1,-1,-1
44,3,425.7856750488281,136.01779174804688,23.996124267578125,56.03376770019531,-1,-1,-1,-1
45,3,426.2884826660156,136.4110565185547,23.60333251953125,55.43959045410156,-1,-1,-1,-1
46,3,426.7185363769531,135.99647521972656,23.43914794921875,55.87187194824219,-1,-1,-1,-1
47,3,427.2833251953125,136.38816833496094,22.9407958984375,55.493377685546875,-1,-1,-1,-1
48,3,427.707275390625,136.16749572753906,22.77960205078125,55.588897705078125,-1,-1,-1,-1
49,3,428.6466369628906,136.1907196044922,22.410247802734375,55.30583190917969,-1,-1,-1,-1
50,3,428.8354187011719,136.19677734375,22.525299072265625,55.06767272949219,-1,-1,-1,-1
51,3,429.1402282714844,135.73448181152344,22.6309814453125,54.68846130371094,-1,-1,-1,-1
52,3,429.27520751953125,135.52859497070312,23.0081787109375,54.07781982421875,-1,-1,-1,-1
53,3,430.3701477050781,135.13970947265625,23.344207763671875,53.65211486816406,-1,-1,-1,-1
54,3,430.5232238769531,134.74560546875,23.370513916015625,54.21656799316406,-1,-1,-1,-1
55,3,430.8349304199219,134.15493774414062,23.2132568359375,55.03460693359375,-1,-1,-1,-1
56,3,431.2566223144531,133.79690551757812,23.050018310546875,55.36082458496094,-1,-1,-1,-1
57,3,432.3164367675781,133.9302520751953,23.1812744140625,55.35862731933594,-1,-1,-1,-1
58,3,432.52532958984375,133.8579864501953,23.595428466796875,55.286865234375,-1,-1,-1,-1
59,3,432.79534912109375,133.629150390625,23.34405517578125,54.74482727050781,-1,-1,-1,-1
60,3,434.4112854003906,133.70486450195312,23.41351318359375,53.95318603515625,-1,-1,-1,-1
61,3,435.2247009277344,133.33233642578125,22.93414306640625,53.502166748046875,-1,-1,-1,-1
62,3,435.6764221191406,133.42974853515625,23.389556884765625,53.1260986328125,-1,-1,-1,-1
63,3,436.4595031738281,132.79270935058594,23.48431396484375,52.918426513671875,-1,-1,-1,-1
64,3,437.3198547363281,132.32090759277344,23.01446533203125,53.47499084472656,-1,-1,-1,-1
65,3,437.37945556640625,131.57171630859375,22.912017822265625,54.58660888671875,-1,-1,-1,-1
66,3,438.26165771484375,131.28831481933594,23.126678466796875,54.95848083496094,-1,-1,-1,-1
67,3,438.5665588378906,131.32911682128906,23.5914306640625,54.336883544921875,-1,-1,-1,-1
68,3,439.5083923339844,130.80262756347656,24.143585205078125,54.7867431640625,-1,-1,-1,-1
69,3,439.8721008300781,131.12860107421875,23.5794677734375,54.15950012207031,-1,-1,-1,-1
70,3,440.405029296875,131.05496215820312,23.220855712890625,54.26580810546875,-1,-1,-1,-1
71,3,440.96112060546875,129.8105010986328,23.758758544921875,53.957183837890625,-1,-1,-1,-1
72,3,441.20928955078125,129.76217651367188,23.98150634765625,53.533935546875,-1,-1,-1,-1
73,3,443.4094543457031,128.9621810913086,23.09649658203125,54.09876251220703,-1,-1,-1,-1
74,3,443.4511413574219,128.60892486572266,22.85400390625,54.468772888183594,-1,-1,-1,-1
75,3,443.7231140136719,128.3509292602539,22.530792236328125,54.862571716308594,-1,-1,-1,-1
76,3,444.1344299316406,128.8238067626953,22.2130126953125,54.747283935546875,-1,-1,-1,-1
77,3,444.72015380859375,128.85892486572266,22.034637451171875,55.014366149902344,-1,-1,-1,-1
78,3,445.50177001953125,128.98853302001953,21.848602294921875,54.236228942871094,-1,-1,-1,-1
79,3,445.88525390625,128.8136978149414,22.252838134765625,53.537025451660156,-1,-1,-1,-1
80,3,446.3486022949219,128.27106475830078,22.3040771484375,53.966697692871094,-1,-1,-1,-1
81,3,447.2264404296875,127.90645599365234,22.55853271484375,53.619468688964844,-1,-1,-1,-1
82,3,447.4612121582031,127.20459747314453,22.74298095703125,53.92023468017578,-1,-1,-1,-1
83,3,448.35955810546875,126.64474487304688,22.565216064453125,53.732391357421875,-1,-1,-1,-1
84,3,448.76641845703125,126.27637481689453,22.4434814453125,54.014305114746094,-1,-1,-1,-1
85,3,449.5169982910156,125.55217742919922,22.878692626953125,54.69727325439453,-1,-1,-1,-1
86,3,449.69842529296875,125.93943786621094,22.870574951171875,54.39524841308594,-1,-1,-1,-1
87,3,450.4326477050781,126.53125762939453,22.318023681640625,53.767677307128906,-1,-1,-1,-1
88,3,450.7774658203125,126.08512115478516,22.422027587890625,54.38225555419922,-1,-1,-1,-1
89,3,452.3941955566406,126.34598541259766,21.967620849609375,53.645851135253906,-1,-1,-1,-1
90,3,452.6605529785156,125.87657928466797,22.018096923828125,53.83087921142578,-1,-1,-1,-1
91,3,453.0965270996094,124.24248504638672,22.880615234375,53.47325897216797,-1,-1,-1,-1
92,3,453.2633361816406,123.89353942871094,23.185516357421875,53.36534118652344,-1,-1,-1,-1
93,3,454.1306457519531,123.80052947998047,22.95831298828125,52.508705139160156,-1,-1,-1,-1
94,3,454.2174377441406,123.02311706542969,23.099212646484375,53.617095947265625,-1,-1,-1,-1
95,3,454.8251953125,122.29203033447266,23.207183837890625,54.580360412597656,-1,-1,-1,-1
96,3,455.2567443847656,122.38494873046875,23.391082763671875,54.99983215332031,-1,-1,-1,-1
97,3,456.5514831542969,122.80962371826172,23.4033203125,54.458702087402344,-1,-1,-1,-1
98,3,456.9109191894531,122.83142852783203,23.63360595703125,54.30120086669922,-1,-1,-1,-1
99,3,457.7499694824219,122.71894073486328,23.212982177734375,53.93152618408203,-1,-1,-1,-1
100,3,458.83135986328125,122.56626892089844,23.2176513671875,53.72300720214844,-1,-1,-1,-1
101,3,460.0801696777344,121.74154663085938,22.833221435546875,54.00123596191406,-1,-1,-1,-1
102,3,460.5029296875,121.30085754394531,22.635467529296875,54.35003662109375,-1,-1,-1,-1
103,3,461.0539245605469,120.46566009521484,23.14141845703125,54.19097137451172,-1,-1,-1,-1
104,3,461.7548522949219,120.35877990722656,22.9437255859375,53.76597595214844,-1,-1,-1,-1
105,3,462.3872375488281,120.1039810180664,22.676544189453125,54.244850158691406,-1,-1,-1,-1
106,3,462.6877746582031,119.89746856689453,22.862579345703125,54.56989288330078,-1,-1,-1,-1
107,3,463.3031005859375,119.61474609375,22.341522216796875,54.88648986816406,-1,-1,-1,-1
108,3,463.39508056640625,119.09630584716797,22.602874755859375,54.902565002441406,-1,-1,-1,-1
109,3,464.80023193359375,120.44200897216797,21.39752197265625,52.374595642089844,-1,-1,-1,-1
110,3,464.91357421875,120.14832305908203,21.601043701171875,52.50428009033203,-1,-1,-1,-1
111,3,465.6296081542969,119.94477844238281,21.40643310546875,51.61637878417969,-1,-1,-1,-1
112,3,465.9008483886719,119.2518539428711,21.540924072265625,51.89611053466797,-1,-1,-1,-1
113,3,466.4472961425781,119.12349700927734,22.498046875,52.233863830566406,-1,-1,-1,-1
114,3,466.7070617675781,118.89643096923828,22.528076171875,52.059226989746094,-1,-1,-1,-1
115,3,467.1792907714844,118.89045715332031,22.52691650390625,51.85456848144531,-1,-1,-1,-1
116,3,467.5631103515625,118.91009521484375,22.478271484375,51.85780334472656,-1,-1,-1,-1
117,3,467.7765808105469,118.6866683959961,22.709564208984375,52.13062286376953,-1,-1,-1,-1
118,3,467.9509582519531,118.31634521484375,23.293701171875,52.66926574707031,-1,-1,-1,-1
119,3,468.3169860839844,118.13246154785156,23.17919921875,52.2774658203125,-1,-1,-1,-1
120,3,468.8246765136719,117.69107055664062,23.382080078125,52.115081787109375,-1,-1,-1,-1
121,3,469.76129150390625,116.87313842773438,22.876861572265625,52.276458740234375,-1,-1,-1,-1
122,3,470.3118591308594,116.39261627197266,22.878387451171875,52.35071563720703,-1,-1,-1,-1
123,3,470.7362976074219,116.05023193359375,22.635223388671875,52.346832275390625,-1,-1,-1,-1
124,3,471.16094970703125,115.65541076660156,22.3819580078125,53.01667785644531,-1,-1,-1,-1
125,3,472.0899353027344,115.31852722167969,22.049346923828125,52.90510559082031,-1,-1,-1,-1
126,3,472.2895202636719,115.18161010742188,22.089630126953125,53.061981201171875,-1,-1,-1,-1
127,3,472.5966491699219,115.29969024658203,22.136962890625,52.936134338378906,-1,-1,-1,-1
128,3,473.1864318847656,115.5206298828125,21.74249267578125,52.396209716796875,-1,-1,-1,-1
129,3,473.6275634765625,115.24578857421875,22.177459716796875,51.702972412109375,-1,-1,-1,-1
130,3,474.0675048828125,115.06625366210938,22.697479248046875,51.151336669921875,-1,-1,-1,-1
131,3,474.3611755371094,114.92745208740234,22.4735107421875,51.04602813720703,-1,-1,-1,-1
132,3,474.947509765625,114.50853729248047,22.31536865234375,51.45996856689453,-1,-1,-1,-1
133,3,475.8491516113281,113.72108459472656,21.954742431640625,52.22184753417969,-1,-1,-1,-1
134,3,476.5653991699219,113.50918579101562,22.065093994140625,52.283172607421875,-1,-1,-1,-1
135,3,476.7279357910156,113.38304901123047,22.6112060546875,52.61408233642578,-1,-1,-1,-1
136,3,477.2125244140625,113.39747619628906,22.630401611328125,52.67930603027344,-1,-1,-1,-1
137,3,478.1251525878906,113.55009460449219,21.98028564453125,52.440338134765625,-1,-1,-1,-1
138,3,478.7176818847656,113.73302459716797,22.34527587890625,52.152320861816406,-1,-1,-1,-1
139,3,479.5343322753906,113.6186752319336,22.05169677734375,52.099220275878906,-1,-1,-1,-1
140,3,479.7327880859375,113.49323272705078,22.16229248046875,52.284385681152344,-1,-1,-1,-1
141,3,480.6263122558594,112.81940460205078,21.4876708984375,52.219383239746094,-1,-1,-1,-1
142,3,481.5565185546875,112.23511505126953,20.76446533203125,51.76287078857422,-1,-1,-1,-1
143,3,482.3028869628906,112.07632446289062,20.486602783203125,51.69110107421875,-1,-1,-1,-1
144,3,482.6335754394531,112.01631927490234,20.478973388671875,51.417564392089844,-1,-1,-1,-1
145,3,483.3027038574219,111.98323822021484,20.286956787109375,51.134742736816406,-1,-1,-1,-1
146,3,483.6312561035156,111.83295440673828,20.24078369140625,50.87358856201172,-1,-1,-1,-1
147,3,484.2783508300781,111.67652893066406,19.963348388671875,50.84092712402344,-1,-1,-1,-1
148,3,484.6539001464844,111.67290496826172,19.6492919921875,50.75324249267578,-1,-1,-1,-1
149,3,484.9266662597656,111.15220642089844,20.035797119140625,50.87030029296875,-1,-1,-1,-1
150,3,485.4375,110.7236099243164,19.90155029296875,50.81743621826172,-1,-1,-1,-1
151,3,486.16973876953125,110.46057891845703,20.20074462890625,50.961570739746094,-1,-1,-1,-1
152,3,486.5533752441406,110.3778305053711,20.7415771484375,50.72350311279297,-1,-1,-1,-1
153,3,487.29119873046875,110.27577209472656,20.6849365234375,50.62052917480469,-1,-1,-1,-1
154,3,487.3790588378906,109.85536193847656,21.177764892578125,51.32926940917969,-1,-1,-1,-1
155,3,488.0619201660156,109.96861267089844,21.2642822265625,50.96003723144531,-1,-1,-1,-1
156,3,488.197998046875,109.46044158935547,21.556610107421875,51.59918975830078,-1,-1,-1,-1
157,3,488.6058044433594,109.39664459228516,21.534423828125,51.388526916503906,-1,-1,-1,-1
158,3,489.36566162109375,109.49195098876953,21.561065673828125,50.77489471435547,-1,-1,-1,-1
159,3,489.85577392578125,108.86096954345703,22.07403564453125,50.883445739746094,-1,-1,-1,-1
160,3,490.4116516113281,108.3496322631836,22.058807373046875,51.12451934814453,-1,-1,-1,-1
161,3,491.1418762207031,107.47380065917969,21.9473876953125,51.66346740722656,-1,-1,-1,-1
162,3,491.8125,107.4001693725586,21.5806884765625,51.36219024658203,-1,-1,-1,-1
163,3,492.4941711425781,107.03192901611328,21.373779296875,52.51775360107422,-1,-1,-1,-1
164,3,492.8097839355469,106.79231262207031,21.258331298828125,52.845458984375,-1,-1,-1,-1
165,3,493.2041320800781,106.72288513183594,21.334442138671875,52.73780822753906,-1,-1,-1,-1
166,3,493.4689025878906,106.70126342773438,21.247833251953125,52.75010681152344,-1,-1,-1,-1
167,3,493.8040771484375,106.63678741455078,21.210693359375,52.09856414794922,-1,-1,-1,-1
168,3,494.08685302734375,106.58281707763672,21.35791015625,51.61841583251953,-1,-1,-1,-1
169,3,494.29974365234375,106.25466918945312,21.63043212890625,51.17848205566406,-1,-1,-1,-1
170,3,494.4578552246094,105.77457427978516,21.959564208984375,51.19982147216797,-1,-1,-1,-1
171,3,494.6837463378906,105.31555938720703,21.865447998046875,51.19116973876953,-1,-1,-1,-1
172,3,494.7803039550781,104.92180633544922,22.014495849609375,51.43939971923828,-1,-1,-1,-1
173,3,495.4426574707031,104.43363952636719,22.065277099609375,51.17439270019531,-1,-1,-1,-1
174,3,495.4360656738281,103.94828796386719,22.331024169921875,51.74755859375,-1,-1,-1,-1
175,3,495.676513671875,103.74927520751953,22.71270751953125,52.445167541503906,-1,-1,-1,-1
176,3,496.1338806152344,103.94252014160156,22.418121337890625,52.65843200683594,-1,-1,-1,-1
177,3,496.35986328125,104.11383819580078,22.5653076171875,52.551048278808594,-1,-1,-1,-1
178,3,496.90576171875,104.0809555053711,22.34002685546875,52.453895568847656,-1,-1,-1,-1
179,3,497.5286865234375,104.38306427001953,22.13507080078125,52.097312927246094,-1,-1,-1,-1
180,3,499.0006408691406,104.82218170166016,21.248992919921875,51.29737091064453,-1,-1,-1,-1
181,3,499.98046875,103.57963562011719,21.078857421875,52.04673767089844,-1,-1,-1,-1
182,3,500.24652099609375,103.10176849365234,21.06280517578125,51.75969696044922,-1,-1,-1,-1
183,3,500.2635803222656,102.32302856445312,22.097808837890625,52.42158508300781,-1,-1,-1,-1
184,3,500.6824951171875,102.59058380126953,21.8548583984375,52.187355041503906,-1,-1,-1,-1
185,3,501.2388610839844,102.27423095703125,21.771331787109375,52.25010681152344,-1,-1,-1,-1
186,3,501.7071838378906,102.53491973876953,21.541595458984375,51.95885467529297,-1,-1,-1,-1
187,3,501.83642578125,102.21485137939453,21.6622314453125,51.883872985839844,-1,-1,-1,-1
188,3,502.072021484375,102.0618667602539,21.6044921875,51.670997619628906,-1,-1,-1,-1
189,3,502.4024963378906,101.8395767211914,21.537994384765625,50.664573669433594,-1,-1,-1,-1
190,3,502.8407287597656,101.53164672851562,21.347259521484375,50.88853454589844,-1,-1,-1,-1
191,3,503.2969055175781,101.04132843017578,21.616302490234375,51.33521270751953,-1,-1,-1,-1
192,3,503.7716369628906,100.60295104980469,21.715911865234375,51.38752746582031,-1,-1,-1,-1
193,3,503.9565124511719,100.06602478027344,22.384796142578125,51.60231018066406,-1,-1,-1,-1
194,3,504.2928161621094,99.75568389892578,22.501861572265625,51.68169403076172,-1,-1,-1,-1
195,3,504.78033447265625,99.70987701416016,22.23443603515625,51.89440155029297,-1,-1,-1,-1
196,3,505.0038146972656,99.30243682861328,22.582427978515625,52.38225555419922,-1,-1,-1,-1
197,3,505.54083251953125,99.37609100341797,22.271728515625,52.04882049560547,-1,-1,-1,-1
198,3,506.017822265625,99.19120788574219,22.1962890625,51.94114685058594,-1,-1,-1,-1
199,3,507.0496520996094,98.95441436767578,22.065765380859375,51.885475158691406,-1,-1,-1,-1
200,3,507.9420166015625,98.6655502319336,22.7325439453125,52.09258270263672,-1,-1,-1,-1
1,4,346.8731689453125,220.45347595214844,25.913848876953125,69.33634948730469,-1,-1,-1,-1
2,4,345.0638732910156,221.2933807373047,27.297821044921875,68.84397888183594,-1,-1,-1,-1
3,4,344.16082763671875,222.14479064941406,27.39178466796875,69.02287292480469,-1,-1,-1,-1
4,4,343.2748107910156,222.56973266601562,27.75457763671875,69.51641845703125,-1,-1,-1,-1
5,4,342.7891845703125,223.31886291503906,26.98712158203125,69.27799987792969,-1,-1,-1,-1
6,4,342.19146728515625,223.79061889648438,26.792877197265625,69.276123046875,-1,-1,-1,-1
7,4,341.7152404785156,224.52464294433594,26.388946533203125,68.89033508300781,-1,-1,-1,-1
8,4,341.29425048828125,224.8162078857422,25.87969970703125,68.67576599121094,-1,-1,-1,-1
9,4,340.43414306640625,225.33859252929688,26.0030517578125,68.83425903320312,-1,-1,-1,-1
10,4,339.7135009765625,225.56849670410156,25.9068603515625,69.17448425292969,-1,-1,-1,-1
11,4,338.3135986328125,225.88075256347656,25.01934814453125,68.80839538574219,-1,-1,-1,-1
12,4,337.5796813964844,226.2816619873047,24.756317138671875,69.29051208496094,-1,-1,-1,-1
13,4,334.5958251953125,226.64547729492188,26.9569091796875,70.6329345703125,-1,-1,-1,-1
14,4,333.67352294921875,227.17604064941406,27.796630859375,70.92579650878906,-1,-1,-1,-1
15,4,333.0718994140625,228.18519592285156,27.565155029296875,70.47145080566406,-1,-1,-1,-1
16,4,332.3475341796875,228.88558959960938,27.5701904296875,69.90109252929688,-1,-1,-1,-1
17,4,331.75628662109375,229.6155548095703,27.1171875,69.45429992675781,-1,-1,-1,-1
18,4,331.3922119140625,229.9687042236328,26.760101318359375,69.26084899902344,-1,-1,-1,-1
19,4,329.9580993652344,229.97312927246094,27.217864990234375,69.49595642089844,-1,-1,-1,-1
20,4,329.3014221191406,230.18357849121094,27.017669677734375,69.51606750488281,-1,-1,-1,-1
21,4,328.29998779296875,230.60435485839844,26.93988037109375,69.05372619628906,-1,-1,-1,-1
22,4,327.3143310546875,230.9561767578125,26.964935302734375,69.38497924804688,-1,-1,-1,-1
23,4,326.5409851074219,231.58560180664062,26.617645263671875,69.90084838867188,-1,-1,-1,-1
24,4,325.96380615234375,231.7868194580078,26.57806396484375,70.26432800292969,-1,-1,-1,-1
25,4,324.52178955078125,232.39320373535156,27.308807373046875,70.37141418457031,-1,-1,-1,-1
26,4,323.27056884765625,233.02801513671875,27.76153564453125,70.17160034179688,-1,-1,-1,-1
27,4,322.58056640625,234.10092163085938,27.73663330078125,69.62677001953125,-1,-1,-1,-1
28,4,322.449951171875,234.70008850097656,27.5068359375,69.43827819824219,-1,-1,-1,-1
29,4,322.24053955078125,235.71096801757812,26.2315673828125,68.66751098632812,-1,-1,-1,-1
30,4,321.8091735839844,235.6598663330078,25.929901123046875,69.16542053222656,-1,-1,-1,-1
31,4,320.61126708984375,235.31747436523438,25.2310791015625,69.7938232421875,-1,-1,-1,-1
32,4,320.0125427246094,235.5457305908203,25.201568603515625,70.20561218261719,-1,-1,-1,-1
33,4,319.02569580078125,236.14195251464844,25.54833984375,70.56831359863281,-1,-1,-1,-1
34,4,318.3146057128906,236.7895050048828,25.993621826171875,70.91816711425781,-1,-1,-1,-1
35,4,317.12109375,237.9019317626953,26.61712646484375,70.87193298339844,-1,-1,-1,-1
36,4,316.24908447265625,238.61456298828125,26.9300537109375,70.59808349609375,-1,-1,-1,-1
37,4,315.0093078613281,239.35108947753906,27.20172119140625,69.65119934082031,-1,-1,-1,-1
38,4,313.435546875,239.80471801757812,27.85430908203125,69.19964599609375,-1,-1,-1,-1
39,4,312.8717346191406,240.1428985595703,27.44232177734375,69.34104919433594,-1,-1,-1,-1
40,4,312.5920104980469,240.0846710205078,27.254913330078125,69.92472839355469,-1,-1,-1,-1
41,4,312.1253662109375,239.51478576660156,26.499847412109375,70.47813415527344,-1,-1,-1,-1
42,4,311.7720642089844,239.83580017089844,25.999847412109375,70.79402160644531,-1,-1,-1,-1
43,4,310.8383483886719,240.9004364013672,25.523834228515625,71.20512390136719,-1,-1,-1,-1
44,4,310.5922546386719,241.14697265625,25.355133056640625,71.87799072265625,-1,-1,-1,-1
45,4,309.4525146484375,242.3667755126953,24.2862548828125,70.89366149902344,-1,-1,-1,-1
46,4,309.09002685546875,242.8670654296875,24.277008056640625,71.03713989257812,-1,-1,-1,-1
47,4,307.8343811035156,244.10415649414062,24.384124755859375,70.08218383789062,-1,-1,-1,-1
48,4,307.02392578125,244.62306213378906,24.41845703125,69.96632385253906,-1,-1,-1,-1
49,4,305.2778015136719,244.4945068359375,24.799346923828125,70.39584350585938,-1,-1,-1,-1
50,4,304.8608703613281,244.66221618652344,23.98907470703125,70.19517517089844,-1,-1,-1,-1
51,4,302.7445068359375,245.02142333984375,24.388427734375,71.033447265625,-1,-1,-1,-1
52,4,302.1585998535156,245.44866943359375,24.17510986328125,71.365478515625,-1,-1,-1,-1
53,4,299.1744079589844,246.11590576171875,26.405120849609375,72.03173828125,-1,-1,-1,-1
54,4,297.5675048828125,246.99371337890625,28.070587158203125,71.25167846679688,-1,-1,-1,-1
55,4,295.94952392578125,247.71884155273438,29.02471923828125,71.08856201171875,-1,-1,-1,-1
56,4,295.34906005859375,248.57843017578125,28.85540771484375,70.15573120117188,-1,-1,-1,-1
57,4,294.0393371582031,249.08302307128906,28.28955078125,69.86698913574219,-1,-1,-1,-1
58,4,293.2769775390625,249.38819885253906,28.3299560546875,69.87232971191406,-1,-1,-1,-1
59,4,292.70330810546875,249.90065002441406,27.54730224609375,69.42979431152344,-1,-1,-1,-1
60,4,291.896240234375,249.8993377685547,27.367034912109375,69.22441101074219,-1,-1,-1,-1
61,4,288.9378967285156,249.77984619140625,29.101898193359375,69.91168212890625,-1,-1,-1,-1
62,4,288.123291015625,250.10507202148438,29.87371826171875,70.26296997070312,-1,-1,-1,-1
63,4,286.9696350097656,250.69252014160156,29.920501708984375,70.68104553222656,-1,-1,-1,-1
64,4,285.74334716796875,251.7886962890625,29.469512939453125,70.19467163085938,-1,-1,-1,-1
65,4,284.6329040527344,252.97012329101562,29.59423828125,69.90829467773438,-1,-1,-1,-1
66,4,284.1222229003906,253.68580627441406,29.51824951171875,69.71794128417969,-1,-1,-1,-1
67,4,283.76708984375,254.28404235839844,29.35040283203125,69.09486389160156,-1,-1,-1,-1
68,4,283.2919006347656,254.522216796875,29.206268310546875,68.93618774414062,-1,-1,-1,-1
69,4,282.3475341796875,255.58106994628906,28.196441650390625,68.29740905761719,-1,-1,-1,-1
70,4,281.6261291503906,256.5550537109375,28.874237060546875,67.68560791015625,-1,-1,-1,-1
71,4,281.3080139160156,257.1513671875,28.5799560546875,67.462890625,-1,-1,-1,-1
72,4,280.8780517578125,257.85211181640625,27.52093505859375,66.99356079101562,-1,-1,-1,-1
73,4,277.5207214355469,258.3607177734375,29.35784912109375,68.49761962890625,-1,-1,-1,-1
74,4,277.04852294921875,258.51007080078125,29.06207275390625,68.99822998046875,-1,-1,-1,-1
75,4,275.9920654296875,258.9482116699219,28.465850830078125,68.95330810546875,-1,-1,-1,-1
76,4,275.32574462890625,258.92840576171875,28.55621337890625,69.0946044921875,-1,-1,-1,-1
77,4,274.0319519042969,259.03753662109375,28.87200927734375,69.28857421875,-1,-1,-1,-1
78,4,273.4642639160156,259.2742919921875,28.89697265625,69.21951293945312,-1,-1,-1,-1
79,4,272.1908264160156,259.2803649902344,29.308807373046875,69.42965698242188,-1,-1,-1,-1
80,4,270.8140869140625,258.80535888671875,30.135498046875,70.1859130859375,-1,-1,-1,-1
81,4,269.56683349609375,258.6493225097656,30.707305908203125,70.54733276367188,-1,-1,-1,-1
82,4,269.1672668457031,258.8661193847656,30.669342041015625,70.92315673828125,-1,-1,-1,-1
83,4,268.13604736328125,259.3763732910156,30.94000244140625,72.7073974609375,-1,-1,-1,-1
84,4,267.5932922363281,260.3050231933594,30.821929931640625,72.99130249023438,-1,-1,-1,-1
85,4,267.21197509765625,261.51495361328125,29.97821044921875,72.28384399414062,-1,-1,-1,-1
86,4,267.0999755859375,262.31732177734375,29.568511962890625,71.6927490234375,-1,-1,-1,-1
87,4,266.3000183105469,262.7318420410156,28.837432861328125,71.384765625,-1,-1,-1,-1
88,4,265.735107421875,262.9725341796875,28.89373779296875,71.76953125,-1,-1,-1,-1
89,4,264.9198303222656,263.0529479980469,28.7449951171875,72.2716064453125,-1,-1,-1,-1
90,4,265.0240478515625,263.53826904296875,27.622955322265625,71.88916015625,-1,-1,-1,-1
91,4,264.69757080078125,263.8035888671875,27.0128173828125,72.07272338867188,-1,-1,-1,-1
92,4,263.1905517578125,263.7742919921875,27.0574951171875,72.939697265625,-1,-1,-1,-1
93,4,260.2410583496094,264.0775146484375,28.049102783203125,73.5994873046875,-1,-1,-1,-1
94,4,259.4672546386719,264.5458679199219,28.289886474609375,73.92025756835938,-1,-1,-1,-1
95,4,256.82135009765625,264.9904479980469,29.40826416015625,74.173828125,-1,-1,-1,-1
96,4,256.0137939453125,265.7812194824219,29.73345947265625,73.90707397460938,-1,-1,-1,-1
97,4,255.11370849609375,266.86785888671875,30.079193115234375,72.92034912109375,-1,-1,-1,-1
98,4,254.56588745117188,268.37884521484375,29.593963623046875,71.32778930664062,-1,-1,-1,-1
99,4,253.10389709472656,267.75518798828125,29.866622924804688,71.9949951171875,-1,-1,-1,-1
100,4,252.55801391601562,267.8868103027344,29.91839599609375,72.14468383789062,-1,-1,-1,-1
101,4,250.5140838623047,268.13177490234375,30.482070922851562,72.0921630859375,-1,-1,-1,-1
102,4,250.0250701904297,268.34869384765625,30.452621459960938,72.3148193359375,-1,-1,-1,-1
103,4,248.80062866210938,268.711181640625,31.039031982421875,74.933837890625,-1,-1,-1,-1
104,4,248.3048858642578,268.805419921875,31.000747680664062,76.20394897460938,-1,-1,-1,-1
105,4,247.81703186035156,269.1662902832031,30.677474975585938,76.44424438476562,-1,-1,-1,-1
106,4,247.37306213378906,269.9243469238281,30.476150512695312,76.54385375976562,-1,-1,-1,-1
107,4,246.3300018310547,271.28424072265625,30.253036499023438,75.69644165039062,-1,-1,-1,-1
108,4,245.74615478515625,273.24029541015625,29.783721923828125,73.68548583984375,-1,-1,-1,-1
109,4,244.59439086914062,274.92816162109375,30.115234375,72.1041259765625,-1,-1,-1,-1
110,4,243.6843719482422,276.5811462402344,30.058700561523438,70.73358154296875,-1,-1,-1,-1
111,4,243.55580139160156,276.456298828125,29.451766967773438,70.8887939453125,-1,-1,-1,-1
112,4,242.1683349609375,276.0124816894531,29.956298828125,71.67044067382812,-1,-1,-1,-1
113,4,238.6824493408203,276.32562255859375,30.843307495117188,72.69305419921875,-1,-1,-1,-1
114,4,238.25979614257812,276.52899169921875,30.716552734375,73.18112182617188,-1,-1,-1,-1
115,4,238.2046661376953,277.2253112792969,29.236404418945312,72.9560546875,-1,-1,-1,-1
116,4,237.81309509277344,277.3852233886719,29.131484985351562,73.60186767578125,-1,-1,-1,-1
117,4,237.39743041992188,277.7539978027344,28.43304443359375,74.11776733398438,-1,-1,-1,-1
118,4,236.43148803710938,278.0454406738281,28.449432373046875,74.4578857421875,-1,-1,-1,-1
119,4,235.4978790283203,278.648681640625,28.531448364257812,74.95330810546875,-1,-1,-1,-1
120,4,234.55398559570312,279.6280822753906,28.545623779296875,74.2052001953125,-1,-1,-1,-1
121,4,233.92173767089844,280.1590576171875,27.485916137695312,73.70114135742188,-1,-1,-1,-1
122,4,233.14874267578125,280.5271301269531,27.761474609375,73.7529296875,-1,-1,-1,-1
123,4,232.28585815429688,280.7507019042969,28.14495849609375,75.50680541992188,-1,-1,-1,-1
124,4,231.35472106933594,281.81243896484375,29.359207153320312,75.8990478515625,-1,-1,-1,-1
125,4,229.60247802734375,283.4476013183594,29.631683349609375,75.10708618164062,-1,-1,-1,-1
126,4,229.263916015625,284.2724914550781,29.23388671875,74.79852294921875,-1,-1,-1,-1
127,4,228.5739288330078,284.8546142578125,29.134735107421875,74.62069702148438,-1,-1,-1,-1
128,4,228.45941162109375,285.1893005371094,28.671630859375,74.32174682617188,-1,-1,-1,-1
129,4,227.47915649414062,285.8533630371094,28.805068969726562,73.65048217773438,-1,-1,-1,-1
130,4,226.91339111328125,286.4230651855469,28.70111083984375,73.49847412109375,-1,-1,-1,-1
131,4,226.0001983642578,286.2430725097656,28.090118408203125,73.76412963867188,-1,-1,-1,-1
132,4,224.7260284423828,285.5097351074219,27.32647705078125,74.68777465820312,-1,-1,-1,-1
133,4,220.11752319335938,285.42047119140625,29.101791381835938,76.6336669921875,-1,-1,-1,-1
134,4,219.87892150878906,285.9203796386719,28.666213989257812,76.61843872070312,-1,-1,-1,-1
135,4,217.61317443847656,286.21002197265625,29.669113159179688,77.21011352539062,-1,-1,-1,-1
136,4,216.49090576171875,285.58770751953125,30.41790771484375,78.57540893554688,-1,-1,-1,-1
137,4,216.2252197265625,286.7365417480469,29.575912475585938,78.91729736328125,-1,-1,-1,-1
138,4,215.8692169189453,287.14166259765625,29.16522216796875,78.9248046875,-1,-1,-1,-1
139,4,214.2305450439453,288.09136962890625,28.688140869140625,78.13888549804688,-1,-1,-1,-1
140,4,212.53536987304688,287.5248718261719,29.689224243164062,79.4061279296875,-1,-1,-1,-1
141,4,210.07627868652344,288.43511962890625,30.365463256835938,78.96954345703125,-1,-1,-1,-1
142,4,209.33985900878906,288.7083435058594,30.473281860351562,78.98648071289062,-1,-1,-1,-1
143,4,208.11085510253906,289.19610595703125,30.685653686523438,79.02920532226562,-1,-1,-1,-1
144,4,207.76339721679688,290.47344970703125,30.476425170898438,78.361572265625,-1,-1,-1,-1
145,4,206.3715362548828,291.4757995605469,30.871505737304688,79.14767456054688,-1,-1,-1,-1
146,4,205.25196838378906,291.5740661621094,29.6536865234375,79.25985717773438,-1,-1,-1,-1
147,4,204.04930114746094,292.2893981933594,29.84918212890625,79.2677001953125,-1,-1,-1,-1
148,4,203.6201629638672,292.38385009765625,29.815963745117188,79.9481201171875,-1,-1,-1,-1
149,4,201.5212860107422,293.2580871582031,30.218826293945312,79.54537963867188,-1,-1,-1,-1
150,4,201.09213256835938,293.78692626953125,30.181228637695312,79.68115234375,-1,-1,-1,-1
151,4,198.9590301513672,293.5289611816406,30.3126220703125,80.56964111328125,-1,-1,-1,-1
152,4,198.92938232421875,294.1307373046875,29.8717041015625,80.21990966796875,-1,-1,-1,-1
153,4,199.2289581298828,295.5644836425781,27.93988037109375,79.01144409179688,-1,-1,-1,-1
154,4,198.23487854003906,295.8930358886719,27.451416015625,79.45156860351562,-1,-1,-1,-1
155,4,196.1127471923828,295.9991760253906,28.0380859375,80.76983642578125,-1,-1,-1,-1
156,4,195.07691955566406,296.61395263671875,27.815689086914062,80.69427490234375,-1,-1,-1,-1
157,4,192.40792846679688,297.0025329589844,29.14068603515625,81.63546752929688,-1,-1,-1,-1
158,4,191.77259826660156,297.2875671386719,29.030487060546875,81.75677490234375,-1,-1,-1,-1
159,4,190.81744384765625,297.77496337890625,28.450225830078125,81.1097412109375,-1,-1,-1,-1
160,4,190.1186065673828,297.2632141113281,28.637054443359375,81.835693359375,-1,-1,-1,-1
161,4,188.65478515625,297.32537841796875,29.405517578125,82.56939697265625,-1,-1,-1,-1
162,4,187.32725524902344,298.55841064453125,29.326492309570312,81.77273559570312,-1,-1,-1,-1
163,4,186.36659240722656,300.4512939453125,28.167282104492188,80.414306640625,-1,-1,-1,-1
164,4,185.7860107421875,300.8351745605469,27.808700561523438,79.83963012695312,-1,-1,-1,-1
165,4,183.14324951171875,303.7811279296875,27.796142578125,79.16714477539062,-1,-1,-1,-1
166,4,181.5209197998047,305.58319091796875,28.199813842773438,78.15066528320312,-1,-1,-1,-1
167,4,180.03237915039062,306.6520690917969,28.173553466796875,78.25881958007812,-1,-1,-1,-1
168,4,179.50909423828125,307.5125732421875,28.327713012695312,77.8861083984375,-1,-1,-1,-1
169,4,178.37826538085938,307.6018981933594,28.436416625976562,77.87765502929688,-1,-1,-1,-1
170,4,178.06028747558594,308.60333251953125,28.11700439453125,77.1763916015625,-1,-1,-1,-1
171,4,177.14414978027344,307.6873779296875,28.422836303710938,78.44088745117188,-1,-1,-1,-1
172,4,176.81808471679688,306.79058837890625,28.467208862304688,79.88394165039062,-1,-1,-1,-1
173,4,175.44509887695312,306.32073974609375,28.414886474609375,80.46072387695312,-1,-1,-1,-1
174,4,173.2760467529297,306.11474609375,28.863784790039062,81.12197875976562,-1,-1,-1,-1
175,4,170.25827026367188,308.0813903808594,29.335357666015625,80.84579467773438,-1,-1,-1,-1
176,4,169.87281799316406,308.8540954589844,29.1575927734375,80.59054565429688,-1,-1,-1,-1
177,4,168.26600646972656,309.73223876953125,29.655609130859375,80.98193359375,-1,-1,-1,-1
178,4,167.25881958007812,310.8272705078125,29.3685302734375,80.47943115234375,-1,-1,-1,-1
179,4,165.8697509765625,313.2119445800781,28.782806396484375,77.47076416015625,-1,-1,-1,-1
180,4,164.03907775878906,313.34576416015625,29.77667236328125,77.5406494140625,-1,-1,-1,-1
181,4,159.7882080078125,314.0267639160156,29.976364135742188,78.08404541015625,-1,-1,-1,-1
182,4,159.13157653808594,313.47772216796875,30.384475708007812,79.275634765625,-1,-1,-1,-1
183,4,158.49777221679688,313.0295715332031,28.859237670898438,79.65374755859375,-1,-1,-1,-1
184,4,158.64688110351562,313.74456787109375,28.23187255859375,79.44683837890625,-1,-1,-1,-1
185,4,158.379150390625,314.44683837890625,28.00677490234375,82.01473999023438,-1,-1,-1,-1
186,4,158.44845581054688,315.7687072753906,26.608291625976562,80.9720458984375,-1,-1,-1,-1
187,4,156.9008331298828,315.9109802246094,27.265426635742188,81.63665771484375,-1,-1,-1,-1
188,4,155.80438232421875,315.90850830078125,27.76727294921875,81.67926025390625,-1,-1,-1,-1
189,4,154.85556030273438,317.3507385253906,28.1832275390625,80.68994140625,-1,-1,-1,-1
190,4,153.3419647216797,317.71728515625,28.3890380859375,80.3941650390625,-1,-1,-1,-1
191,4,152.11671447753906,318.68829345703125,28.590438842773438,79.42318725585938,-1,-1,-1,-1
192,4,151.3992919921875,318.9913024902344,29.432937622070312,79.96343994140625,-1,-1,-1,-1
193,4,148.7251739501953,319.0550537109375,30.602294921875,81.09298706054688,-1,-1,-1,-1
194,4,147.56356811523438,319.92901611328125,30.488265991210938,80.76229858398438,-1,-1,-1,-1
195,4,143.3584442138672,320.9073181152344,30.190780639648438,81.1650390625,-1,-1,-1,-1
196,4,140.29827880859375,320.7445068359375,30.735626220703125,82.30081176757812,-1,-1,-1,-1
197,4,138.62228393554688,321.12322998046875,31.955673217773438,83.62451171875,-1,-1,-1,-1
198,4,138.05477905273438,321.0534973144531,32.312347412109375,84.4224853515625,-1,-1,-1,-1
199,4,137.7897186279297,323.4496154785156,30.898330688476562,82.4744873046875,-1,-1,-1,-1
200,4,137.59698486328125,323.1703796386719,30.53948974609375,82.8294677734375,-1,-1,-1,-1
1,5,380.9467468261719,159.28121948242188,25.947845458984375,57.79072570800781,-1,-1,-1,-1
2,5,379.59954833984375,159.02496337890625,27.006744384765625,58.51271057128906,-1,-1,-1,-1
3,5,378.80029296875,159.2376251220703,26.794281005859375,58.04046630859375,-1,-1,-1,-1
4,5,377.6961669921875,158.8903350830078,27.589324951171875,59.14814758300781,-1,-1,-1,-1
5,5,376.125732421875,158.61727905273438,28.0816650390625,61.71690368652344,-1,-1,-1,-1
6,5,376.01177978515625,158.63809204101562,27.679779052734375,61.76622009277344,-1,-1,-1,-1
7,5,376.15625,157.891357421875,28.056671142578125,61.585693359375,-1,-1,-1,-1
8,5,375.92938232421875,158.16046142578125,28.840362548828125,63.09197998046875,-1,-1,-1,-1
9,5,375.82598876953125,158.87554931640625,29.296966552734375,63.178558349609375,-1,-1,-1,-1
10,5,375.55242919921875,160.19088745117188,29.958709716796875,62.547027587890625,-1,-1,-1,-1
11,5,375.41253662109375,162.251220703125,30.022735595703125,62.21961975097656,-1,-1,-1,-1
12,5,375.0816650390625,162.8902587890625,30.09246826171875,60.79484558105469,-1,-1,-1,-1
13,5,374.3450622558594,163.76405334472656,30.0997314453125,59.9566650390625,-1,-1,-1,-1
14,5,373.81072998046875,164.02169799804688,30.069976806640625,60.55070495605469,-1,-1,-1,-1
15,5,373.0354919433594,163.87330627441406,29.851654052734375,61.50779724121094,-1,-1,-1,-1
16,5,372.2986755371094,163.62025451660156,29.303436279296875,61.319671630859375,-1,-1,-1,-1
17,5,372.37567138671875,164.01751708984375,26.75823974609375,59.79670715332031,-1,-1,-1,-1
18,5,371.25,163.88861083984375,25.857147216796875,59.48979187011719,-1,-1,-1,-1
19,5,370.3686828613281,164.54742431640625,25.379913330078125,58.466705322265625,-1,-1,-1,-1
20,5,368.41015625,164.46115112304688,26.386260986328125,58.82151794433594,-1,-1,-1,-1
21,5,366.8155212402344,165.58538818359375,26.625396728515625,58.77796936035156,-1,-1,-1,-1
22,5,366.16766357421875,166.19024658203125,26.745513916015625,58.44862365722656,-1,-1,-1,-1
23,5,366.23016357421875,167.4639129638672,25.621978759765625,57.47639465332031,-1,-1,-1,-1
24,5,366.0566101074219,167.77345275878906,25.363006591796875,57.39912414550781,-1,-1,-1,-1
25,5,364.88677978515625,168.17141723632812,25.654510498046875,57.94935607910156,-1,-1,-1,-1
26,5,364.1199035644531,168.14266967773438,25.296051025390625,58.24986267089844,-1,-1,-1,-1
27,5,363.5352478027344,168.23614501953125,24.7757568359375,58.35160827636719,-1,-1,-1,-1
28,5,362.65338134765625,168.12899780273438,25.3724365234375,58.06123352050781,-1,-1,-1,-1
29,5,361.6192626953125,168.03196716308594,26.89141845703125,58.468017578125,-1,-1,-1,-1
30,5,361.20538330078125,168.14080810546875,27.616943359375,58.98558044433594,-1,-1,-1,-1
31,5,360.5831604003906,168.85391235351562,28.722381591796875,59.9676513671875,-1,-1,-1,-1
32,5,360.25042724609375,169.46044921875,28.838897705078125,58.95497131347656,-1,-1,-1,-1
33,5,359.522216796875,169.98980712890625,29.18255615234375,58.986785888671875,-1,-1,-1,-1
34,5,358.9654541015625,170.29629516601562,29.497161865234375,58.62754821777344,-1,-1,-1,-1
35,5,357.0611877441406,170.6627655029297,30.022003173828125,59.731201171875,-1,-1,-1,-1
36,5,356.12982177734375,170.63504028320312,29.881134033203125,59.05857849121094,-1,-1,-1,-1
37,5,354.7919921875,170.05502319335938,28.222076416015625,60.01329040527344,-1,-1,-1,-1
38,5,354.2357177734375,169.82777404785156,27.24951171875,60.609649658203125,-1,-1,-1,-1
39,5,352.2500305175781,168.75918579101562,26.803009033203125,61.87139892578125,-1,-1,-1,-1
40,5,351.8208312988281,168.81787109375,26.452545166015625,61.59550476074219,-1,-1,-1,-1
41,5,349.5280456542969,168.21246337890625,27.440948486328125,62.891448974609375,-1,-1,-1,-1
42,5,348.4915771484375,167.02767944335938,28.04400634765625,64.71800231933594,-1,-1,-1,-1
43,5,347.7921142578125,167.38650512695312,27.461151123046875,65.53134155273438,-1,-1,-1,-1
44,5,346.35333251953125,166.43153381347656,28.27459716796875,67.38140869140625,-1,-1,-1,-1
45,5,345.92401123046875,166.91946411132812,27.817626953125,67.49519348144531,-1,-1,-1,-1
46,5,345.2972412109375,166.5089874267578,27.993133544921875,68.33572387695312,-1,-1,-1,-1
47,5,344.7127380371094,167.07284545898438,27.745697021484375,67.67913818359375,-1,-1,-1,-1
48,5,344.5453186035156,167.3578643798828,27.416412353515625,67.80741882324219,-1,-1,-1,-1
49,5,344.1701354980469,169.41847229003906,28.311920166015625,65.36428833007812,-1,-1,-1,-1
50,5,343.61444091796875,168.39898681640625,30.15264892578125,67.16244506835938,-1,-1,-1,-1
51,5,342.4798889160156,165.46746826171875,32.48724365234375,72.72918701171875,-1,-1,-1,-1
52,5,342.2214050292969,165.80516052246094,33.054595947265625,71.81109619140625,-1,-1,-1,-1
53,5,341.0125427246094,166.6643524169922,34.610931396484375,70.55224609375,-1,-1,-1,-1
54,5,340.6778564453125,165.99664306640625,34.64007568359375,71.59626770019531,-1,-1,-1,-1
55,5,340.09527587890625,169.17234802246094,33.281768798828125,67.87173461914062,-1,-1,-1,-1
56,5,339.8211669921875,169.4684295654297,32.165863037109375,69.17411804199219,-1,-1,-1,-1
57,5,338.1280822753906,170.5146026611328,31.347625732421875,69.40875244140625,-1,-1,-1,-1
58,5,337.3215026855469,169.52247619628906,31.090087890625,69.72625732421875,-1,-1,-1,-1
59,5,335.7021179199219,169.09854125976562,29.706695556640625,70.6895751953125,-1,-1,-1,-1
60,5,335.52197265625,167.55252075195312,28.809478759765625,71.39178466796875,-1,-1,-1,-1
61,5,335.0191345214844,167.52206420898438,28.02374267578125,71.93415832519531,-1,-1,-1,-1
62,5,334.5836486816406,169.43624877929688,26.961334228515625,70.85493469238281,-1,-1,-1,-1
63,5,332.30035400390625,174.9406280517578,26.357330322265625,66.41029357910156,-1,-1,-1,-1
64,5,331.76312255859375,173.66241455078125,26.36273193359375,67.36262512207031,-1,-1,-1,-1
65,5,330.6178283691406,176.7306671142578,25.582275390625,64.57817077636719,-1,-1,-1,-1
66,5,329.34521484375,176.78038024902344,26.231781005859375,65.06941223144531,-1,-1,-1,-1
67,5,328.4598388671875,177.91920471191406,25.89837646484375,64.82225036621094,-1,-1,-1,-1
68,5,327.8892822265625,177.76727294921875,26.015350341796875,65.73622131347656,-1,-1,-1,-1
69,5,327.178466796875,177.35220336914062,26.507904052734375,66.42900085449219,-1,-1,-1,-1
70,5,326.55902099609375,176.8738555908203,27.713104248046875,67.19032287597656,-1,-1,-1,-1
71,5,325.5147705078125,176.18740844726562,29.84130859375,68.14485168457031,-1,-1,-1,-1
72,5,324.768310546875,178.9932861328125,30.719268798828125,65.69129943847656,-1,-1,-1,-1
73,5,322.37786865234375,176.292724609375,33.2950439453125,69.34544372558594,-1,-1,-1,-1
74,5,322.21484375,176.75262451171875,33.17279052734375,68.37394714355469,-1,-1,-1,-1
75,5,321.9111328125,176.8377227783203,32.065673828125,68.63923645019531,-1,-1,-1,-1
76,5,321.6700134277344,175.85171508789062,30.642791748046875,69.85264587402344,-1,-1,-1,-1
77,5,320.0218505859375,178.29376220703125,28.87445068359375,69.42182922363281,-1,-1,-1,-1
78,5,318.62628173828125,177.9011688232422,28.791839599609375,70.49815368652344,-1,-1,-1,-1
79,5,316.3472900390625,179.00054931640625,27.629547119140625,67.99514770507812,-1,-1,-1,-1
80,5,316.8212890625,178.73777770996094,25.528717041015625,68.18063354492188,-1,-1,-1,-1
81,5,315.78277587890625,178.38365173339844,25.300872802734375,69.16001892089844,-1,-1,-1,-1
82,5,314.38848876953125,176.89500427246094,25.9283447265625,71.27365112304688,-1,-1,-1,-1
83,5,310.9698486328125,178.1801300048828,27.567291259765625,71.59034729003906,-1,-1,-1,-1
84,5,310.43756103515625,179.71005249023438,27.28778076171875,70.1343994140625,-1,-1,-1,-1
85,5,309.9398498535156,184.1642303466797,26.447174072265625,66.03350830078125,-1,-1,-1,-1
86,5,309.2642822265625,185.2974395751953,26.562255859375,64.642333984375,-1,-1,-1,-1
87,5,307.88232421875,186.94671630859375,26.7794189453125,63.586700439453125,-1,-1,-1,-1
88,5,307.38433837890625,187.24632263183594,26.504852294921875,63.378387451171875,-1,-1,-1,-1
89,5,307.0042724609375,187.24195861816406,25.848419189453125,62.584564208984375,-1,-1,-1,-1
90,5,306.126220703125,185.63693237304688,26.6483154296875,64.17790222167969,-1,-1,-1,-1
91,5,303.8431091308594,185.58499145507812,29.833038330078125,63.511322021484375,-1,-1,-1,-1
92,5,303.0039367675781,186.90130615234375,31.198822021484375,63.06166076660156,-1,-1,-1,-1
93,5,302.2138671875,188.48301696777344,32.506439208984375,63.11790466308594,-1,-1,-1,-1
94,5,301.7939453125,188.65467834472656,33.159912109375,63.067413330078125,-1,-1,-1,-1
95,5,301.25677490234375,189.2262725830078,32.947174072265625,63.133544921875,-1,-1,-1,-1
96,5,300.8692321777344,189.85147094726562,32.152679443359375,63.062286376953125,-1,-1,-1,-1
97,5,299.1998291015625,190.1859893798828,31.25958251953125,62.7655029296875,-1,-1,-1,-1
98,5,298.5699768066406,190.6185302734375,31.347381591796875,62.78718566894531,-1,-1,-1,-1
99,5,297.980224609375,191.06748962402344,29.87823486328125,62.705810546875,-1,-1,-1,-1
100,5,297.4031677246094,190.99514770507812,28.860870361328125,63.23576354980469,-1,-1,-1,-1
101,5,296.5006103515625,191.06256103515625,27.52093505859375,62.51362609863281,-1,-1,-1,-1
102,5,296.1999816894531,190.80477905273438,26.568389892578125,62.86888122558594,-1,-1,-1,-1
103,5,293.2567138671875,191.57424926757812,28.135589599609375,63.09202575683594,-1,-1,-1,-1
104,5,292.53466796875,191.94876098632812,28.55853271484375,62.57060241699219,-1,-1,-1,-1
105,5,291.86712646484375,193.55795288085938,27.672271728515625,61.53401184082031,-1,-1,-1,-1
106,5,290.7081298828125,194.7335968017578,27.2587890625,60.74610900878906,-1,-1,-1,-1
107,5,289.6979675292969,195.3046417236328,26.7886962890625,61.164215087890625,-1,-1,-1,-1
108,5,289.820068359375,195.7904510498047,25.9483642578125,60.6978759765625,-1,-1,-1,-1
109,5,288.183349609375,195.6287841796875,26.14501953125,60.596099853515625,-1,-1,-1,-1
110,5,288.5107421875,195.70333862304688,25.09796142578125,60.779541015625,-1,-1,-1,-1
111,5,288.12396240234375,194.7509307861328,25.746734619140625,61.814453125,-1,-1,-1,-1
112,5,287.6086120605469,193.69874572753906,27.350982666015625,63.15711975097656,-1,-1,-1,-1
113,5,287.0892333984375,194.24378967285156,29.504913330078125,63.79759216308594,-1,-1,-1,-1
114,5,286.3020324707031,194.48812866210938,32.367523193359375,63.95257568359375,-1,-1,-1,-1
115,5,286.0701904296875,196.68988037109375,33.1883544921875,63.131744384765625,-1,-1,-1,-1
116,5,286.29864501953125,196.58433532714844,33.303741455078125,62.87977600097656,-1,-1,-1,-1
117,5,286.1767883300781,197.2130889892578,31.37445068359375,63.25300598144531,-1,-1,-1,-1
119,5,285.2237243652344,197.43312072753906,28.069793701171875,64.37614440917969,-1,-1,-1,-1
125,5,277.6321105957031,198.6651611328125,26.7578125,65.75250244140625,-1,-1,-1,-1
126,5,277.5731201171875,199.4532928466797,26.56097412109375,64.37165832519531,-1,-1,-1,-1
127,5,277.4942932128906,200.4447479248047,26.126708984375,64.70616149902344,-1,-1,-1,-1
128,5,276.9909973144531,200.97145080566406,26.353790283203125,64.79508972167969,-1,-1,-1,-1
129,5,276.7142333984375,202.23175048828125,25.791107177734375,63.5474853515625,-1,-1,-1,-1
130,5,276.3672790527344,202.70535278320312,25.6614990234375,63.353240966796875,-1,-1,-1,-1
131,5,276.02020263671875,203.01727294921875,25.404266357421875,63.55377197265625,-1,-1,-1,-1
132,5,275.67041015625,203.1104278564453,26.0755615234375,63.53904724121094,-1,-1,-1,-1
133,5,275.65936279296875,204.09652709960938,27.80181884765625,63.749969482421875,-1,-1,-1,-1
134,5,275.86334228515625,204.68179321289062,28.2021484375,63.98187255859375,-1,-1,-1,-1
135,5,275.412109375,204.92233276367188,29.215423583984375,64.9642333984375,-1,-1,-1,-1
136,5,274.85931396484375,205.53990173339844,30.312164306640625,64.72279357910156,-1,-1,-1,-1
137,5,274.3467102050781,206.01771545410156,30.690185546875,65.07563781738281,-1,-1,-1,-1
138,5,274.1974792480469,206.50692749023438,30.655059814453125,65.20187377929688,-1,-1,-1,-1
139,5,273.9865417480469,206.7495574951172,29.6258544921875,65.30268859863281,-1,-1,-1,-1
140,5,273.9168395996094,206.80262756347656,28.765655517578125,65.71415710449219,-1,-1,-1,-1
141,5,273.1279602050781,206.44949340820312,27.49395751953125,65.93618774414062,-1,-1,-1,-1
142,5,272.67572021484375,206.6090545654297,27.1964111328125,65.96403503417969,-1,-1,-1,-1
143,5,271.3760986328125,206.7034912109375,26.8695068359375,65.90969848632812,-1,-1,-1,-1
144,5,270.6899719238281,206.96876525878906,26.79974365234375,65.76557922363281,-1,-1,-1,-1
145,5,268.9820556640625,207.0821075439453,27.91107177734375,66.35234069824219,-1,-1,-1,-1
146,5,267.799560546875,207.2478790283203,28.767181396484375,66.79472351074219,-1,-1,-1,-1
147,5,267.5237121582031,208.28704833984375,28.2578125,65.905029296875,-1,-1,-1,-1
148,5,267.17327880859375,208.9835662841797,28.137054443359375,65.38014221191406,-1,-1,-1,-1
149,5,266.5933532714844,209.7198028564453,27.72314453125,64.86540222167969,-1,-1,-1,-1
150,5,266.12030029296875,210.15298461914062,27.33343505859375,64.43048095703125,-1,-1,-1,-1
151,5,264.9505920410156,209.92367553710938,27.416412353515625,64.37640380859375,-1,-1,-1,-1
152,5,264.1871032714844,209.9987335205078,27.85601806640625,64.66932678222656,-1,-1,-1,-1
153,5,263.7559814453125,210.15005493164062,28.279388427734375,64.7318115234375,-1,-1,-1,-1
154,5,263.0709533691406,210.4626922607422,29.1685791015625,64.67723083496094,-1,-1,-1,-1
155,5,262.30108642578125,210.61790466308594,30.904815673828125,66.17863464355469,-1,-1,-1,-1
156,5,261.7979736328125,211.16046142578125,31.64794921875,67.05197143554688,-1,-1,-1,-1
157,5,261.2456970214844,211.64988708496094,32.267608642578125,67.75044250488281,-1,-1,-1,-1
158,5,260.8063049316406,212.14088439941406,32.44610595703125,67.83744812011719,-1,-1,-1,-1
159,5,260.3103942871094,212.3701171875,32.41510009765625,68.13909912109375,-1,-1,-1,-1
160,5,259.12384033203125,212.64353942871094,32.804290771484375,67.81217956542969,-1,-1,-1,-1
161,5,257.4990539550781,212.41392517089844,32.23095703125,68.15986633300781,-1,-1,-1,-1
162,5,257.3605651855469,212.1879425048828,30.87237548828125,68.40229797363281,-1,-1,-1,-1
163,5,257.2737121582031,212.0283966064453,29.80255126953125,68.00379943847656,-1,-1,-1,-1
164,5,257.3076171875,212.28131103515625,29.00390625,67.60586547851562,-1,-1,-1,-1
165,5,256.11729431152344,212.61619567871094,28.971694946289062,68.14408874511719,-1,-1,-1,-1
166,5,255.6313018798828,213.21775817871094,28.525131225585938,67.86094665527344,-1,-1,-1,-1
167,5,254.91012573242188,214.7230987548828,27.888031005859375,66.68922424316406,-1,-1,-1,-1
168,5,254.11351013183594,215.8585968017578,27.869766235351562,66.04859924316406,-1,-1,-1,-1
169,5,253.83895874023438,216.66847229003906,27.337860107421875,66.90238952636719,-1,-1,-1,-1
170,5,253.2710723876953,216.9070587158203,27.277389526367188,67.83415222167969,-1,-1,-1,-1
171,5,252.14987182617188,216.84849548339844,27.61053466796875,68.39118957519531,-1,-1,-1,-1
172,5,251.76708984375,217.16868591308594,27.5283203125,68.24888610839844,-1,-1,-1,-1
173,5,251.5640106201172,217.34024047851562,27.593765258789062,68.04226684570312,-1,-1,-1,-1
174,5,251.43052673339844,217.49496459960938,27.968368530273438,67.88528442382812,-1,-1,-1,-1
175,5,250.08566284179688,217.4199676513672,30.98309326171875,68.68888854980469,-1,-1,-1,-1
176,5,249.92269897460938,218.39808654785156,32.131500244140625,69.36006164550781,-1,-1,-1,-1
177,5,249.41603088378906,219.73353576660156,34.62330627441406,70.25721740722656,-1,-1,-1,-1
178,5,249.5551300048828,220.5611114501953,35.07444763183594,69.53684997558594,-1,-1,-1,-1
179,5,249.4193115234375,220.94078063964844,35.168609619140625,69.66612243652344,-1,-1,-1,-1
180,5,249.3444366455078,221.14181518554688,35.02256774902344,69.93502807617188,-1,-1,-1,-1
181,5,249.22283935546875,221.60772705078125,33.0682373046875,69.77496337890625,-1,-1,-1,-1
182,5,249.13406372070312,221.54727172851562,32.040435791015625,70.15267944335938,-1,-1,-1,-1
183,5,248.97291564941406,221.41168212890625,29.517990112304688,70.17913818359375,-1,-1,-1,-1
184,5,248.36012268066406,221.34898376464844,28.777877807617188,69.96083068847656,-1,-1,-1,-1
185,5,248.0504913330078,221.3935546875,28.052780151367188,69.70370483398438,-1,-1,-1,-1
186,5,247.94956970214844,221.82278442382812,27.093368530273438,69.41281127929688,-1,-1,-1,-1
187,5,246.33628845214844,222.95314025878906,27.591598510742188,68.66862487792969,-1,-1,-1,-1
188,5,245.77491760253906,224.29046630859375,26.881118774414062,67.53536987304688,-1,-1,-1,-1
189,5,244.01815795898438,225.478759765625,26.927947998046875,67.52920532226562,-1,-1,-1,-1
190,5,242.4429931640625,225.60450744628906,26.83642578125,68.78208923339844,-1,-1,-1,-1
191,5,241.63453674316406,225.613037109375,27.160293579101562,68.59323120117188,-1,-1,-1,-1
192,5,240.9514923095703,225.5244598388672,27.239791870117188,69.32728576660156,-1,-1,-1,-1
193,5,240.0570526123047,224.955322265625,27.524978637695312,70.13113403320312,-1,-1,-1,-1
194,5,239.85569763183594,224.77476501464844,27.657913208007812,70.21073913574219,-1,-1,-1,-1
195,5,239.5932159423828,224.55880737304688,28.465438842773438,70.5738525390625,-1,-1,-1,-1
196,5,239.19642639160156,224.31549072265625,29.757217407226562,71.09637451171875,-1,-1,-1,-1
197,5,239.2960662841797,224.9962615966797,30.634292602539062,71.72953796386719,-1,-1,-1,-1
198,5,239.20578002929688,225.75828552246094,31.0693359375,72.29652404785156,-1,-1,-1,-1
199,5,239.20716857910156,226.843505859375,30.754043579101562,72.58831787109375,-1,-1,-1,-1
200,5,239.27764892578125,227.9733123779297,29.91339111328125,72.03468322753906,-1,-1,-1,-1
117,6,484.0096435546875,448.2978515625,26.904388427734375,33.7021484375,-1,-1,-1,-1
118,6,483.5523986816406,446.8767395019531,28.1717529296875,35.123260498046875,-1,-1,-1,-1
119,6,481.4024963378906,446.340576171875,31.389495849609375,35.659423828125,-1,-1,-1,-1
120,6,480.6372375488281,445.6045227050781,31.598907470703125,36.395477294921875,-1,-1,-1,-1
121,6,479.840087890625,445.2522277832031,31.583740234375,36.747772216796875,-1,-1,-1,-1
122,6,479.3865966796875,444.624755859375,31.468841552734375,37.375244140625,-1,-1,-1,-1
125,6,474.3085632324219,443.290283203125,30.85272216796875,38.709716796875,-1,-1,-1,-1
135,6,461.9599914550781,433.37713623046875,38.346923828125,48.62286376953125,-1,-1,-1,-1
136,6,461.25872802734375,432.6948547363281,38.5838623046875,49.305145263671875,-1,-1,-1,-1
140,6,461.6233215332031,425.7561950683594,34.0838623046875,56.243804931640625,-1,-1,-1,-1
141,6,461.5620422363281,422.8708190917969,34.045196533203125,59.129180908203125,-1,-1,-1,-1
142,6,461.46478271484375,422.19921875,34.250701904296875,59.80078125,-1,-1,-1,-1
143,6,460.27471923828125,422.3072814941406,35.318939208984375,59.692718505859375,-1,-1,-1,-1
144,6,460.484375,422.2610778808594,34.478851318359375,59.738922119140625,-1,-1,-1,-1
145,6,457.9344482421875,421.4195556640625,34.850921630859375,60.5804443359375,-1,-1,-1,-1
152,6,452.05059814453125,415.0790710449219,36.638031005859375,66.92092895507812,-1,-1,-1,-1
153,6,448.1382141113281,413.7883605957031,40.6884765625,68.21163940429688,-1,-1,-1,-1
154,6,447.9210510253906,412.7977294921875,41.0638427734375,69.2022705078125,-1,-1,-1,-1
155,6,446.2912292480469,412.3070068359375,41.78668212890625,69.6929931640625,-1,-1,-1,-1
156,6,445.5279541015625,412.3736572265625,42.529571533203125,69.6263427734375,-1,-1,-1,-1
157,6,443.56378173828125,411.5213317871094,43.5072021484375,70.47866821289062,-1,-1,-1,-1
158,6,442.4787292480469,411.58648681640625,44.037628173828125,70.41351318359375,-1,-1,-1,-1
159,6,441.5337829589844,411.1355285644531,43.46722412109375,70.86447143554688,-1,-1,-1,-1
160,6,441.6258850097656,410.8634338378906,43.2218017578125,71.13656616210938,-1,-1,-1,-1
161,6,441.4499816894531,410.0844421386719,41.639739990234375,71.91555786132812,-1,-1,-1,-1
162,6,440.4129943847656,408.0209655761719,41.982086181640625,73.97903442382812,-1,-1,-1,-1
163,6,439.7340087890625,404.7215881347656,41.408660888671875,77.27841186523438,-1,-1,-1,-1
164,6,437.9148864746094,404.2377014160156,43.542877197265625,77.76229858398438,-1,-1,-1,-1
165,6,437.5911560058594,402.5901184082031,42.6693115234375,79.40988159179688,-1,-1,-1,-1
166,6,437.38787841796875,401.9842224121094,42.83990478515625,80.01577758789062,-1,-1,-1,-1
167,6,438.1154479980469,401.5046081542969,40.610015869140625,80.49539184570312,-1,-1,-1,-1
168,6,437.1533508300781,401.09344482421875,40.2423095703125,80.90655517578125,-1,-1,-1,-1
169,6,432.39306640625,401.4555358886719,42.003814697265625,80.54446411132812,-1,-1,-1,-1
170,6,429.9866638183594,401.3319396972656,43.622406005859375,80.66806030273438,-1,-1,-1,-1
171,6,428.77984619140625,401.0654602050781,43.201629638671875,80.93453979492188,-1,-1,-1,-1
172,6,431.88018798828125,401.03558349609375,39.797332763671875,80.96441650390625,-1,-1,-1,-1
173,6,430.9225769042969,398.1822509765625,39.412017822265625,83.8177490234375,-1,-1,-1,-1
174,6,430.590087890625,397.4756164550781,38.99365234375,84.52438354492188,-1,-1,-1,-1
175,6,426.799072265625,395.27435302734375,39.457000732421875,86.72564697265625,-1,-1,-1,-1
176,6,424.1712646484375,394.7680969238281,40.955078125,87.23190307617188,-1,-1,-1,-1
177,6,422.4311828613281,392.88482666015625,41.23968505859375,89.11517333984375,-1,-1,-1,-1
178,6,422.1615295410156,392.23040771484375,40.675445556640625,89.76959228515625,-1,-1,-1,-1
179,6,421.9365234375,390.790283203125,38.8870849609375,91.209716796875,-1,-1,-1,-1
180,6,421.6097717285156,390.7677307128906,39.2115478515625,91.23226928710938,-1,-1,-1,-1
181,6,421.05029296875,390.0984191894531,38.906585693359375,91.90158081054688,-1,-1,-1,-1
182,6,420.8140869140625,389.74822998046875,38.997406005859375,92.25177001953125,-1,-1,-1,-1
183,6,420.1769714355469,389.7677307128906,39.605224609375,92.23226928710938,-1,-1,-1,-1
184,6,420.02996826171875,389.82769775390625,39.785919189453125,92.17230224609375,-1,-1,-1,-1
185,6,419.2881774902344,389.0196228027344,39.966156005859375,92.98037719726562,-1,-1,-1,-1
186,6,418.62066650390625,388.126220703125,40.047027587890625,93.873779296875,-1,-1,-1,-1
187,6,418.38189697265625,386.736083984375,40.123138427734375,95.263916015625,-1,-1,-1,-1
188,6,417.8291015625,385.6215515136719,40.30572509765625,96.37844848632812,-1,-1,-1,-1
189,6,417.4240417480469,384.7637023925781,37.795623779296875,97.23629760742188,-1,-1,-1,-1
190,6,416.8282775878906,383.5588684082031,37.598388671875,98.44113159179688,-1,-1,-1,-1
191,6,416.11224365234375,382.20758056640625,37.747955322265625,99.79241943359375,-1,-1,-1,-1
192,6,415.83984375,381.8327941894531,37.357421875,100.16720581054688,-1,-1,-1,-1
193,6,415.28570556640625,381.2457580566406,37.290191650390625,100.75424194335938,-1,-1,-1,-1
194,6,415.580322265625,380.97906494140625,36.6044921875,101.02093505859375,-1,-1,-1,-1
195,6,415.2796630859375,380.4942932128906,36.6290283203125,101.50570678710938,-1,-1,-1,-1
196,6,414.9488525390625,380.4034729003906,36.182830810546875,101.59652709960938,-1,-1,-1,-1
197,6,414.61834716796875,379.90576171875,35.396087646484375,102.09423828125,-1,-1,-1,-1
198,6,413.8201904296875,379.157470703125,35.816131591796875,102.842529296875,-1,-1,-1,-1
199,6,412.59295654296875,378.1003112792969,35.496124267578125,102.12673950195312,-1,-1,-1,-1
200,6,411.6555480957031,377.3891296386719,35.37799072265625,102.76898193359375,-1,-1,-1,-1
