1,1,44.8784065246582,292.12213134765625,39.10665512084961,102.93447875976562,-1,-1,-1,-1
2,1,44.57650375366211,292.8629455566406,39.002445220947266,102.2913818359375,-1,-1,-1,-1
3,1,42.79422378540039,293.78497314453125,40.9797477722168,101.56936645507812,-1,-1,-1,-1
4,1,41.157737731933594,295.2050476074219,42.126625061035156,100.33892822265625,-1,-1,-1,-1
5,1,35.871273040771484,295.27783203125,45.3775749206543,102.930419921875,-1,-1,-1,-1
6,1,35.30192184448242,297.0200500488281,43.89091873168945,101.30105590820312,-1,-1,-1,-1
7,1,34.09170150756836,297.4479064941406,40.23990249633789,100.773681640625,-1,-1,-1,-1
8,1,34.40479278564453,296.93255615234375,38.41863250732422,101.49533081054688,-1,-1,-1,-1
9,1,32.741289138793945,295.69598388671875,38.01984977722168,103.24697875976562,-1,-1,-1,-1
10,1,31.263540267944336,297.7301330566406,35.9694766998291,101.64593505859375,-1,-1,-1,-1
11,1,28.184751510620117,297.7572937011719,38.47897529602051,104.93966674804688,-1,-1,-1,-1
12,1,26.130647659301758,298.30999755859375,39.846818923950195,106.09222412109375,-1,-1,-1,-1
13,1,23.711999893188477,295.00640869140625,41.88313102722168,111.34127807617188,-1,-1,-1,-1
14,1,23.21734619140625,298.5870666503906,41.72932052612305,108.60162353515625,-1,-1,-1,-1
15,1,21.986221313476562,297.75775146484375,40.4908332824707,110.81747436523438,-1,-1,-1,-1
16,1,21.020051956176758,298.052001953125,40.29213905334473,110.6221923828125,-1,-1,-1,-1
17,1,20.969974517822266,300.8206787109375,38.74101638793945,108.51535034179688,-1,-1,-1,-1
18,1,19.481233596801758,303.26763916015625,39.49309730529785,107.717529296875,-1,-1,-1,-1
19,1,16.535298347473145,303.3794250488281,40.52041530609131,108.08346557617188,-1,-1,-1,-1
20,1,15.108572006225586,304.6046447753906,41.08003807067871,107.14599609375,-1,-1,-1,-1
21,1,14.212085723876953,305.5187683105469,39.493804931640625,107.08670043945312,-1,-1,-1,-1
22,1,13.735548973083496,308.16021728515625,39.05271625518799,105.74044799804688,-1,-1,-1,-1
23,1,8.189851760864258,305.07861328125,44.40642738342285,111.82626342773438,-1,-1,-1,-1
24,1,1.0,293.78076171875,52.661048889160156,124.428466796875,-1,-1,-1,-1
25,1,5.170758247375488,313.4427185058594,42.89339733123779,104.56094360351562,-1,-1,-1,-1
26,1,4.720332384109497,314.24725341796875,42.60488200187683,103.97311401367188,-1,-1,-1,-1
27,1,2.627498745918274,310.6673278808594,43.99546039104462,108.86978149414062,-1,-1,-1,-1
28,1,1.0,301.10638427734375,45.41746139526367,121.37692260742188,-1,-1,-1,-1
29,1,1.0,314.5621337890625,41.0246696472168,107.74411010742188,-1,-1,-1,-1
30,1,1.0,314.7734680175781,40.11899185180664,107.67474365234375,-1,-1,-1,-1
31,1,1.0,316.7580261230469,37.876182556152344,106.5235595703125,-1,-1,-1,-1
32,1,1.0,316.8023681640625,37.41242980957031,109.75485229492188,-1,-1,-1,-1
33,1,1.0,318.6980285644531,35.744384765625,110.53289794921875,-1,-1,-1,-1
34,1,1.0,318.60137939453125,32.99909210205078,111.32699584960938,-1,-1,-1,-1
35,1,1.0,321.23046875,31.706918716430664,110.02786254882812,-1,-1,-1,-1
36,1,1.0,322.394287109375,32.265869140625,110.365966796875,-1,-1,-1,-1
37,1,1.0,324.8611145019531,30.297998428344727,107.53500366210938,-1,-1,-1,-1
38,1,1.0,325.6737976074219,30.4530029296875,107.2843017578125,-1,-1,-1,-1
39,1,1.0,324.3781433105469,27.053804397583008,110.99609375,-1,-1,-1,-1
40,1,1.0,325.977783203125,27.336990356445312,109.35845947265625,-1,-1,-1,-1
1,2,605.0458374023438,135.2488555908203,21.36505126953125,59.420166015625,-1,-1,-1,-1
2,2,604.943359375,135.5055694580078,21.4100341796875,59.05149841308594,-1,-1,-1,-1
3,2,604.5731201171875,135.65289306640625,21.4139404296875,58.97657775878906,-1,-1,-1,-1
4,2,604.2720336914062,135.72406005859375,21.471923828125,59.01115417480469,-1,-1,-1,-1
5,2,603.9124755859375,135.72247314453125,21.52520751953125,59.30558776855469,-1,-1,-1,-1
6,2,603.7899169921875,135.6134796142578,21.47674560546875,59.780792236328125,-1,-1,-1,-1
7,2,603.8781127929688,135.74188232421875,21.5281982421875,60.088104248046875,-1,-1,-1,-1
8,2,603.9867553710938,135.88243103027344,21.55584716796875,60.294097900390625,-1,-1,-1,-1
9,2,604.1983642578125,136.42922973632812,21.35443115234375,60.100799560546875,-1,-1,-1,-1
10,2,604.420654296875,137.06040954589844,21.11669921875,59.58251953125,-1,-1,-1,-1
11,2,604.562255859375,137.97830200195312,21.2298583984375,59.23304748535156,-1,-1,-1,-1
12,2,604.7006225585938,138.4715576171875,21.27532958984375,59.01499938964844,-1,-1,-1,-1
13,2,604.9663696289062,138.83338928222656,21.23529052734375,59.230316162109375,-1,-1,-1,-1
14,2,605.119140625,138.9625244140625,21.25982666015625,59.41935729980469,-1,-1,-1,-1
15,2,605.3800048828125,139.2191162109375,21.13104248046875,59.330841064453125,-1,-1,-1,-1
16,2,605.4898681640625,139.07177734375,21.21026611328125,59.628662109375,-1,-1,-1,-1
17,2,605.5806884765625,138.90127563476562,21.34796142578125,60.0906982421875,-1,-1,-1,-1
18,2,605.62158203125,139.0641632080078,21.44097900390625,60.33738708496094,-1,-1,-1,-1
19,2,605.5833129882812,139.52655029296875,21.420654296875,60.18988037109375,-1,-1,-1,-1
20,2,605.6173095703125,139.83551025390625,21.479248046875,60.29066467285156,-1,-1,-1,-1
21,2,605.6625366210938,140.74462890625,21.2060546875,59.85035705566406,-1,-1,-1,-1
22,2,605.629150390625,141.33078002929688,21.0909423828125,59.65010070800781,-1,-1,-1,-1
23,2,605.3883056640625,141.7079315185547,21.0712890625,59.91169738769531,-1,-1,-1,-1
24,2,605.0996704101562,141.8323974609375,21.23443603515625,60.15110778808594,-1,-1,-1,-1
25,2,604.5806274414062,142.0695343017578,21.08843994140625,60.115203857421875,-1,-1,-1,-1
26,2,604.0762939453125,142.1750946044922,21.1102294921875,60.057708740234375,-1,-1,-1,-1
27,2,603.6736450195312,142.3841552734375,21.2322998046875,60.11224365234375,-1,-1,-1,-1
28,2,603.3466186523438,142.39874267578125,21.43023681640625,60.38032531738281,-1,-1,-1,-1
29,2,602.98876953125,142.4970245361328,21.888671875,60.934967041015625,-1,-1,-1,-1
30,2,602.9021606445312,142.70201110839844,22.0606689453125,61.14891052246094,-1,-1,-1,-1
31,2,603.2855224609375,143.24380493164062,21.8309326171875,60.609771728515625,-1,-1,-1,-1
32,2,603.4457397460938,143.83676147460938,21.75579833984375,60.314910888671875,-1,-1,-1,-1
33,2,603.763916015625,144.29049682617188,21.6964111328125,60.29991149902344,-1,-1,-1,-1
34,2,604.1250610351562,144.44068908691406,21.54547119140625,60.6507568359375,-1,-1,-1,-1
35,2,604.3792114257812,144.68748474121094,21.58941650390625,60.908294677734375,-1,-1,-1,-1
36,2,604.4279174804688,144.80137634277344,21.72900390625,61.08624267578125,-1,-1,-1,-1
37,2,604.5816040039062,145.3162841796875,21.6221923828125,60.62123107910156,-1,-1,-1,-1
38,2,604.6493530273438,145.4334716796875,21.6881103515625,60.726776123046875,-1,-1,-1,-1
39,2,604.4379272460938,145.19085693359375,21.9625244140625,61.62919616699219,-1,-1,-1,-1
40,2,604.2778930664062,145.13177490234375,22.0753173828125,62.04985046386719,-1,-1,-1,-1
41,2,604.0142211914062,145.41954040527344,22.18341064453125,62.302642822265625,-1,-1,-1,-1
42,2,603.7756958007812,145.47857666015625,22.2535400390625,62.50727844238281,-1,-1,-1,-1
43,2,603.4429321289062,146.26805114746094,22.39788818359375,62.150787353515625,-1,-1,-1,-1
44,2,603.3015747070312,146.82980346679688,22.48052978515625,62.100311279296875,-1,-1,-1,-1
45,2,603.2049560546875,147.667236328125,22.2613525390625,61.75892639160156,-1,-1,-1,-1
46,2,602.9758911132812,148.1959228515625,22.272216796875,61.56205749511719,-1,-1,-1,-1
47,2,602.12060546875,148.63134765625,22.57525634765625,61.56538391113281,-1,-1,-1,-1
48,2,601.5330200195312,148.7599334716797,22.66229248046875,61.629547119140625,-1,-1,-1,-1
49,2,601.0545654296875,148.59593200683594,22.7073974609375,61.80659484863281,-1,-1,-1,-1
50,2,600.69189453125,148.56825256347656,22.7469482421875,62.009796142578125,-1,-1,-1,-1
51,2,600.1876220703125,148.6578826904297,22.791259765625,62.102691650390625,-1,-1,-1,-1
52,2,599.864501953125,148.84970092773438,22.65277099609375,62.22117614746094,-1,-1,-1,-1
53,2,599.581298828125,149.20208740234375,22.4384765625,62.4818115234375,-1,-1,-1,-1
54,2,599.3391723632812,149.5047149658203,22.336181640625,62.48692321777344,-1,-1,-1,-1
55,2,599.09765625,150.4659423828125,21.983154296875,61.80552673339844,-1,-1,-1,-1
56,2,598.8043823242188,150.8231201171875,22.06524658203125,62.020965576171875,-1,-1,-1,-1
57,2,598.5081176757812,151.12954711914062,22.0933837890625,62.13386535644531,-1,-1,-1,-1
58,2,598.3235473632812,151.37985229492188,22.1270751953125,62.31221008300781,-1,-1,-1,-1
59,2,597.9635009765625,151.62039184570312,22.258056640625,62.437744140625,-1,-1,-1,-1
60,2,597.705810546875,151.75613403320312,22.29736328125,62.4552001953125,-1,-1,-1,-1
61,2,597.4326171875,151.87161254882812,22.4246826171875,62.712066650390625,-1,-1,-1,-1
62,2,597.0961303710938,151.7869110107422,22.60491943359375,63.163360595703125,-1,-1,-1,-1
63,2,596.5607299804688,151.95318603515625,22.77532958984375,63.47950744628906,-1,-1,-1,-1
64,2,596.0095825195312,152.35806274414062,23.0428466796875,63.39146423339844,-1,-1,-1,-1
65,2,595.4871215820312,153.1757049560547,23.088623046875,62.824249267578125,-1,-1,-1,-1
66,2,595.1311645507812,153.7405242919922,22.98236083984375,62.43980407714844,-1,-1,-1,-1
67,2,594.701416015625,154.4088134765625,22.921630859375,62.253021240234375,-1,-1,-1,-1
68,2,594.1888427734375,154.69932556152344,23.13330078125,62.41642761230469,-1,-1,-1,-1
69,2,593.4296264648438,154.81396484375,23.4500732421875,62.68556213378906,-1,-1,-1,-1
70,2,592.9729614257812,154.8016815185547,23.535400390625,62.920928955078125,-1,-1,-1,-1
71,2,592.3486938476562,154.7039794921875,23.813232421875,63.21788024902344,-1,-1,-1,-1
72,2,591.91259765625,154.61062622070312,24.0426025390625,63.42784118652344,-1,-1,-1,-1
73,2,591.5941162109375,154.7702178955078,24.09942626953125,63.425567626953125,-1,-1,-1,-1
74,2,591.3524780273438,154.94805908203125,24.20648193359375,63.32269287109375,-1,-1,-1,-1
75,2,590.9908447265625,155.42262268066406,24.27606201171875,63.53509521484375,-1,-1,-1,-1
76,2,590.8665161132812,155.96563720703125,24.15057373046875,63.276702880859375,-1,-1,-1,-1
77,2,590.8333129882812,156.63262939453125,23.78045654296875,63.07136535644531,-1,-1,-1,-1
78,2,590.7500610351562,156.99041748046875,23.6287841796875,63.14079284667969,-1,-1,-1,-1
79,2,590.5613403320312,157.29812622070312,23.53619384765625,63.52593994140625,-1,-1,-1,-1
80,2,590.5203247070312,157.6512908935547,23.5103759765625,63.647705078125,-1,-1,-1,-1
81,2,590.3583984375,157.86402893066406,23.585205078125,63.74046325683594,-1,-1,-1,-1
82,2,590.1836547851562,157.98983764648438,23.5997314453125,63.76335144042969,-1,-1,-1,-1
83,2,589.9871215820312,158.1232452392578,23.59210205078125,63.93585205078125,-1,-1,-1,-1
84,2,589.72509765625,158.36265563964844,23.66357421875,64.13253784179688,-1,-1,-1,-1
85,2,589.293701171875,158.8662109375,23.70562744140625,64.14341735839844,-1,-1,-1,-1
86,2,589.136474609375,159.3885955810547,23.53857421875,63.948516845703125,-1,-1,-1,-1
87,2,588.815185546875,160.34393310546875,23.56256103515625,63.436920166015625,-1,-1,-1,-1
88,2,588.5167846679688,160.79888916015625,23.67681884765625,63.35957336425781,-1,-1,-1,-1
89,2,588.2379150390625,161.42556762695312,23.7696533203125,63.220672607421875,-1,-1,-1,-1
90,2,587.8995361328125,161.89646911621094,23.74688720703125,63.12640380859375,-1,-1,-1,-1
91,2,587.646240234375,162.29591369628906,23.54791259765625,62.81852722167969,-1,-1,-1,-1
92,2,587.4953002929688,162.51849365234375,23.412841796875,62.61595153808594,-1,-1,-1,-1
93,2,587.2753295898438,162.6140594482422,23.2476806640625,62.9852294921875,-1,-1,-1,-1
94,2,587.1275024414062,162.56240844726562,23.23504638671875,63.34576416015625,-1,-1,-1,-1
95,2,587.0198364257812,163.0191650390625,23.265625,63.60829162597656,-1,-1,-1,-1
96,2,586.970703125,163.4683380126953,23.310302734375,63.987884521484375,-1,-1,-1,-1
97,2,586.8583374023438,163.76388549804688,23.1953125,64.16377258300781,-1,-1,-1,-1
98,2,586.9053344726562,164.068359375,23.056396484375,64.06767272949219,-1,-1,-1,-1
99,2,587.0228271484375,164.65301513671875,22.888427734375,63.82539367675781,-1,-1,-1,-1
100,2,586.9774780273438,164.8528289794922,22.973388671875,64.04457092285156,-1,-1,-1,-1
101,2,586.8610229492188,164.89141845703125,23.2406005859375,64.5621337890625,-1,-1,-1,-1
102,2,586.8755493164062,164.8944854736328,23.30487060546875,64.67060852050781,-1,-1,-1,-1
103,2,586.9465942382812,164.86837768554688,23.0198974609375,64.79087829589844,-1,-1,-1,-1
104,2,586.7232666015625,164.63621520996094,23.1573486328125,65.317626953125,-1,-1,-1,-1
105,2,586.5037231445312,164.78074645996094,23.1947021484375,65.61143493652344,-1,-1,-1,-1
106,2,586.3660888671875,164.90359497070312,23.20703125,65.82200622558594,-1,-1,-1,-1
107,2,586.1453247070312,165.71356201171875,23.00128173828125,65.40397644042969,-1,-1,-1,-1
108,2,585.9152221679688,166.32296752929688,22.94476318359375,64.87290954589844,-1,-1,-1,-1
109,2,585.4448852539062,167.15087890625,22.9256591796875,64.5599365234375,-1,-1,-1,-1
110,2,584.975341796875,167.5659637451172,22.98333740234375,64.61186218261719,-1,-1,-1,-1
111,2,584.1915893554688,167.874267578125,23.1778564453125,64.82281494140625,-1,-1,-1,-1
112,2,583.6787719726562,168.0408477783203,23.2440185546875,65.03823852539062,-1,-1,-1,-1
113,2,582.990966796875,167.9110107421875,23.3372802734375,65.25390625,-1,-1,-1,-1
114,2,582.4600219726562,167.8985595703125,23.3568115234375,65.22662353515625,-1,-1,-1,-1
115,2,581.9080200195312,167.87802124023438,23.57135009765625,65.58192443847656,-1,-1,-1,-1
116,2,581.5955200195312,168.13003540039062,23.402099609375,65.58880615234375,-1,-1,-1,-1
117,2,581.21435546875,168.6854705810547,23.494140625,66.09791564941406,-1,-1,-1,-1
118,2,580.896728515625,169.13577270507812,23.67034912109375,66.11585998535156,-1,-1,-1,-1
119,2,580.6165161132812,169.98126220703125,23.599609375,65.4202880859375,-1,-1,-1,-1
120,2,580.528076171875,170.79840087890625,23.596923828125,64.49980163574219,-1,-1,-1,-1
121,2,580.4371948242188,171.4765625,23.5107421875,64.49244689941406,-1,-1,-1,-1
122,2,580.3795166015625,172.00732421875,23.4508056640625,64.09332275390625,-1,-1,-1,-1
123,2,580.1461181640625,172.43753051757812,23.666015625,63.956573486328125,-1,-1,-1,-1
124,2,579.8782348632812,172.6653594970703,23.94903564453125,64.27326965332031,-1,-1,-1,-1
125,2,579.29296875,172.75021362304688,24.15350341796875,64.74043273925781,-1,-1,-1,-1
126,2,578.916748046875,172.59439086914062,24.3419189453125,65.528564453125,-1,-1,-1,-1
127,2,578.1334228515625,172.86599731445312,24.8489990234375,66.12135314941406,-1,-1,-1,-1
128,2,577.800048828125,173.21221923828125,24.84918212890625,66.00889587402344,-1,-1,-1,-1
129,2,577.663330078125,173.76455688476562,24.32098388671875,65.95359802246094,-1,-1,-1,-1
130,2,577.4891967773438,174.23052978515625,24.03448486328125,65.66615295410156,-1,-1,-1,-1
131,2,577.3372802734375,175.13856506347656,23.540283203125,65.40248107910156,-1,-1,-1,-1
132,2,577.0860595703125,175.9258575439453,23.2708740234375,64.87583923339844,-1,-1,-1,-1
133,2,576.0278930664062,176.59686279296875,23.49468994140625,64.74447631835938,-1,-1,-1,-1
134,2,575.5856323242188,177.00430297851562,23.30169677734375,64.41264343261719,-1,-1,-1,-1
135,2,575.0499877929688,176.85772705078125,23.44390869140625,64.76687622070312,-1,-1,-1,-1
136,2,574.6804809570312,176.7685089111328,23.444091796875,65.03778076171875,-1,-1,-1,-1
137,2,574.3667602539062,176.61302185058594,23.400146484375,65.47967529296875,-1,-1,-1,-1
138,2,574.0343017578125,176.59071350097656,23.4749755859375,65.86335754394531,-1,-1,-1,-1
139,2,573.5862426757812,177.2783203125,23.636474609375,65.8695068359375,-1,-1,-1,-1
140,2,573.4042358398438,177.7333984375,23.51434326171875,65.93623352050781,-1,-1,-1,-1
141,2,573.2992553710938,178.68727111816406,23.24285888671875,65.47862243652344,-1,-1,-1,-1
142,2,573.1886596679688,178.8827362060547,23.3406982421875,65.8883056640625,-1,-1,-1,-1
143,2,573.0518798828125,179.13438415527344,23.48773193359375,66.07022094726562,-1,-1,-1,-1
144,2,572.9386596679688,179.536376953125,23.7314453125,66.07154846191406,-1,-1,-1,-1
145,2,572.8783569335938,179.77078247070312,23.8902587890625,66.28907775878906,-1,-1,-1,-1
146,2,572.5660400390625,180.017822265625,24.1729736328125,66.34573364257812,-1,-1,-1,-1
147,2,572.1830444335938,180.2264404296875,24.44647216796875,66.51261901855469,-1,-1,-1,-1
148,2,571.931396484375,180.30226135253906,24.602783203125,66.84832763671875,-1,-1,-1,-1
149,2,571.6685791015625,180.62298583984375,24.57440185546875,67.12748718261719,-1,-1,-1,-1
150,2,571.4037475585938,181.08245849609375,24.451904296875,66.82913208007812,-1,-1,-1,-1
151,2,570.9745483398438,182.14501953125,24.29290771484375,66.17657470703125,-1,-1,-1,-1
152,2,570.5938720703125,182.74600219726562,24.34521484375,66.08363342285156,-1,-1,-1,-1
153,2,570.0477905273438,183.42054748535156,24.348388671875,66.06781005859375,-1,-1,-1,-1
154,2,569.9603881835938,183.7945098876953,23.990966796875,65.92605590820312,-1,-1,-1,-1
155,2,569.492431640625,183.7928466796875,23.89080810546875,66.36190795898438,-1,-1,-1,-1
156,2,569.032470703125,183.80169677734375,24.01800537109375,66.74827575683594,-1,-1,-1,-1
157,2,568.5043334960938,183.73007202148438,24.1815185546875,67.23269653320312,-1,-1,-1,-1
158,2,568.2250366210938,183.8078155517578,24.0924072265625,67.36189270019531,-1,-1,-1,-1
159,2,567.859619140625,183.81649780273438,24.12945556640625,67.64178466796875,-1,-1,-1,-1
160,2,567.6009521484375,183.853271484375,24.09674072265625,67.71905517578125,-1,-1,-1,-1
161,2,567.33837890625,184.67514038085938,23.93585205078125,67.25344848632812,-1,-1,-1,-1
162,2,567.104736328125,185.23211669921875,23.89630126953125,67.48146057128906,-1,-1,-1,-1
163,2,566.7601318359375,186.67213439941406,23.7703857421875,66.4793701171875,-1,-1,-1,-1
164,2,566.5508422851562,187.19134521484375,23.6754150390625,66.59794616699219,-1,-1,-1,-1
165,2,566.2444458007812,187.43055725097656,23.78936767578125,67.55540466308594,-1,-1,-1,-1
166,2,565.8890991210938,187.7413330078125,24.04241943359375,68.11602783203125,-1,-1,-1,-1
167,2,565.5421752929688,188.1005401611328,24.08612060546875,68.01338195800781,-1,-1,-1,-1
168,2,565.1871337890625,188.21498107910156,24.3328857421875,68.18011474609375,-1,-1,-1,-1
169,2,564.8446655273438,188.07276916503906,24.38031005859375,68.41909790039062,-1,-1,-1,-1
170,2,564.5634155273438,188.16693115234375,24.39202880859375,68.61686706542969,-1,-1,-1,-1
171,2,563.851806640625,188.07723999023438,24.667236328125,69.59115600585938,-1,-1,-1,-1
172,2,563.1436767578125,188.07550048828125,24.9503173828125,70.3829345703125,-1,-1,-1,-1
173,2,562.4301147460938,188.71212768554688,25.26416015625,70.18032836914062,-1,-1,-1,-1
174,2,561.8703002929688,189.75387573242188,25.255615234375,69.28433227539062,-1,-1,-1,-1
175,2,561.2937622070312,191.1613006591797,25.1612548828125,68.50837707519531,-1,-1,-1,-1
176,2,561.010498046875,191.9972686767578,24.8521728515625,67.98457336425781,-1,-1,-1,-1
177,2,560.4177856445312,192.2105255126953,24.7607421875,68.10932922363281,-1,-1,-1,-1
178,2,559.6663208007812,192.4298858642578,24.57147216796875,68.21788024902344,-1,-1,-1,-1
179,2,558.3292236328125,192.55564880371094,24.68988037109375,68.49354553222656,-1,-1,-1,-1
180,2,558.0362548828125,192.60739135742188,24.18560791015625,68.47171020507812,-1,-1,-1,-1
181,2,557.5557250976562,192.4687042236328,24.04010009765625,68.76078796386719,-1,-1,-1,-1
182,2,557.0947265625,192.46536254882812,24.14239501953125,69.02511596679688,-1,-1,-1,-1
183,2,556.4601440429688,192.655029296875,24.25201416015625,69.15191650390625,-1,-1,-1,-1
184,2,555.7506103515625,192.8712615966797,24.57952880859375,69.38798522949219,-1,-1,-1,-1
185,2,555.28125,194.10528564453125,24.22161865234375,69.02810668945312,-1,-1,-1,-1
186,2,555.0845336914062,195.07308959960938,23.88494873046875,68.51351928710938,-1,-1,-1,-1
187,2,554.4556274414062,196.1139678955078,23.9193115234375,68.81535339355469,-1,-1,-1,-1
188,2,554.0849609375,196.5426025390625,23.8651123046875,68.99478149414062,-1,-1,-1,-1
189,2,553.4116821289062,197.15943908691406,23.98992919921875,68.53727722167969,-1,-1,-1,-1
190,2,552.9642944335938,197.41497802734375,24.165771484375,68.8648681640625,-1,-1,-1,-1
191,2,552.1929931640625,197.68624877929688,24.5140380859375,69.2244873046875,-1,-1,-1,-1
192,2,551.7606811523438,197.8169403076172,24.57806396484375,69.45033264160156,-1,-1,-1,-1
193,2,551.0908203125,197.70335388183594,24.89019775390625,70.06251525878906,-1,-1,-1,-1
194,2,550.4763793945312,197.70217895507812,24.98712158203125,70.470703125,-1,-1,-1,-1
195,2,549.6611938476562,198.51197814941406,25.22882080078125,70.16197204589844,-1,-1,-1,-1
196,2,549.0371704101562,199.51043701171875,25.6077880859375,69.40255737304688,-1,-1,-1,-1
197,2,548.55859375,200.91897583007812,25.546875,68.324462890625,-1,-1,-1,-1
198,2,548.1344604492188,201.76788330078125,25.38165283203125,67.73553466796875,-1,-1,-1,-1
199,2,547.7060546875,202.1933135986328,25.049072265625,67.66200256347656,-1,-1,-1,-1
200,2,547.25048828125,202.31414794921875,24.722412109375,67.81533813476562,-1,-1,-1,-1
1,3,578.5052490234375,131.3261260986328,23.0360107421875,61.85426330566406,-1,-1,-1,-1
2,3,578.5822143554688,131.51043701171875,22.8372802734375,61.985321044921875,-1,-1,-1,-1
3,3,578.8905029296875,131.99754333496094,22.519287109375,62.017486572265625,-1,-1,-1,-1
4,3,579.1892700195312,132.43325805664062,22.20245361328125,62.08464050292969,-1,-1,-1,-1
5,3,579.6116943359375,133.101318359375,22.07550048828125,62.29866027832031,-1,-1,-1,-1
6,3,580.1035766601562,133.74996948242188,22.19598388671875,62.20747375488281,-1,-1,-1,-1
7,3,580.8719482421875,134.33377075195312,22.0982666015625,61.79518127441406,-1,-1,-1,-1
8,3,581.4154663085938,134.60702514648438,22.1165771484375,61.60319519042969,-1,-1,-1,-1
9,3,581.7423706054688,134.7831573486328,22.37744140625,61.45195007324219,-1,-1,-1,-1
10,3,581.994384765625,134.71405029296875,22.57366943359375,61.59681701660156,-1,-1,-1,-1
11,3,582.098876953125,134.80514526367188,22.72540283203125,61.582763671875,-1,-1,-1,-1
12,3,582.22509765625,134.7989501953125,22.77386474609375,61.72300720214844,-1,-1,-1,-1
13,3,581.978759765625,134.8046112060547,23.1900634765625,62.1707763671875,-1,-1,-1,-1
14,3,581.94677734375,134.86734008789062,23.412109375,62.560638427734375,-1,-1,-1,-1
15,3,582.0617065429688,135.33291625976562,23.7562255859375,63.07257080078125,-1,-1,-1,-1
16,3,581.966552734375,135.6951141357422,24.12652587890625,63.30955505371094,-1,-1,-1,-1
17,3,581.8160400390625,136.3486785888672,24.00421142578125,63.14643859863281,-1,-1,-1,-1
18,3,581.4256591796875,136.6423797607422,24.1693115234375,63.1866455078125,-1,-1,-1,-1
19,3,580.8035278320312,137.01785278320312,24.37786865234375,62.97918701171875,-1,-1,-1,-1
20,3,580.03515625,136.97518920898438,24.9798583984375,63.144500732421875,-1,-1,-1,-1
21,3,579.260498046875,136.93841552734375,25.4708251953125,63.09907531738281,-1,-1,-1,-1
22,3,578.9730834960938,136.95184326171875,25.5159912109375,63.14068603515625,-1,-1,-1,-1
23,3,578.7418823242188,136.9661102294922,25.46527099609375,63.220703125,-1,-1,-1,-1
24,3,578.2887573242188,136.8970947265625,25.568603515625,63.45079040527344,-1,-1,-1,-1
25,3,578.2009887695312,137.6964874267578,25.455322265625,62.788238525390625,-1,-1,-1,-1
26,3,578.0087890625,138.0359344482422,25.6363525390625,62.4873046875,-1,-1,-1,-1
27,3,577.8486938476562,138.4683074951172,25.4447021484375,62.18988037109375,-1,-1,-1,-1
28,3,578.02685546875,138.78506469726562,25.0596923828125,62.38575744628906,-1,-1,-1,-1
29,3,578.5504760742188,139.26622009277344,24.6561279296875,63.365570068359375,-1,-1,-1,-1
30,3,578.5584106445312,139.34841918945312,24.5560302734375,63.86329650878906,-1,-1,-1,-1
31,3,578.5441284179688,139.43785095214844,24.710693359375,64.34573364257812,-1,-1,-1,-1
32,3,578.4292602539062,139.53817749023438,24.77728271484375,64.71296691894531,-1,-1,-1,-1
33,3,578.2935180664062,139.4537353515625,24.977783203125,64.99687194824219,-1,-1,-1,-1
34,3,578.3731689453125,139.42466735839844,24.91143798828125,65.16522216796875,-1,-1,-1,-1
35,3,578.206787109375,139.4695587158203,24.99151611328125,64.9854736328125,-1,-1,-1,-1
36,3,578.1984252929688,139.6918182373047,24.822021484375,64.72360229492188,-1,-1,-1,-1
37,3,577.4398803710938,140.5767822265625,25.32342529296875,64.78007507324219,-1,-1,-1,-1
38,3,576.9633178710938,140.801025390625,25.7001953125,65.23419189453125,-1,-1,-1,-1
39,3,575.6354370117188,141.5851287841797,26.52838134765625,65.06716918945312,-1,-1,-1,-1
40,3,575.3616333007812,142.19508361816406,26.27911376953125,64.62457275390625,-1,-1,-1,-1
41,3,574.8629150390625,142.80442810058594,26.4150390625,64.30508422851562,-1,-1,-1,-1
42,3,574.53515625,143.2182159423828,26.36370849609375,64.19145202636719,-1,-1,-1,-1
43,3,574.0157470703125,143.8728790283203,26.05596923828125,63.80836486816406,-1,-1,-1,-1
44,3,573.7680053710938,144.15330505371094,25.6866455078125,63.66203308105469,-1,-1,-1,-1
45,3,572.98681640625,144.25328063964844,25.9764404296875,63.931640625,-1,-1,-1,-1
46,3,572.4116821289062,144.37254333496094,26.0615234375,63.92401123046875,-1,-1,-1,-1
47,3,571.9404907226562,144.62049865722656,26.1826171875,63.73399353027344,-1,-1,-1,-1
48,3,571.2564697265625,144.69480895996094,26.54058837890625,63.996490478515625,-1,-1,-1,-1
49,3,570.835205078125,145.13577270507812,26.72625732421875,64.21232604980469,-1,-1,-1,-1
50,3,569.9944458007812,145.293212890625,27.353759765625,64.47685241699219,-1,-1,-1,-1
51,3,569.2955932617188,145.68321228027344,27.7857666015625,64.78120422363281,-1,-1,-1,-1
52,3,569.1614379882812,145.7460174560547,27.74072265625,65.46784973144531,-1,-1,-1,-1
53,3,568.8960571289062,145.88851928710938,27.70458984375,65.62638854980469,-1,-1,-1,-1
54,3,568.569580078125,145.8997802734375,27.7601318359375,65.88478088378906,-1,-1,-1,-1
55,3,568.4246215820312,145.9648895263672,27.8746337890625,66.01971435546875,-1,-1,-1,-1
56,3,568.2943725585938,146.129150390625,27.9083251953125,66.03108215332031,-1,-1,-1,-1
57,3,567.9672241210938,146.3173065185547,28.00311279296875,65.86514282226562,-1,-1,-1,-1
58,3,567.64892578125,146.5029754638672,28.186767578125,65.86390686035156,-1,-1,-1,-1
59,3,566.9149780273438,147.1276397705078,28.4273681640625,65.52204895019531,-1,-1,-1,-1
60,3,566.7633056640625,147.85073852539062,28.1060791015625,65.21139526367188,-1,-1,-1,-1
61,3,566.3681030273438,148.9615020751953,27.9498291015625,64.60966491699219,-1,-1,-1,-1
62,3,565.9776000976562,149.25807189941406,27.96466064453125,64.812744140625,-1,-1,-1,-1
63,3,565.5817260742188,149.6814422607422,27.58343505859375,64.94963073730469,-1,-1,-1,-1
64,3,565.42822265625,149.79994201660156,27.2900390625,65.32984924316406,-1,-1,-1,-1
65,3,565.17041015625,149.85546875,26.81060791015625,65.60646057128906,-1,-1,-1,-1
66,3,565.043212890625,149.7969512939453,26.4228515625,65.79190063476562,-1,-1,-1,-1
67,3,564.7158813476562,149.77056884765625,25.97125244140625,65.91151428222656,-1,-1,-1,-1
68,3,564.4991455078125,149.83982849121094,25.87579345703125,65.97225952148438,-1,-1,-1,-1
69,3,564.2518310546875,149.90335083007812,25.88165283203125,66.15800476074219,-1,-1,-1,-1
70,3,563.90234375,150.22967529296875,25.9713134765625,66.11927795410156,-1,-1,-1,-1
71,3,563.49462890625,150.74427795410156,26.16436767578125,66.08927917480469,-1,-1,-1,-1
72,3,563.1361083984375,151.3626708984375,26.33087158203125,65.99485778808594,-1,-1,-1,-1
73,3,562.8422241210938,152.09686279296875,26.59326171875,65.77293395996094,-1,-1,-1,-1
74,3,562.5828857421875,153.006103515625,26.798828125,65.16184997558594,-1,-1,-1,-1
75,3,562.6069946289062,153.5416259765625,26.73712158203125,65.00399780273438,-1,-1,-1,-1
76,3,562.6475830078125,153.67430114746094,26.71087646484375,65.15769958496094,-1,-1,-1,-1
77,3,562.6886596679688,153.810302734375,26.63555908203125,65.14144897460938,-1,-1,-1,-1
78,3,562.7550048828125,153.9064483642578,26.55755615234375,65.11053466796875,-1,-1,-1,-1
79,3,562.6121215820312,154.03684997558594,26.47540283203125,65.31182861328125,-1,-1,-1,-1
80,3,562.5664672851562,154.1249542236328,26.2178955078125,65.40861511230469,-1,-1,-1,-1
81,3,562.3885498046875,154.3566436767578,26.13385009765625,65.800048828125,-1,-1,-1,-1
82,3,562.3568725585938,154.3896942138672,26.06488037109375,66.57289123535156,-1,-1,-1,-1
83,3,562.1636962890625,154.81121826171875,26.1226806640625,66.81788635253906,-1,-1,-1,-1
84,3,562.2249755859375,155.1741180419922,25.92364501953125,66.77224731445312,-1,-1,-1,-1
85,3,561.8129272460938,155.662109375,25.95245361328125,66.67414855957031,-1,-1,-1,-1
86,3,561.5067749023438,156.1295623779297,25.85040283203125,66.59072875976562,-1,-1,-1,-1
87,3,561.275634765625,156.68795776367188,25.56134033203125,66.60166931152344,-1,-1,-1,-1
88,3,561.22509765625,156.93714904785156,25.3927001953125,66.82026672363281,-1,-1,-1,-1
89,3,560.9497680664062,157.2160186767578,25.3668212890625,66.68333435058594,-1,-1,-1,-1
90,3,560.8649291992188,157.51202392578125,25.194580078125,66.5250244140625,-1,-1,-1,-1
91,3,560.6554565429688,157.80442810058594,25.23858642578125,66.47422790527344,-1,-1,-1,-1
92,3,560.5785522460938,157.9386749267578,25.1424560546875,66.64646911621094,-1,-1,-1,-1
93,3,560.28515625,158.301025390625,25.2767333984375,67.02168273925781,-1,-1,-1,-1
94,3,560.0220336914062,158.5480499267578,25.51123046875,67.28851318359375,-1,-1,-1,-1
95,3,559.7789306640625,159.10557556152344,25.55780029296875,67.24766540527344,-1,-1,-1,-1
96,3,559.55126953125,159.56341552734375,25.88055419921875,67.48533630371094,-1,-1,-1,-1
97,3,559.1575317382812,160.0001678466797,26.39166259765625,67.66639709472656,-1,-1,-1,-1
98,3,558.8812866210938,160.4288330078125,26.64031982421875,67.48245239257812,-1,-1,-1,-1
99,3,558.6085205078125,160.77943420410156,26.8773193359375,67.53726196289062,-1,-1,-1,-1
100,3,558.4424438476562,160.95494079589844,27.2177734375,67.82818603515625,-1,-1,-1,-1
101,3,558.252197265625,161.1353759765625,27.35699462890625,68.16835021972656,-1,-1,-1,-1
102,3,558.2232055664062,161.3125762939453,27.25689697265625,68.08421325683594,-1,-1,-1,-1
103,3,558.08642578125,161.61524963378906,27.29913330078125,67.78472900390625,-1,-1,-1,-1
104,3,557.7505493164062,162.00540161132812,27.5343017578125,67.88348388671875,-1,-1,-1,-1
105,3,557.7393798828125,162.86509704589844,27.1842041015625,67.52603149414062,-1,-1,-1,-1
106,3,557.6360473632812,163.28396606445312,27.10406494140625,67.58795166015625,-1,-1,-1,-1
107,3,557.5440673828125,163.97097778320312,27.001220703125,67.51551818847656,-1,-1,-1,-1
108,3,557.2540893554688,163.98153686523438,27.3319091796875,67.81193542480469,-1,-1,-1,-1
109,3,556.967529296875,164.37391662597656,27.29595947265625,67.75527954101562,-1,-1,-1,-1
110,3,556.8411865234375,164.51170349121094,27.09368896484375,67.72737121582031,-1,-1,-1,-1
111,3,556.6585693359375,164.63735961914062,26.44268798828125,67.27131652832031,-1,-1,-1,-1
112,3,556.4356079101562,164.59521484375,26.0645751953125,67.27452087402344,-1,-1,-1,-1
113,3,556.2249145507812,164.5828399658203,25.7960205078125,67.3154296875,-1,-1,-1,-1
114,3,555.8464965820312,164.5841827392578,25.8795166015625,67.55899047851562,-1,-1,-1,-1
115,3,555.390380859375,165.07180786132812,26.0477294921875,67.79632568359375,-1,-1,-1,-1
116,3,555.354736328125,165.88278198242188,25.92864990234375,67.66610717773438,-1,-1,-1,-1
117,3,555.269775390625,166.90269470214844,25.97125244140625,67.91824340820312,-1,-1,-1,-1
118,3,555.2061157226562,167.43389892578125,26.03936767578125,68.09886169433594,-1,-1,-1,-1
119,3,555.4210205078125,168.10202026367188,25.9287109375,68.31158447265625,-1,-1,-1,-1
120,3,555.5147094726562,168.40692138671875,25.94293212890625,68.39300537109375,-1,-1,-1,-1
121,3,555.5398559570312,168.387939453125,25.86627197265625,68.28042602539062,-1,-1,-1,-1
122,3,555.6099243164062,168.38172912597656,25.69873046875,68.342529296875,-1,-1,-1,-1
123,3,555.6383056640625,168.50482177734375,25.706298828125,68.16395568847656,-1,-1,-1,-1
124,3,555.5861206054688,168.578125,25.939453125,68.24037170410156,-1,-1,-1,-1
125,3,555.28125,168.55740356445312,26.0213623046875,68.37699890136719,-1,-1,-1,-1
126,3,555.083984375,168.55935668945312,26.08758544921875,68.44903564453125,-1,-1,-1,-1
127,3,554.6880493164062,169.02906799316406,26.0250244140625,68.46986389160156,-1,-1,-1,-1
128,3,554.3184814453125,169.471435546875,26.10784912109375,68.83566284179688,-1,-1,-1,-1
129,3,553.526611328125,170.5052490234375,26.6531982421875,68.94340515136719,-1,-1,-1,-1
130,3,553.0031127929688,171.46156311035156,26.8984375,68.80194091796875,-1,-1,-1,-1
131,3,552.6739501953125,172.57655334472656,26.7451171875,68.07420349121094,-1,-1,-1,-1
132,3,552.5846557617188,172.98683166503906,26.4034423828125,67.92007446289062,-1,-1,-1,-1
133,3,552.1104736328125,172.9862518310547,26.369384765625,68.49850463867188,-1,-1,-1,-1
134,3,551.7965698242188,172.98147583007812,26.28399658203125,68.73262023925781,-1,-1,-1,-1
135,3,551.29931640625,172.86813354492188,26.4464111328125,68.81222534179688,-1,-1,-1,-1
136,3,551.0103759765625,172.78634643554688,26.4097900390625,68.62950134277344,-1,-1,-1,-1
137,3,550.5975341796875,173.16729736328125,26.5391845703125,68.72314453125,-1,-1,-1,-1
138,3,550.3070678710938,173.45846557617188,26.6424560546875,68.85397338867188,-1,-1,-1,-1
139,3,549.6758422851562,174.10079956054688,26.6822509765625,68.72817993164062,-1,-1,-1,-1
140,3,549.4047241210938,174.62811279296875,26.885009765625,68.99366760253906,-1,-1,-1,-1
141,3,548.9267578125,175.5269775390625,27.053466796875,69.13714599609375,-1,-1,-1,-1
142,3,548.7064208984375,176.3591766357422,26.406005859375,68.69223022460938,-1,-1,-1,-1
143,3,548.08251953125,177.00454711914062,25.84393310546875,68.18583679199219,-1,-1,-1,-1
144,3,547.5966186523438,177.2966766357422,25.774169921875,68.11518859863281,-1,-1,-1,-1
145,3,547.140869140625,177.48056030273438,25.41375732421875,68.82867431640625,-1,-1,-1,-1
146,3,546.7255249023438,177.4362030029297,25.20294189453125,69.12867736816406,-1,-1,-1,-1
147,3,545.7445678710938,177.34848022460938,25.45684814453125,69.17192077636719,-1,-1,-1,-1
148,3,545.1387329101562,177.27655029296875,25.87115478515625,69.62373352050781,-1,-1,-1,-1
149,3,544.2310180664062,177.0846405029297,25.92974853515625,69.63291931152344,-1,-1,-1,-1
150,3,543.3720703125,177.50213623046875,26.3599853515625,69.50257873535156,-1,-1,-1,-1
151,3,541.9790649414062,178.12135314941406,27.0252685546875,69.92105102539062,-1,-1,-1,-1
152,3,541.1006469726562,178.4615478515625,27.4024658203125,70.26927185058594,-1,-1,-1,-1
153,3,539.6110229492188,178.99017333984375,28.334716796875,70.97645568847656,-1,-1,-1,-1
154,3,538.9052124023438,179.74562072753906,28.45684814453125,70.84800720214844,-1,-1,-1,-1
155,3,537.8953857421875,180.71127319335938,28.4757080078125,70.25473022460938,-1,-1,-1,-1
156,3,537.4228515625,181.07943725585938,28.19061279296875,70.09712219238281,-1,-1,-1,-1
157,3,536.0914916992188,181.18983459472656,28.83856201171875,70.30589294433594,-1,-1,-1,-1
158,3,535.5408935546875,181.26123046875,28.8074951171875,70.17787170410156,-1,-1,-1,-1
159,3,535.091552734375,181.3004608154297,28.3548583984375,69.47801208496094,-1,-1,-1,-1
160,3,534.7291870117188,181.4720916748047,28.214111328125,69.24948120117188,-1,-1,-1,-1
161,3,534.3720703125,181.8195343017578,27.9888916015625,69.15621948242188,-1,-1,-1,-1
162,3,533.9706420898438,182.4160919189453,28.0802001953125,69.04803466796875,-1,-1,-1,-1
163,3,533.44970703125,182.6557159423828,28.27508544921875,69.61427307128906,-1,-1,-1,-1
164,3,533.0394897460938,182.97560119628906,28.21441650390625,69.95965576171875,-1,-1,-1,-1
165,3,532.7791137695312,183.5001983642578,27.8751220703125,70.63702392578125,-1,-1,-1,-1
166,3,532.8110961914062,183.90713500976562,27.34271240234375,71.06436157226562,-1,-1,-1,-1
167,3,532.6674194335938,184.4438934326172,27.1827392578125,71.39039611816406,-1,-1,-1,-1
168,3,532.47900390625,184.85031127929688,27.12176513671875,71.42961120605469,-1,-1,-1,-1
169,3,532.082275390625,185.10015869140625,27.25250244140625,71.28709411621094,-1,-1,-1,-1
170,3,531.7913818359375,185.35397338867188,27.346435546875,71.10438537597656,-1,-1,-1,-1
171,3,531.463623046875,185.35986328125,27.5882568359375,71.19667053222656,-1,-1,-1,-1
172,3,531.3982543945312,185.35482788085938,27.63067626953125,71.1239013671875,-1,-1,-1,-1
173,3,531.155517578125,185.67037963867188,27.80126953125,70.25547790527344,-1,-1,-1,-1
174,3,531.1331176757812,186.09408569335938,27.56134033203125,70.17619323730469,-1,-1,-1,-1
175,3,530.9114379882812,186.39332580566406,27.3023681640625,70.90090942382812,-1,-1,-1,-1
176,3,530.770263671875,186.72659301757812,27.038330078125,71.25523376464844,-1,-1,-1,-1
177,3,530.23828125,187.1854705810547,27.42376708984375,71.98933410644531,-1,-1,-1,-1
178,3,529.8609008789062,187.59255981445312,27.6885986328125,72.42910766601562,-1,-1,-1,-1
179,3,529.1603393554688,188.43865966796875,27.95843505859375,72.38201904296875,-1,-1,-1,-1
180,3,528.7233276367188,189.10154724121094,28.06903076171875,72.09187316894531,-1,-1,-1,-1
181,3,527.9653930664062,189.42831420898438,28.3394775390625,72.05511474609375,-1,-1,-1,-1
182,3,527.515869140625,189.72593688964844,28.374755859375,71.92811584472656,-1,-1,-1,-1
183,3,526.8330688476562,190.02743530273438,28.692138671875,71.70736694335938,-1,-1,-1,-1
184,3,526.4640502929688,190.0861053466797,28.796875,71.64198303222656,-1,-1,-1,-1
185,3,526.1683959960938,190.4227294921875,28.81005859375,71.89895629882812,-1,-1,-1,-1
186,3,526.0318603515625,190.88613891601562,28.9459228515625,72.27789306640625,-1,-1,-1,-1
187,3,525.6904907226562,191.64276123046875,28.65582275390625,72.53729248046875,-1,-1,-1,-1
188,3,525.5335693359375,192.0021514892578,28.48974609375,73.09559631347656,-1,-1,-1,-1
189,3,525.2677001953125,192.72386169433594,28.43292236328125,73.48027038574219,-1,-1,-1,-1
190,3,525.1458740234375,193.50294494628906,28.22381591796875,73.40705871582031,-1,-1,-1,-1
191,3,525.2216186523438,194.17660522460938,27.63116455078125,73.1966552734375,-1,-1,-1,-1
192,3,525.0505981445312,194.39183044433594,27.52862548828125,73.39817810058594,-1,-1,-1,-1
193,3,524.815673828125,194.3057861328125,27.70135498046875,73.76336669921875,-1,-1,-1,-1
194,3,524.64453125,194.36927795410156,27.7904052734375,74.16050720214844,-1,-1,-1,-1
195,3,524.4239501953125,194.7606964111328,27.717529296875,73.98027038574219,-1,-1,-1,-1
196,3,524.1231079101562,195.11692810058594,27.9820556640625,73.79515075683594,-1,-1,-1,-1
197,3,523.6212158203125,195.87294006347656,28.09954833984375,73.93656921386719,-1,-1,-1,-1
198,3,523.13525390625,196.49838256835938,28.1373291015625,73.7391357421875,-1,-1,-1,-1
199,3,522.3450927734375,197.54507446289062,27.81719970703125,73.07574462890625,-1,-1,-1,-1
200,3,521.8560791015625,198.2279815673828,27.7955322265625,72.69535827636719,-1,-1,-1,-1
1,4,491.1917419433594,70.41655731201172,19.000518798828125,52.213340759277344,-1,-1,-1,-1
2,4,491.10992431640625,70.27682495117188,18.998626708984375,52.586463928222656,-1,-1,-1,-1
3,4,490.9797668457031,70.06829071044922,19.212860107421875,52.809112548828125,-1,-1,-1,-1
4,4,490.9273986816406,69.7922592163086,19.468994140625,52.82758331298828,-1,-1,-1,-1
5,4,491.02178955078125,69.44052124023438,19.515106201171875,53.09735870361328,-1,-1,-1,-1
6,4,491.016357421875,68.82839965820312,19.714935302734375,53.82975769042969,-1,-1,-1,-1
7,4,491.0879821777344,68.0594711303711,19.82391357421875,54.58616638183594,-1,-1,-1,-1
8,4,491.1719970703125,67.89846801757812,19.626678466796875,54.50312042236328,-1,-1,-1,-1
9,4,491.0833435058594,67.22517395019531,19.994110107421875,53.995452880859375,-1,-1,-1,-1
10,4,490.97003173828125,66.99038696289062,20.11798095703125,54.19349670410156,-1,-1,-1,-1
11,4,490.81146240234375,66.8878173828125,20.233245849609375,54.046791076660156,-1,-1,-1,-1
12,4,490.6460266113281,66.80071258544922,20.4521484375,54.332435607910156,-1,-1,-1,-1
13,4,490.9096984863281,67.14075469970703,19.564544677734375,53.29144287109375,-1,-1,-1,-1
14,4,490.9117736816406,67.249755859375,19.41455078125,53.31214141845703,-1,-1,-1,-1
15,4,490.9560852050781,67.45677185058594,19.152191162109375,52.698883056640625,-1,-1,-1,-1
16,4,490.8707275390625,67.40343475341797,18.782745361328125,52.2470703125,-1,-1,-1,-1
17,4,490.7315673828125,66.6667251586914,19.122314453125,52.58453369140625,-1,-1,-1,-1
18,4,490.7203063964844,66.48677825927734,18.710418701171875,52.130516052246094,-1,-1,-1,-1
19,4,490.6962585449219,66.304931640625,18.558197021484375,51.506385803222656,-1,-1,-1,-1
20,4,490.6397399902344,66.34144592285156,18.183868408203125,51.284751892089844,-1,-1,-1,-1
21,4,490.5271911621094,66.49092102050781,18.350341796875,51.185935974121094,-1,-1,-1,-1
22,4,490.4621887207031,66.59288787841797,18.4669189453125,50.35218048095703,-1,-1,-1,-1
23,4,490.59503173828125,66.04283905029297,18.7513427734375,51.101463317871094,-1,-1,-1,-1
24,4,490.7140197753906,65.70817565917969,18.9425048828125,51.331993103027344,-1,-1,-1,-1
25,4,490.7523498535156,65.30403137207031,18.95050048828125,51.68742370605469,-1,-1,-1,-1
26,4,491.21844482421875,65.03256225585938,18.526031494140625,51.166343688964844,-1,-1,-1,-1
27,4,491.58941650390625,64.41022109985352,18.432952880859375,50.62105178833008,-1,-1,-1,-1
28,4,491.4596252441406,64.2564582824707,18.759765625,50.238216400146484,-1,-1,-1,-1
29,4,491.7815246582031,63.74317932128906,18.94000244140625,48.68903350830078,-1,-1,-1,-1
30,4,491.7643127441406,63.418270111083984,19.077117919921875,48.74677658081055,-1,-1,-1,-1
31,4,491.6125183105469,62.90282440185547,20.178985595703125,50.758750915527344,-1,-1,-1,-1
32,4,491.4037780761719,62.63687515258789,20.323699951171875,51.88649368286133,-1,-1,-1,-1
33,4,491.5118713378906,63.05038070678711,19.8802490234375,51.10093307495117,-1,-1,-1,-1
34,4,491.4704284667969,63.198970794677734,19.9620361328125,51.58444595336914,-1,-1,-1,-1
35,4,491.3673095703125,63.17509460449219,19.940948486328125,51.554908752441406,-1,-1,-1,-1
36,4,491.9132080078125,63.19890594482422,19.283905029296875,49.58343505859375,-1,-1,-1,-1
37,4,492.4013366699219,62.901084899902344,19.24749755859375,49.49211883544922,-1,-1,-1,-1
38,4,492.5830383300781,62.49504852294922,19.1566162109375,48.800987243652344,-1,-1,-1,-1
39,4,492.7957763671875,61.939273834228516,19.92205810546875,48.62385177612305,-1,-1,-1,-1
40,4,492.8368225097656,61.63431930541992,20.2828369140625,48.5676155090332,-1,-1,-1,-1
41,4,492.8548278808594,61.25950241088867,20.596954345703125,49.114383697509766,-1,-1,-1,-1
42,4,492.79888916015625,61.25739288330078,20.793701171875,48.80016326904297,-1,-1,-1,-1
43,4,492.6849365234375,61.43629837036133,20.672271728515625,48.80076217651367,-1,-1,-1,-1
44,4,492.6827087402344,61.30717468261719,20.56964111328125,48.69636535644531,-1,-1,-1,-1
45,4,492.6692199707031,61.53042221069336,20.50506591796875,47.51774215698242,-1,-1,-1,-1
46,4,492.7685241699219,61.680477142333984,20.92840576171875,47.279048919677734,-1,-1,-1,-1
47,4,493.05303955078125,61.23274230957031,21.20330810546875,46.957298278808594,-1,-1,-1,-1
48,4,493.2220764160156,61.046722412109375,21.140289306640625,46.83064270019531,-1,-1,-1,-1
49,4,493.2311706542969,60.53290557861328,20.078277587890625,46.299041748046875,-1,-1,-1,-1
50,4,493.2289733886719,60.66081619262695,19.6181640625,46.95541000366211,-1,-1,-1,-1
51,4,492.5295104980469,60.724090576171875,19.87078857421875,47.998779296875,-1,-1,-1,-1
52,4,492.1171875,61.173648834228516,20.161407470703125,47.0876350402832,-1,-1,-1,-1
53,4,491.0094909667969,61.87376022338867,20.093048095703125,45.12704849243164,-1,-1,-1,-1
54,4,490.7252502441406,61.81657791137695,20.278961181640625,45.18547439575195,-1,-1,-1,-1
55,4,491.6032409667969,62.9519157409668,18.273529052734375,43.2850227355957,-1,-1,-1,-1
56,4,491.0566101074219,63.10822296142578,17.812225341796875,43.47889709472656,-1,-1,-1,-1
57,4,490.6651306152344,63.924198150634766,16.97308349609375,42.279788970947266,-1,-1,-1,-1
58,4,490.9884948730469,64.26913833618164,16.189544677734375,41.54124069213867,-1,-1,-1,-1
59,4,490.2903747558594,63.87404251098633,16.456298828125,42.97438430786133,-1,-1,-1,-1
60,4,490.0932922363281,63.85721969604492,16.217529296875,42.74619674682617,-1,-1,-1,-1
129,5,617.4844360351562,95.1713638305664,19.04217529296875,51.36479949951172,-1,-1,-1,-1
143,6,613.7947998046875,102.24342346191406,19.42608642578125,48.35777282714844,-1,-1,-1,-1
145,6,612.4956665039062,98.65896606445312,20.44598388671875,52.37666320800781,-1,-1,-1,-1
146,6,610.9762573242188,94.16499328613281,22.03607177734375,57.402252197265625,-1,-1,-1,-1
147,6,609.1844482421875,94.01274108886719,22.787353515625,58.057037353515625,-1,-1,-1,-1
148,6,608.8515625,94.99860382080078,22.84796142578125,57.125267028808594,-1,-1,-1,-1
149,6,608.6873168945312,95.3930892944336,23.13360595703125,56.75701141357422,-1,-1,-1,-1
150,6,607.8812866210938,92.77435302734375,24.384033203125,59.64961242675781,-1,-1,-1,-1
151,6,606.9932250976562,88.37942504882812,24.24615478515625,64.23773193359375,-1,-1,-1,-1
161,6,605.1221313476562,87.47016906738281,24.4359130859375,71.14529418945312,-1,-1,-1,-1
162,6,605.3602905273438,86.30921936035156,24.25482177734375,71.45004272460938,-1,-1,-1,-1
163,6,604.662841796875,83.96346282958984,24.76593017578125,74.21598052978516,-1,-1,-1,-1
164,6,604.92529296875,87.46502685546875,23.76702880859375,70.65138244628906,-1,-1,-1,-1
165,6,604.513916015625,86.95404052734375,23.72503662109375,71.26252746582031,-1,-1,-1,-1
166,6,604.6881713867188,90.27033996582031,22.97930908203125,68.39569091796875,-1,-1,-1,-1
167,6,604.4274291992188,90.04774475097656,22.98736572265625,68.02513122558594,-1,-1,-1,-1
169,6,603.69970703125,92.51329040527344,22.52862548828125,67.20903015136719,-1,-1,-1,-1
170,6,604.5064086914062,95.67256164550781,20.92041015625,63.24607849121094,-1,-1,-1,-1
171,6,604.8451538085938,99.74078369140625,19.8150634765625,60.456512451171875,-1,-1,-1,-1
172,6,604.81982421875,100.2610092163086,19.820556640625,59.99622344970703,-1,-1,-1,-1
173,6,604.9298095703125,102.69622039794922,19.3009033203125,57.87464141845703,-1,-1,-1,-1
174,6,605.3021240234375,105.91793823242188,18.63739013671875,54.84483337402344,-1,-1,-1,-1
175,6,604.8865356445312,107.3954086303711,18.6546630859375,53.478919982910156,-1,-1,-1,-1
176,6,604.6758422851562,107.3866195678711,19.00323486328125,53.55146026611328,-1,-1,-1,-1
177,6,604.5429077148438,107.00127410888672,19.13079833984375,54.31334686279297,-1,-1,-1,-1
178,6,604.4447021484375,107.17635345458984,19.192138671875,54.29869842529297,-1,-1,-1,-1
179,6,603.4241943359375,106.68777465820312,20.13055419921875,55.69329833984375,-1,-1,-1,-1
180,6,603.2965698242188,107.78044891357422,19.79547119140625,54.83576202392578,-1,-1,-1,-1
181,6,602.3585815429688,104.95633697509766,20.29180908203125,58.25060272216797,-1,-1,-1,-1
182,6,601.7643432617188,106.00965118408203,20.72723388671875,57.307350158691406,-1,-1,-1,-1
183,6,601.1370239257812,106.9159164428711,20.989013671875,56.86182403564453,-1,-1,-1,-1
184,6,601.0452880859375,107.75850677490234,20.618408203125,56.08629608154297,-1,-1,-1,-1
185,6,600.5355224609375,108.81671905517578,20.96990966796875,55.700645446777344,-1,-1,-1,-1
186,6,600.5669555664062,109.27949523925781,20.6026611328125,55.28236389160156,-1,-1,-1,-1
187,6,600.1006469726562,108.84515380859375,20.8919677734375,56.03009033203125,-1,-1,-1,-1
188,6,599.7826538085938,108.31803131103516,21.0965576171875,57.056663513183594,-1,-1,-1,-1
189,6,599.376953125,108.17512512207031,21.24920654296875,57.79612731933594,-1,-1,-1,-1
190,6,598.908935546875,108.23564147949219,21.41583251953125,58.201904296875,-1,-1,-1,-1
191,6,598.6451416015625,108.66585540771484,21.5057373046875,58.15973663330078,-1,-1,-1,-1
192,6,598.5729370117188,109.35974884033203,21.462158203125,57.90612030029297,-1,-1,-1,-1
193,6,598.4373168945312,112.51577758789062,21.01153564453125,55.128021240234375,-1,-1,-1,-1
194,6,598.195556640625,114.01409912109375,21.001220703125,53.7177734375,-1,-1,-1,-1
195,6,598.0169677734375,114.03472900390625,21.19293212890625,53.695556640625,-1,-1,-1,-1
196,6,597.9476318359375,113.93122100830078,21.286865234375,53.724327087402344,-1,-1,-1,-1
197,6,597.1719970703125,113.74808502197266,22.279296875,54.32825469970703,-1,-1,-1,-1
198,6,596.890380859375,113.86174011230469,22.34619140625,54.45057678222656,-1,-1,-1,-1
199,6,596.4185791015625,113.84819793701172,22.6190185546875,55.63945770263672,-1,-1,-1,-1
200,6,596.0864868164062,114.7615737915039,22.91143798828125,55.12456512451172,-1,-1,-1,-1
