1,1,132.6359405517578,321.56622314453125,40.016143798828125,88.00967407226562,-1,-1,-1,-1
2,1,132.20468139648438,321.66278076171875,39.55155944824219,88.32681274414062,-1,-1,-1,-1
3,1,130.78939819335938,322.130859375,38.650054931640625,88.27877807617188,-1,-1,-1,-1
4,1,129.98336791992188,322.48297119140625,36.994842529296875,88.38986206054688,-1,-1,-1,-1
5,1,127.7297134399414,322.6926574707031,35.154258728027344,89.392333984375,-1,-1,-1,-1
6,1,127.2387924194336,322.91326904296875,35.55541229248047,89.82138061523438,-1,-1,-1,-1
7,1,125.84375,323.55914306640625,37.22602844238281,91.99392700195312,-1,-1,-1,-1
8,1,124.98443603515625,324.26171875,37.79412841796875,92.42129516601562,-1,-1,-1,-1
9,1,122.9590072631836,325.1138916015625,41.132408142089844,93.41567993164062,-1,-1,-1,-1
10,1,122.18437957763672,325.93707275390625,41.747962951660156,93.36111450195312,-1,-1,-1,-1
11,1,120.28636169433594,326.42144775390625,43.00543212890625,93.77069091796875,-1,-1,-1,-1
12,1,120.27107238769531,326.82147216796875,42.85881042480469,93.61447143554688,-1,-1,-1,-1
13,1,118.16651916503906,327.8316955566406,43.266204833984375,93.0595703125,-1,-1,-1,-1
14,1,117.02092742919922,328.0718994140625,41.519569396972656,92.975341796875,-1,-1,-1,-1
15,1,115.5501708984375,329.138916015625,37.17991638183594,91.94351196289062,-1,-1,-1,-1
16,1,114.46366882324219,329.3223571777344,36.67915344238281,92.54345703125,-1,-1,-1,-1
17,1,111.99580383300781,329.7179870605469,37.6722412109375,93.47918701171875,-1,-1,-1,-1
18,1,111.41667938232422,330.5767517089844,37.157447814941406,93.18612670898438,-1,-1,-1,-1
19,1,110.91899871826172,331.1994934082031,36.13457489013672,93.86941528320312,-1,-1,-1,-1
20,1,110.60034942626953,332.5116271972656,35.213462829589844,92.83282470703125,-1,-1,-1,-1
21,1,107.560546875,333.5912170410156,36.27317810058594,91.96627807617188,-1,-1,-1,-1
22,1,106.04690551757812,333.74951171875,36.88835144042969,92.60263061523438,-1,-1,-1,-1
23,1,101.79524230957031,334.57965087890625,38.08061218261719,93.2855224609375,-1,-1,-1,-1
24,1,101.70804595947266,334.793701171875,37.628746032714844,92.916015625,-1,-1,-1,-1
25,1,101.13225555419922,334.74755859375,38.99486541748047,93.947998046875,-1,-1,-1,-1
26,1,101.23778533935547,335.10711669921875,39.668495178222656,95.35220336914062,-1,-1,-1,-1
27,1,99.25157928466797,335.85260009765625,42.817832946777344,97.703125,-1,-1,-1,-1
28,1,97.37091827392578,336.0836181640625,45.09032440185547,98.20217895507812,-1,-1,-1,-1
29,1,95.93717956542969,337.2372131347656,45.5391845703125,98.32479858398438,-1,-1,-1,-1
30,1,93.59398651123047,338.4754333496094,48.034828186035156,97.9791259765625,-1,-1,-1,-1
31,1,93.21024322509766,341.18212890625,45.82923126220703,96.42031860351562,-1,-1,-1,-1
32,1,93.23625946044922,342.045166015625,44.622901916503906,95.33059692382812,-1,-1,-1,-1
33,1,90.6220703125,343.2470703125,42.05543518066406,93.70892333984375,-1,-1,-1,-1
34,1,91.4268569946289,343.85882568359375,39.034141540527344,92.70706176757812,-1,-1,-1,-1
35,1,90.95135498046875,344.39361572265625,36.612342834472656,92.46896362304688,-1,-1,-1,-1
36,1,89.94805145263672,344.3419189453125,36.25071716308594,93.21640014648438,-1,-1,-1,-1
37,1,86.93858337402344,344.87432861328125,36.58525085449219,93.59451293945312,-1,-1,-1,-1
38,1,86.29029083251953,345.8230895996094,36.492401123046875,93.12454223632812,-1,-1,-1,-1
39,1,82.23107147216797,347.5765075683594,38.855224609375,93.70529174804688,-1,-1,-1,-1
40,1,80.13287353515625,348.33538818359375,39.92198181152344,94.06509399414062,-1,-1,-1,-1
41,1,76.0860595703125,348.7196044921875,42.17088317871094,95.39657592773438,-1,-1,-1,-1
42,1,74.88623809814453,349.00543212890625,42.04194641113281,94.90585327148438,-1,-1,-1,-1
43,1,72.37159729003906,350.069580078125,41.162330627441406,93.88931274414062,-1,-1,-1,-1
44,1,72.53697967529297,350.66668701171875,40.266845703125,93.190673828125,-1,-1,-1,-1
45,1,72.19190979003906,350.8302917480469,39.50897979736328,93.67547607421875,-1,-1,-1,-1
46,1,71.63362884521484,351.0063781738281,39.157012939453125,94.2413330078125,-1,-1,-1,-1
47,1,70.84114074707031,351.2159118652344,37.63494873046875,97.09039306640625,-1,-1,-1,-1
48,1,69.02963256835938,351.53662109375,37.372108459472656,98.30203247070312,-1,-1,-1,-1
49,1,67.31539916992188,353.16845703125,37.22721862792969,98.25961303710938,-1,-1,-1,-1
50,1,67.35244750976562,355.0749816894531,35.588165283203125,96.82290649414062,-1,-1,-1,-1
51,1,64.66043472290039,356.6671142578125,35.347293853759766,95.85092163085938,-1,-1,-1,-1
52,1,64.19160461425781,357.0797119140625,34.54591369628906,95.6346435546875,-1,-1,-1,-1
53,1,62.92363357543945,358.0220642089844,33.11802291870117,95.90774536132812,-1,-1,-1,-1
54,1,62.00301742553711,357.78338623046875,33.3722038269043,96.67849731445312,-1,-1,-1,-1
55,1,60.088993072509766,358.87451171875,32.908634185791016,95.72802734375,-1,-1,-1,-1
56,1,57.769752502441406,360.0088195800781,33.05255126953125,95.2769775390625,-1,-1,-1,-1
57,1,50.88713455200195,360.66607666015625,37.53022384643555,96.53863525390625,-1,-1,-1,-1
58,1,50.36720657348633,361.0721130371094,37.47999954223633,96.39202880859375,-1,-1,-1,-1
59,1,48.335540771484375,361.80841064453125,37.73595428466797,96.50277709960938,-1,-1,-1,-1
60,1,46.86266326904297,361.55621337890625,38.26496124267578,97.40328979492188,-1,-1,-1,-1
61,1,42.46358108520508,362.57586669921875,39.38205337524414,98.69027709960938,-1,-1,-1,-1
62,1,41.41830062866211,362.2107849121094,39.9103889465332,99.57891845703125,-1,-1,-1,-1
63,1,39.97492599487305,362.75177001953125,37.28414535522461,99.92837524414062,-1,-1,-1,-1
64,1,39.445980072021484,363.06109619140625,36.288944244384766,99.71771240234375,-1,-1,-1,-1
65,1,37.35325622558594,364.03546142578125,35.967254638671875,99.69818115234375,-1,-1,-1,-1
66,1,36.715030670166016,364.703369140625,35.98423385620117,99.91635131835938,-1,-1,-1,-1
67,1,34.35877227783203,364.96417236328125,37.51030731201172,101.51385498046875,-1,-1,-1,-1
68,1,33.51762771606445,366.1194152832031,36.385311126708984,100.5400390625,-1,-1,-1,-1
69,1,30.93500328063965,368.44366455078125,34.92114067077637,99.33810424804688,-1,-1,-1,-1
70,1,29.813940048217773,368.3430480957031,35.525224685668945,100.47528076171875,-1,-1,-1,-1
71,1,27.012060165405273,369.4408874511719,36.23526191711426,100.69638061523438,-1,-1,-1,-1
72,1,26.0481014251709,370.7100524902344,36.7027645111084,99.8739013671875,-1,-1,-1,-1
73,1,23.820466995239258,370.68035888671875,37.603288650512695,100.9781494140625,-1,-1,-1,-1
74,1,23.1568660736084,371.3772277832031,36.66458702087402,99.99539184570312,-1,-1,-1,-1
75,1,17.28597640991211,372.410400390625,37.77796936035156,100.982421875,-1,-1,-1,-1
76,1,16.101365089416504,373.2117919921875,38.311434745788574,100.43600463867188,-1,-1,-1,-1
77,1,12.059967041015625,375.45513916015625,39.94279861450195,98.669921875,-1,-1,-1,-1
78,1,10.846259117126465,375.38092041015625,40.48515796661377,98.94891357421875,-1,-1,-1,-1
79,1,7.853713512420654,377.19866943359375,41.372848987579346,98.23345947265625,-1,-1,-1,-1
80,1,8.032602787017822,378.36822509765625,40.398744106292725,96.89804077148438,-1,-1,-1,-1
81,1,6.1448540687561035,378.78631591796875,39.83577108383179,96.83001708984375,-1,-1,-1,-1
82,1,4.351689577102661,379.49017333984375,38.470885038375854,96.48342895507812,-1,-1,-1,-1
83,1,1.0,380.078369140625,34.95936584472656,99.970703125,-1,-1,-1,-1
84,1,1.0,380.64398193359375,32.88205909729004,98.10345458984375,-1,-1,-1,-1
85,1,1.0,380.3033447265625,29.48079490661621,101.6966552734375,-1,-1,-1,-1
86,1,1.0,380.8050537109375,28.825265884399414,101.1949462890625,-1,-1,-1,-1
87,1,1.0,384.2763671875,27.282697677612305,95.84475708007812,-1,-1,-1,-1
88,1,1.0,383.4610900878906,27.0031681060791,98.53890991210938,-1,-1,-1,-1
89,1,1.0,388.6044921875,24.52959442138672,93.3955078125,-1,-1,-1,-1
1,2,301.0975341796875,258.3659973144531,31.208221435546875,82.72958374023438,-1,-1,-1,-1
2,2,301.2857971191406,258.15667724609375,30.967529296875,83.08355712890625,-1,-1,-1,-1
3,2,301.95526123046875,258.0271911621094,29.705902099609375,82.52304077148438,-1,-1,-1,-1
4,2,302.5479431152344,257.91265869140625,28.862030029296875,81.89779663085938,-1,-1,-1,-1
5,2,303.0520324707031,257.806884765625,28.49468994140625,81.42587280273438,-1,-1,-1,-1
6,2,303.5709533691406,258.0843505859375,28.044769287109375,80.692138671875,-1,-1,-1,-1
7,2,304.3185729980469,257.7457275390625,27.70989990234375,80.11453247070312,-1,-1,-1,-1
8,2,305.0816650390625,257.0788269042969,27.5091552734375,80.24951171875,-1,-1,-1,-1
9,2,306.0326232910156,255.4922637939453,28.002288818359375,81.12998962402344,-1,-1,-1,-1
10,2,306.9341735839844,254.53138732910156,28.086639404296875,81.38438415527344,-1,-1,-1,-1
11,2,308.720947265625,252.51512145996094,30.928436279296875,82.26069641113281,-1,-1,-1,-1
12,2,309.31573486328125,252.3916778564453,30.911376953125,81.42607116699219,-1,-1,-1,-1
13,2,310.230224609375,251.70797729492188,31.718505859375,81.32540893554688,-1,-1,-1,-1
14,2,311.0701599121094,251.3409423828125,31.6082763671875,81.415771484375,-1,-1,-1,-1
15,2,312.41229248046875,251.5462646484375,33.221649169921875,81.79129028320312,-1,-1,-1,-1
16,2,313.01177978515625,251.2184600830078,33.54815673828125,81.74040222167969,-1,-1,-1,-1
17,2,313.5640563964844,250.5581512451172,33.526031494140625,81.33372497558594,-1,-1,-1,-1
18,2,313.92138671875,249.7621612548828,33.75823974609375,81.43949890136719,-1,-1,-1,-1
19,2,314.3468017578125,248.42691040039062,33.484375,81.87643432617188,-1,-1,-1,-1
20,2,314.75543212890625,247.8340301513672,32.9442138671875,80.56901550292969,-1,-1,-1,-1
21,2,314.80322265625,246.3587188720703,31.117279052734375,80.02818298339844,-1,-1,-1,-1
22,2,315.1701354980469,245.9198455810547,29.8724365234375,80.08418273925781,-1,-1,-1,-1
23,2,315.4759216308594,245.64334106445312,29.084075927734375,79.60324096679688,-1,-1,-1,-1
24,2,316.0831298828125,245.5077362060547,28.226470947265625,78.94538879394531,-1,-1,-1,-1
25,2,316.51422119140625,245.47503662109375,28.032958984375,78.54556274414062,-1,-1,-1,-1
26,2,317.2166442871094,245.50259399414062,27.87225341796875,78.22390747070312,-1,-1,-1,-1
27,2,319.1163635253906,244.80093383789062,27.5755615234375,77.80419921875,-1,-1,-1,-1
28,2,319.927490234375,243.79632568359375,27.576934814453125,78.15695190429688,-1,-1,-1,-1
29,2,322.517822265625,242.4649200439453,28.25927734375,78.93208312988281,-1,-1,-1,-1
30,2,322.77838134765625,242.40298461914062,28.420654296875,78.35467529296875,-1,-1,-1,-1
31,2,324.75469970703125,240.81427001953125,28.944305419921875,78.96206665039062,-1,-1,-1,-1
32,2,325.5111389160156,240.08103942871094,29.930877685546875,79.31770324707031,-1,-1,-1,-1
33,2,326.86944580078125,238.9986114501953,32.40557861328125,80.21708679199219,-1,-1,-1,-1
34,2,327.6962890625,238.8722381591797,32.043701171875,80.35688781738281,-1,-1,-1,-1
35,2,328.8883361816406,238.6786651611328,32.098175048828125,79.96360778808594,-1,-1,-1,-1
36,2,329.8053283691406,238.629638671875,32.27447509765625,79.5096435546875,-1,-1,-1,-1
37,2,330.8450012207031,238.40817260742188,32.690582275390625,78.78985595703125,-1,-1,-1,-1
38,2,331.6092834472656,238.07933044433594,32.500213623046875,78.75019836425781,-1,-1,-1,-1
39,2,332.9718322753906,237.20286560058594,32.04876708984375,78.76179504394531,-1,-1,-1,-1
40,2,333.90673828125,236.92189025878906,31.321746826171875,77.34178161621094,-1,-1,-1,-1
41,2,334.909423828125,235.7621307373047,29.97900390625,76.93214416503906,-1,-1,-1,-1
42,2,335.7200012207031,234.8302001953125,29.077301025390625,77.54904174804688,-1,-1,-1,-1
43,2,336.5983581542969,234.23239135742188,28.1461181640625,77.63934326171875,-1,-1,-1,-1
44,2,337.4077453613281,234.1541748046875,27.477996826171875,77.00357055664062,-1,-1,-1,-1
45,2,338.35711669921875,234.42921447753906,27.89532470703125,76.58961486816406,-1,-1,-1,-1
46,2,339.2977294921875,234.67349243164062,27.660308837890625,75.967529296875,-1,-1,-1,-1
47,2,341.0309753417969,233.2329559326172,27.76202392578125,76.34516906738281,-1,-1,-1,-1
48,2,341.63568115234375,232.8867645263672,27.725799560546875,76.06120300292969,-1,-1,-1,-1
49,2,343.04083251953125,231.2318572998047,27.777587890625,76.13304138183594,-1,-1,-1,-1
50,2,344.8819274902344,229.42678833007812,27.531341552734375,76.91757202148438,-1,-1,-1,-1
51,2,348.2764587402344,227.93502807617188,28.533050537109375,77.62954711914062,-1,-1,-1,-1
52,2,348.81732177734375,227.48521423339844,28.78961181640625,77.40919494628906,-1,-1,-1,-1
53,2,350.1412048339844,226.60365295410156,30.527374267578125,77.81040954589844,-1,-1,-1,-1
54,2,351.0397033691406,226.54393005371094,30.145538330078125,77.73426818847656,-1,-1,-1,-1
55,2,352.4939880371094,227.21034240722656,31.8583984375,76.53587341308594,-1,-1,-1,-1
56,2,353.3995361328125,227.31944274902344,31.585113525390625,75.49867248535156,-1,-1,-1,-1
57,2,354.431396484375,226.6866912841797,31.507049560546875,75.64976501464844,-1,-1,-1,-1
58,2,355.51324462890625,226.09271240234375,31.12774658203125,75.83248901367188,-1,-1,-1,-1
59,2,356.9307861328125,224.95333862304688,30.55645751953125,76.10690307617188,-1,-1,-1,-1
60,2,357.72808837890625,224.42042541503906,30.248687744140625,76.51145935058594,-1,-1,-1,-1
61,2,358.2673034667969,223.38685607910156,29.6988525390625,76.49855041503906,-1,-1,-1,-1
62,2,358.74273681640625,222.81033325195312,29.25140380859375,76.69476318359375,-1,-1,-1,-1
63,2,359.4993896484375,222.14382934570312,29.05426025390625,77.09207153320312,-1,-1,-1,-1
64,2,360.279541015625,221.94308471679688,28.63720703125,76.89083862304688,-1,-1,-1,-1
65,2,361.37591552734375,222.1689453125,28.32879638671875,76.30355834960938,-1,-1,-1,-1
66,2,362.0601501464844,222.44593811035156,27.798736572265625,75.91209411621094,-1,-1,-1,-1
67,2,364.1506042480469,222.33380126953125,26.152252197265625,75.20419311523438,-1,-1,-1,-1
68,2,365.309814453125,221.53334045410156,25.86065673828125,75.39524841308594,-1,-1,-1,-1
69,2,367.8400573730469,219.3505859375,26.34912109375,76.32659912109375,-1,-1,-1,-1
70,2,368.2746887207031,218.97889709472656,26.564605712890625,76.10829162597656,-1,-1,-1,-1
71,2,370.26202392578125,217.5351104736328,28.48626708984375,76.84513854980469,-1,-1,-1,-1
72,2,370.7460632324219,217.21014404296875,28.35626220703125,76.82180786132812,-1,-1,-1,-1
73,2,372.0970458984375,216.68447875976562,29.560577392578125,76.572021484375,-1,-1,-1,-1
74,2,372.684326171875,216.3514862060547,30.600341796875,77.15202331542969,-1,-1,-1,-1
75,2,373.3877258300781,216.43202209472656,30.634307861328125,76.58638000488281,-1,-1,-1,-1
76,2,374.0775451660156,216.5427703857422,30.632843017578125,76.22245788574219,-1,-1,-1,-1
77,2,375.2148132324219,216.3376007080078,29.39599609375,76.00334167480469,-1,-1,-1,-1
78,2,375.506591796875,215.56723022460938,29.13861083984375,76.57257080078125,-1,-1,-1,-1
79,2,375.75250244140625,214.13235473632812,29.0279541015625,76.77792358398438,-1,-1,-1,-1
80,2,376.19744873046875,213.49180603027344,28.626739501953125,75.31489562988281,-1,-1,-1,-1
81,2,376.8828430175781,211.87889099121094,27.88751220703125,76.34477233886719,-1,-1,-1,-1
82,2,377.4415588378906,210.74571228027344,27.1793212890625,77.26179504394531,-1,-1,-1,-1
83,2,377.930419921875,210.37655639648438,26.508270263671875,77.11093139648438,-1,-1,-1,-1
84,2,378.3328552246094,210.05552673339844,26.24517822265625,77.15147399902344,-1,-1,-1,-1
85,2,378.7015075683594,210.12588500976562,26.264984130859375,76.82748413085938,-1,-1,-1,-1
86,2,378.9768981933594,210.19593811035156,26.302337646484375,76.46046447753906,-1,-1,-1,-1
87,2,379.4840087890625,210.06959533691406,26.295074462890625,76.14845275878906,-1,-1,-1,-1
88,2,380.2424621582031,209.8422393798828,26.119354248046875,75.62403869628906,-1,-1,-1,-1
89,2,381.24261474609375,209.18630981445312,26.573333740234375,74.83749389648438,-1,-1,-1,-1
90,2,381.8309631347656,208.38063049316406,26.4361572265625,74.75712585449219,-1,-1,-1,-1
91,2,382.89373779296875,207.01467895507812,26.77972412109375,75.13095092773438,-1,-1,-1,-1
92,2,383.3555908203125,206.06927490234375,27.28192138671875,75.5927734375,-1,-1,-1,-1
93,2,383.8929138183594,205.29510498046875,27.843719482421875,75.87615966796875,-1,-1,-1,-1
94,2,384.262451171875,205.27792358398438,28.517608642578125,75.6693115234375,-1,-1,-1,-1
95,2,384.66412353515625,205.44190979003906,28.335235595703125,75.44673156738281,-1,-1,-1,-1
96,2,385.1873779296875,205.69677734375,27.638916015625,74.7872314453125,-1,-1,-1,-1
97,2,385.6190185546875,205.63677978515625,27.07489013671875,74.34121704101562,-1,-1,-1,-1
98,2,385.8212890625,205.2675018310547,26.904815673828125,74.44163513183594,-1,-1,-1,-1
99,2,385.9607238769531,204.4772491455078,26.67718505859375,74.60316467285156,-1,-1,-1,-1
100,2,386.0978698730469,203.80099487304688,26.580657958984375,74.53460693359375,-1,-1,-1,-1
101,2,386.497314453125,202.35862731933594,26.264892578125,73.43321228027344,-1,-1,-1,-1
102,2,386.7862243652344,201.60569763183594,26.222991943359375,73.45542907714844,-1,-1,-1,-1
103,2,387.2356872558594,200.7555389404297,26.2733154296875,73.64787292480469,-1,-1,-1,-1
104,2,387.4138488769531,200.4807586669922,26.3125,73.36274719238281,-1,-1,-1,-1
105,2,387.5588073730469,200.6001739501953,26.315643310546875,72.70182800292969,-1,-1,-1,-1
106,2,387.746826171875,200.89222717285156,26.15435791015625,72.13752746582031,-1,-1,-1,-1
107,2,388.023193359375,201.11546325683594,25.973175048828125,71.58064270019531,-1,-1,-1,-1
108,2,388.2565002441406,200.84649658203125,25.861419677734375,71.50820922851562,-1,-1,-1,-1
109,2,388.6221618652344,200.1890411376953,25.98974609375,71.26365661621094,-1,-1,-1,-1
110,2,388.99859619140625,199.64344787597656,26.07659912109375,71.27958679199219,-1,-1,-1,-1
111,2,389.6778564453125,198.74514770507812,25.923004150390625,71.2042236328125,-1,-1,-1,-1
112,2,390.0744934082031,197.5686798095703,25.91802978515625,71.88841247558594,-1,-1,-1,-1
113,2,390.2713928222656,196.41140747070312,26.2030029296875,72.89999389648438,-1,-1,-1,-1
114,2,390.62713623046875,196.00616455078125,26.0477294921875,72.82113647460938,-1,-1,-1,-1
115,2,390.802734375,195.63914489746094,26.310882568359375,72.65037536621094,-1,-1,-1,-1
116,2,391.073486328125,195.68263244628906,26.337310791015625,72.34669494628906,-1,-1,-1,-1
117,2,391.58551025390625,195.7356414794922,25.936187744140625,71.71965026855469,-1,-1,-1,-1
118,2,391.8556823730469,195.41612243652344,25.705963134765625,71.72023010253906,-1,-1,-1,-1
119,2,391.8865661621094,194.4556427001953,25.828155517578125,72.44966125488281,-1,-1,-1,-1
120,2,391.8570861816406,193.58436584472656,25.8505859375,72.68534851074219,-1,-1,-1,-1
121,2,391.9281311035156,191.59547424316406,26.067291259765625,73.02720642089844,-1,-1,-1,-1
122,2,392.056640625,190.9490203857422,26.18353271484375,73.27491760253906,-1,-1,-1,-1
123,2,392.3036193847656,190.31631469726562,26.33514404296875,73.26779174804688,-1,-1,-1,-1
124,2,392.3386535644531,190.08697509765625,26.600067138671875,73.11114501953125,-1,-1,-1,-1
125,2,392.25634765625,190.26895141601562,27.045654296875,72.25613403320312,-1,-1,-1,-1
126,2,392.40045166015625,190.6444854736328,27.197479248046875,71.45872497558594,-1,-1,-1,-1
127,2,393.16259765625,190.77407836914062,26.883270263671875,70.78326416015625,-1,-1,-1,-1
128,2,394.30206298828125,190.82589721679688,26.409637451171875,69.76010131835938,-1,-1,-1,-1
129,2,396.0643005371094,190.19728088378906,26.251800537109375,69.42292785644531,-1,-1,-1,-1
130,2,396.8138122558594,189.5726318359375,26.187744140625,69.77816772460938,-1,-1,-1,-1
131,2,397.9857482910156,187.91729736328125,25.96246337890625,70.08419799804688,-1,-1,-1,-1
132,2,398.6398010253906,186.28256225585938,26.130706787109375,71.33085632324219,-1,-1,-1,-1
133,2,399.59466552734375,185.4396209716797,26.00274658203125,71.28524780273438,-1,-1,-1,-1
134,2,399.99273681640625,185.13735961914062,26.089324951171875,70.69642639160156,-1,-1,-1,-1
135,2,400.54449462890625,184.9208984375,26.173126220703125,70.79940795898438,-1,-1,-1,-1
136,2,401.0508117675781,185.06918334960938,25.986358642578125,70.76614379882812,-1,-1,-1,-1
137,2,401.8549499511719,185.39691162109375,25.53094482421875,70.29414367675781,-1,-1,-1,-1
138,2,402.2830810546875,185.4828643798828,25.43756103515625,70.09112548828125,-1,-1,-1,-1
139,2,402.78125,185.06227111816406,25.44207763671875,70.03559875488281,-1,-1,-1,-1
140,2,403.1637268066406,184.50601196289062,25.311767578125,70.10569763183594,-1,-1,-1,-1
141,2,403.4151611328125,183.02520751953125,25.69110107421875,70.76744079589844,-1,-1,-1,-1
142,2,403.4767150878906,181.95689392089844,26.173492431640625,71.48323059082031,-1,-1,-1,-1
143,2,403.8526611328125,181.24041748046875,26.424346923828125,71.07106018066406,-1,-1,-1,-1
144,2,404.3716735839844,181.14646911621094,26.4256591796875,70.27067565917969,-1,-1,-1,-1
145,2,404.8845520019531,181.1764678955078,26.40301513671875,69.57783508300781,-1,-1,-1,-1
146,2,405.3802185058594,181.42648315429688,26.37744140625,68.91026306152344,-1,-1,-1,-1
147,2,406.02349853515625,181.44822692871094,26.427032470703125,68.46371459960938,-1,-1,-1,-1
148,2,406.7386779785156,181.58139038085938,26.18731689453125,68.12884521484375,-1,-1,-1,-1
149,2,408.1557312011719,180.96875,25.66656494140625,68.10185241699219,-1,-1,-1,-1
150,2,408.837646484375,180.49609375,25.6229248046875,68.13533020019531,-1,-1,-1,-1
151,2,409.88775634765625,179.256103515625,25.404083251953125,68.37571716308594,-1,-1,-1,-1
152,2,410.4754943847656,178.1873016357422,25.376373291015625,69.10026550292969,-1,-1,-1,-1
153,2,411.1886901855469,177.08909606933594,25.421722412109375,68.91154479980469,-1,-1,-1,-1
154,2,411.73419189453125,176.5619354248047,25.397613525390625,68.39811706542969,-1,-1,-1,-1
155,2,412.5193176269531,176.30987548828125,25.28271484375,68.64698791503906,-1,-1,-1,-1
156,2,413.1222839355469,176.36224365234375,25.2493896484375,68.38825988769531,-1,-1,-1,-1
157,2,414.0499267578125,176.5385284423828,25.160247802734375,68.237548828125,-1,-1,-1,-1
158,2,414.7464294433594,176.5648956298828,25.031341552734375,68.13482666015625,-1,-1,-1,-1
159,2,415.4448547363281,175.7965545654297,25.52630615234375,68.25845336914062,-1,-1,-1,-1
160,2,415.9361267089844,175.13504028320312,26.239776611328125,68.34571838378906,-1,-1,-1,-1
161,2,416.7982177734375,173.17648315429688,26.4300537109375,68.91340637207031,-1,-1,-1,-1
162,2,417.3684387207031,172.51498413085938,26.4227294921875,68.5257568359375,-1,-1,-1,-1
163,2,418.2378234863281,172.04722595214844,26.137451171875,68.56266784667969,-1,-1,-1,-1
164,2,418.6786804199219,171.85232543945312,25.929962158203125,68.605224609375,-1,-1,-1,-1
165,2,419.08648681640625,171.886474609375,26.224029541015625,68.09339904785156,-1,-1,-1,-1
166,2,419.3777160644531,171.85382080078125,26.75091552734375,67.95162963867188,-1,-1,-1,-1
167,2,420.4556884765625,172.22142028808594,26.60296630859375,67.25312805175781,-1,-1,-1,-1
168,2,421.21044921875,172.44253540039062,26.5611572265625,66.82209777832031,-1,-1,-1,-1
169,2,422.2493896484375,172.17779541015625,26.40301513671875,66.70088195800781,-1,-1,-1,-1
170,2,423.4174499511719,171.7825927734375,25.947540283203125,66.56874084472656,-1,-1,-1,-1
171,2,424.7361145019531,170.8189697265625,25.72259521484375,66.67060852050781,-1,-1,-1,-1
172,2,425.4555358886719,169.88800048828125,25.568939208984375,67.03115844726562,-1,-1,-1,-1
173,2,426.5635986328125,168.40013122558594,25.45074462890625,67.94288635253906,-1,-1,-1,-1
174,2,427.5937805175781,168.04330444335938,24.9727783203125,67.95552062988281,-1,-1,-1,-1
175,2,428.7071533203125,167.784912109375,24.757476806640625,67.76692199707031,-1,-1,-1,-1
176,2,429.4190368652344,167.6355438232422,24.684173583984375,67.70455932617188,-1,-1,-1,-1
177,2,430.49908447265625,167.95333862304688,24.292633056640625,67.17582702636719,-1,-1,-1,-1
178,2,431.13372802734375,167.98751831054688,24.2335205078125,67.14289855957031,-1,-1,-1,-1
179,2,431.8957214355469,167.56805419921875,24.08380126953125,67.10151672363281,-1,-1,-1,-1
180,2,432.3988952636719,167.31349182128906,24.2012939453125,67.1217041015625,-1,-1,-1,-1
181,2,434.1387023925781,165.9907989501953,23.42852783203125,67.63270568847656,-1,-1,-1,-1
182,2,434.5309143066406,165.35406494140625,23.653900146484375,67.32040405273438,-1,-1,-1,-1
183,2,435.84228515625,164.0682373046875,23.53955078125,67.28469848632812,-1,-1,-1,-1
184,2,436.2931213378906,163.3150634765625,23.907470703125,67.62841796875,-1,-1,-1,-1
185,2,436.8105773925781,163.1080322265625,24.228759765625,67.53437805175781,-1,-1,-1,-1
186,2,437.360595703125,163.18283081054688,24.250579833984375,67.3740234375,-1,-1,-1,-1
187,2,438.1078796386719,163.30174255371094,24.534912109375,67.23013305664062,-1,-1,-1,-1
188,2,439.46209716796875,163.20822143554688,24.37042236328125,66.92916870117188,-1,-1,-1,-1
189,2,440.4367370605469,163.38302612304688,24.2093505859375,66.19181823730469,-1,-1,-1,-1
190,2,441.0240783691406,163.10104370117188,24.2655029296875,66.21726989746094,-1,-1,-1,-1
191,2,442.90045166015625,162.31024169921875,23.566864013671875,65.94692993164062,-1,-1,-1,-1
192,2,443.440185546875,161.98573303222656,23.75714111328125,65.71888732910156,-1,-1,-1,-1
193,2,445.3617248535156,161.10316467285156,23.524383544921875,65.34150695800781,-1,-1,-1,-1
194,2,445.7613830566406,160.0894775390625,23.796539306640625,65.91883850097656,-1,-1,-1,-1
195,2,446.37652587890625,159.50071716308594,24.177581787109375,65.84188842773438,-1,-1,-1,-1
196,2,446.88531494140625,159.3816375732422,24.180938720703125,65.8143310546875,-1,-1,-1,-1
197,2,447.5480041503906,159.39654541015625,23.95001220703125,65.55545043945312,-1,-1,-1,-1
198,2,447.93878173828125,159.40516662597656,23.94085693359375,65.46162414550781,-1,-1,-1,-1
199,2,449.0829772949219,159.2211456298828,23.37261962890625,65.12376403808594,-1,-1,-1,-1
200,2,449.6423034667969,158.76144409179688,23.29345703125,65.43217468261719,-1,-1,-1,-1
1,3,92.6585922241211,312.1143798828125,32.38795471191406,92.29507446289062,-1,-1,-1,-1
2,3,92.37710571289062,312.87811279296875,32.132850646972656,91.26467895507812,-1,-1,-1,-1
3,3,88.70075988769531,314.61639404296875,33.009033203125,90.98397827148438,-1,-1,-1,-1
4,3,87.3227310180664,314.8096923828125,33.589080810546875,91.08010864257812,-1,-1,-1,-1
5,3,86.37543487548828,314.8059387207031,32.98552703857422,92.0706787109375,-1,-1,-1,-1
6,3,85.34317779541016,315.3515319824219,32.25408935546875,92.25384521484375,-1,-1,-1,-1
7,3,84.38975524902344,316.9538879394531,31.944992065429688,91.87026977539062,-1,-1,-1,-1
8,3,84.03295135498047,317.4224548339844,32.34815216064453,92.30203247070312,-1,-1,-1,-1
9,3,83.40817260742188,320.30633544921875,31.318443298339844,91.00146484375,-1,-1,-1,-1
10,3,82.92414855957031,320.8072509765625,32.08240509033203,90.89138793945312,-1,-1,-1,-1
11,3,81.66558074951172,321.0666198730469,33.16773223876953,91.77108764648438,-1,-1,-1,-1
12,3,80.59414672851562,321.2193298339844,33.425689697265625,92.18212890625,-1,-1,-1,-1
13,3,79.07223510742188,322.2883605957031,32.87406921386719,90.98095703125,-1,-1,-1,-1
14,3,77.99885559082031,323.0689697265625,33.011741638183594,90.57763671875,-1,-1,-1,-1
15,3,75.91777801513672,324.3178405761719,33.36222839355469,90.34286499023438,-1,-1,-1,-1
16,3,74.11247253417969,324.6292724609375,34.05955505371094,90.63787841796875,-1,-1,-1,-1
17,3,68.88584899902344,325.64617919921875,36.28327178955078,90.62985229492188,-1,-1,-1,-1
18,3,67.20423126220703,324.904296875,37.359344482421875,92.38125610351562,-1,-1,-1,-1
19,3,66.58129119873047,326.0518493652344,36.84956359863281,91.4541015625,-1,-1,-1,-1
20,3,65.81254577636719,326.5039978027344,36.860252380371094,91.3878173828125,-1,-1,-1,-1
21,3,64.98047256469727,328.5067443847656,34.408878326416016,89.94625854492188,-1,-1,-1,-1
22,3,64.35544204711914,328.6012268066406,33.81569290161133,90.40548706054688,-1,-1,-1,-1
23,3,64.2835464477539,328.5428466796875,32.553863525390625,90.89181518554688,-1,-1,-1,-1
24,3,63.49208068847656,328.0574951171875,32.473289489746094,91.81961059570312,-1,-1,-1,-1
25,3,62.89058303833008,329.166259765625,32.28754806518555,91.61904907226562,-1,-1,-1,-1
26,3,62.24938201904297,330.7056884765625,32.45899200439453,91.25863647460938,-1,-1,-1,-1
27,3,59.00304412841797,332.2171630859375,33.560340881347656,92.28964233398438,-1,-1,-1,-1
28,3,58.483116149902344,332.5684509277344,34.26305389404297,92.18807983398438,-1,-1,-1,-1
29,3,58.43699264526367,333.87542724609375,33.56760787963867,91.65728759765625,-1,-1,-1,-1
30,3,57.54495620727539,334.98681640625,33.05564498901367,91.30599975585938,-1,-1,-1,-1
31,3,56.77128219604492,336.0746765136719,33.24858474731445,91.9580078125,-1,-1,-1,-1
32,3,56.50886535644531,337.273193359375,32.782249450683594,92.1387939453125,-1,-1,-1,-1
33,3,55.769290924072266,338.2805480957031,31.98336410522461,91.1446533203125,-1,-1,-1,-1
34,3,55.31650161743164,339.310302734375,31.230022430419922,90.1361083984375,-1,-1,-1,-1
35,3,51.19160842895508,339.26837158203125,33.24880599975586,90.29922485351562,-1,-1,-1,-1
36,3,49.17450714111328,339.5631103515625,33.28575897216797,90.06521606445312,-1,-1,-1,-1
37,3,45.90496063232422,340.54229736328125,34.870025634765625,90.92706298828125,-1,-1,-1,-1
38,3,44.46455764770508,340.7360534667969,35.56034469604492,91.418212890625,-1,-1,-1,-1
39,3,39.36697769165039,342.24957275390625,37.57162094116211,92.50213623046875,-1,-1,-1,-1
40,3,38.80829620361328,343.5683288574219,37.172157287597656,91.51504516601562,-1,-1,-1,-1
41,3,37.351402282714844,343.486572265625,37.244422912597656,92.74441528320312,-1,-1,-1,-1
42,3,36.76885986328125,344.2187194824219,37.222991943359375,93.12051391601562,-1,-1,-1,-1
43,3,35.081016540527344,345.1302490234375,36.61390686035156,92.35720825195312,-1,-1,-1,-1
44,3,34.6124153137207,345.18841552734375,35.99630355834961,92.44192504882812,-1,-1,-1,-1
45,3,33.0348014831543,345.5074157714844,34.806148529052734,91.98703002929688,-1,-1,-1,-1
46,3,32.28368949890137,345.4195556640625,34.69601631164551,92.43035888671875,-1,-1,-1,-1
47,3,30.05291748046875,345.67138671875,34.67091751098633,92.92742919921875,-1,-1,-1,-1
48,3,28.290037155151367,345.21954345703125,35.129838943481445,94.4903564453125,-1,-1,-1,-1
49,3,24.423446655273438,344.4378662109375,36.84601974487305,99.10910034179688,-1,-1,-1,-1
50,3,24.53636360168457,345.050048828125,35.97478675842285,98.847412109375,-1,-1,-1,-1
51,3,22.821796417236328,346.1920471191406,36.12101364135742,98.80059814453125,-1,-1,-1,-1
52,3,21.878564834594727,347.1542053222656,36.875680923461914,98.48858642578125,-1,-1,-1,-1
53,3,16.950828552246094,349.2198791503906,39.82041549682617,98.99160766601562,-1,-1,-1,-1
54,3,17.610979080200195,350.27978515625,38.60088539123535,98.19070434570312,-1,-1,-1,-1
55,3,16.76237201690674,351.004150390625,38.595919609069824,98.46923828125,-1,-1,-1,-1
56,3,16.674073219299316,350.978759765625,38.123934745788574,98.32290649414062,-1,-1,-1,-1
57,3,15.553446769714355,350.5233154296875,38.561490058898926,99.13967895507812,-1,-1,-1,-1
58,3,13.891814231872559,350.69305419921875,39.0724458694458,98.8043212890625,-1,-1,-1,-1
59,3,11.208349227905273,352.5687255859375,38.70278739929199,97.35928344726562,-1,-1,-1,-1
60,3,7.806387424468994,352.5906677246094,40.61846685409546,98.93536376953125,-1,-1,-1,-1
61,3,2.581129550933838,354.71197509765625,43.02959203720093,98.73660278320312,-1,-1,-1,-1
62,3,1.3513679504394531,355.49420166015625,43.144649505615234,97.87124633789062,-1,-1,-1,-1
63,3,1.0,356.9217529296875,40.77647018432617,97.35324096679688,-1,-1,-1,-1
64,3,1.0,357.2475891113281,39.670101165771484,97.3968505859375,-1,-1,-1,-1
65,3,1.0,357.3804626464844,36.258583068847656,98.99993896484375,-1,-1,-1,-1
66,3,1.0,357.82318115234375,34.5093994140625,98.64663696289062,-1,-1,-1,-1
67,3,1.0,357.9053039550781,31.421430587768555,98.456787109375,-1,-1,-1,-1
68,3,1.0,357.4402160644531,29.115388870239258,99.5706787109375,-1,-1,-1,-1
69,3,1.0,357.21044921875,27.40382957458496,102.18118286132812,-1,-1,-1,-1
70,3,1.0,357.30255126953125,26.48427391052246,103.606689453125,-1,-1,-1,-1
71,3,1.0,359.6741943359375,24.87552261352539,103.61032104492188,-1,-1,-1,-1
72,3,1.0,362.0679626464844,23.77358055114746,100.99667358398438,-1,-1,-1,-1
73,3,1.0,361.9176330566406,20.758399963378906,99.03570556640625,-1,-1,-1,-1
74,3,1.0,362.1053161621094,20.348430633544922,98.60333251953125,-1,-1,-1,-1
1,4,441.4176330566406,150.22242736816406,23.24041748046875,68.60038757324219,-1,-1,-1,-1
2,4,441.5417785644531,150.53843688964844,23.29132080078125,68.73316955566406,-1,-1,-1,-1
3,4,441.8367004394531,150.96200561523438,23.44219970703125,68.23190307617188,-1,-1,-1,-1
4,4,442.19256591796875,151.38575744628906,23.452178955078125,67.41253662109375,-1,-1,-1,-1
5,4,442.84698486328125,152.0397491455078,23.488861083984375,66.2884521484375,-1,-1,-1,-1
6,4,443.1809997558594,152.24041748046875,23.658203125,65.64718627929688,-1,-1,-1,-1
7,4,443.9752502441406,152.1243896484375,23.5205078125,65.36563110351562,-1,-1,-1,-1
8,4,444.3161315917969,151.78236389160156,23.76849365234375,65.385498046875,-1,-1,-1,-1
9,4,445.02569580078125,151.568115234375,23.861968994140625,65.43968200683594,-1,-1,-1,-1
10,4,445.6797180175781,151.22508239746094,23.8568115234375,65.64805603027344,-1,-1,-1,-1
11,4,446.5408630371094,150.1319580078125,23.5360107421875,66.1236572265625,-1,-1,-1,-1
12,4,446.8279113769531,149.6916961669922,23.70361328125,66.30361938476562,-1,-1,-1,-1
13,4,447.53485107421875,148.588134765625,23.50213623046875,67.06831359863281,-1,-1,-1,-1
14,4,447.8190612792969,148.0576171875,23.531646728515625,67.53704833984375,-1,-1,-1,-1
15,4,448.1264953613281,147.03416442871094,23.7113037109375,67.74049377441406,-1,-1,-1,-1
16,4,448.4994812011719,146.3168487548828,23.505279541015625,67.84735107421875,-1,-1,-1,-1
17,4,448.89404296875,146.51138305664062,23.519866943359375,67.45413208007812,-1,-1,-1,-1
18,4,449.1270446777344,146.87603759765625,23.42608642578125,66.89558410644531,-1,-1,-1,-1
19,4,449.4709167480469,147.23374938964844,23.354736328125,66.26747131347656,-1,-1,-1,-1
20,4,449.5808410644531,147.2621307373047,23.47442626953125,66.048095703125,-1,-1,-1,-1
21,4,449.9131774902344,147.25311279296875,23.225189208984375,65.75914001464844,-1,-1,-1,-1
22,4,449.9052429199219,146.48681640625,23.55352783203125,66.33494567871094,-1,-1,-1,-1
23,4,449.8446960449219,146.14730834960938,23.903350830078125,65.554931640625,-1,-1,-1,-1
24,4,449.9316711425781,145.7206573486328,23.84857177734375,65.23568725585938,-1,-1,-1,-1
25,4,450.3193664550781,145.75242614746094,23.50360107421875,65.03388977050781,-1,-1,-1,-1
26,4,450.4446716308594,145.42543029785156,23.4539794921875,65.23878479003906,-1,-1,-1,-1
27,4,450.6287841796875,145.20260620117188,23.585540771484375,65.24354553222656,-1,-1,-1,-1
28,4,450.8587646484375,145.4235076904297,23.55670166015625,64.76432800292969,-1,-1,-1,-1
29,4,451.2652282714844,145.83895874023438,23.3125,64.23068237304688,-1,-1,-1,-1
30,4,451.615478515625,146.26954650878906,23.221832275390625,63.66862487792969,-1,-1,-1,-1
31,4,452.06707763671875,146.4752197265625,23.04766845703125,63.310089111328125,-1,-1,-1,-1
32,4,452.37158203125,146.97914123535156,22.80999755859375,62.7197265625,-1,-1,-1,-1
33,4,452.6446838378906,146.63290405273438,23.01080322265625,62.59269714355469,-1,-1,-1,-1
34,4,452.8646545410156,146.39749145507812,23.17852783203125,62.341796875,-1,-1,-1,-1
35,4,453.1523132324219,145.3125457763672,23.2967529296875,62.59437561035156,-1,-1,-1,-1
36,4,453.3877868652344,145.1783905029297,23.218170166015625,62.41485595703125,-1,-1,-1,-1
37,4,453.41363525390625,143.52780151367188,23.269500732421875,63.88189697265625,-1,-1,-1,-1
38,4,453.4730529785156,142.96441650390625,23.43487548828125,64.15199279785156,-1,-1,-1,-1
39,4,453.5658264160156,142.10678100585938,23.616973876953125,64.44850158691406,-1,-1,-1,-1
40,4,453.707275390625,141.29595947265625,23.6318359375,65.02705383300781,-1,-1,-1,-1
41,4,453.70733642578125,141.35752868652344,23.72113037109375,64.99020385742188,-1,-1,-1,-1
42,4,453.7543640136719,141.92208862304688,23.72747802734375,64.46989440917969,-1,-1,-1,-1
43,4,453.925048828125,142.36505126953125,23.6285400390625,63.56007385253906,-1,-1,-1,-1
44,4,454.1603088378906,142.49786376953125,23.57000732421875,63.078033447265625,-1,-1,-1,-1
45,4,454.6026306152344,141.51992797851562,23.565673828125,63.22846984863281,-1,-1,-1,-1
46,4,454.4307556152344,140.67962646484375,23.897186279296875,63.85044860839844,-1,-1,-1,-1
47,4,454.57720947265625,139.60409545898438,23.84136962890625,64.2442626953125,-1,-1,-1,-1
48,4,454.8382873535156,139.42481994628906,23.552581787109375,64.11155700683594,-1,-1,-1,-1
49,4,454.7771301269531,137.98486328125,24.165771484375,65.25494384765625,-1,-1,-1,-1
50,4,454.9221496582031,137.57528686523438,24.3115234375,65.228271484375,-1,-1,-1,-1
51,4,455.05950927734375,137.4230499267578,24.540191650390625,64.95838928222656,-1,-1,-1,-1
52,4,455.4707336425781,137.58856201171875,24.381317138671875,64.53462219238281,-1,-1,-1,-1
53,4,456.4156494140625,139.38894653320312,23.355804443359375,62.54901123046875,-1,-1,-1,-1
54,4,457.10772705078125,139.991455078125,22.720855712890625,61.84796142578125,-1,-1,-1,-1
55,4,457.5725402832031,140.35775756835938,22.4932861328125,61.3797607421875,-1,-1,-1,-1
56,4,457.8857421875,140.0639190673828,22.652435302734375,61.73960876464844,-1,-1,-1,-1
57,4,458.1886901855469,138.7876434326172,23.27618408203125,62.70948791503906,-1,-1,-1,-1
58,4,458.5739440917969,137.7018280029297,23.45306396484375,63.314453125,-1,-1,-1,-1
59,4,458.8221130371094,136.38943481445312,23.89007568359375,64.17237854003906,-1,-1,-1,-1
60,4,459.03973388671875,135.9717559814453,23.994903564453125,64.26165771484375,-1,-1,-1,-1
61,4,459.2937316894531,135.98609924316406,24.163818359375,63.89820861816406,-1,-1,-1,-1
62,4,459.5690612792969,135.65301513671875,24.3829345703125,63.8592529296875,-1,-1,-1,-1
63,4,459.6773376464844,135.06704711914062,24.9219970703125,63.86834716796875,-1,-1,-1,-1
64,4,459.9153747558594,135.08474731445312,24.68170166015625,63.433990478515625,-1,-1,-1,-1
65,4,460.2561340332031,135.29196166992188,24.34326171875,62.73602294921875,-1,-1,-1,-1
66,4,460.4927062988281,135.2972869873047,24.098388671875,62.56158447265625,-1,-1,-1,-1
67,4,460.5689392089844,135.5100860595703,23.98974609375,62.38739013671875,-1,-1,-1,-1
68,4,460.7164001464844,135.53819274902344,23.849945068359375,62.394866943359375,-1,-1,-1,-1
69,4,460.5924377441406,134.756103515625,23.964508056640625,62.72108459472656,-1,-1,-1,-1
70,4,460.3613586425781,134.80718994140625,23.9281005859375,62.36468505859375,-1,-1,-1,-1
71,4,460.1236877441406,134.42529296875,23.9112548828125,62.31428527832031,-1,-1,-1,-1
72,4,460.0835266113281,134.4985809326172,23.4879150390625,61.75794982910156,-1,-1,-1,-1
73,4,459.78900146484375,132.7681121826172,23.81854248046875,62.865814208984375,-1,-1,-1,-1
74,4,459.8070983886719,131.8373565673828,23.924224853515625,63.71435546875,-1,-1,-1,-1
75,4,459.8119201660156,130.94308471679688,24.059295654296875,64.36665344238281,-1,-1,-1,-1
76,4,459.8677062988281,130.2425079345703,24.07232666015625,64.90003967285156,-1,-1,-1,-1
77,4,459.8011169433594,129.92930603027344,24.1370849609375,65.04502868652344,-1,-1,-1,-1
78,4,459.8056335449219,130.07237243652344,24.037384033203125,64.714111328125,-1,-1,-1,-1
79,4,460.0129089355469,131.13363647460938,23.700164794921875,63.241058349609375,-1,-1,-1,-1
80,4,460.3154296875,132.21351623535156,23.353240966796875,61.822174072265625,-1,-1,-1,-1
81,4,460.5663757324219,132.53688049316406,23.5250244140625,61.12495422363281,-1,-1,-1,-1
82,4,460.8988952636719,132.73147583007812,23.58905029296875,60.53315734863281,-1,-1,-1,-1
83,4,461.388427734375,131.99781799316406,23.934783935546875,60.84783935546875,-1,-1,-1,-1
84,4,461.82952880859375,131.04788208007812,24.5491943359375,61.629913330078125,-1,-1,-1,-1
85,4,462.1214294433594,130.08059692382812,24.94683837890625,62.07452392578125,-1,-1,-1,-1
86,4,462.30340576171875,129.50064086914062,25.2091064453125,62.532623291015625,-1,-1,-1,-1
87,4,462.3191223144531,126.88111114501953,25.87738037109375,64.8468246459961,-1,-1,-1,-1
88,4,462.38250732421875,126.09915161132812,26.306060791015625,65.20184326171875,-1,-1,-1,-1
89,4,462.68402099609375,125.7682876586914,26.2586669921875,64.7682113647461,-1,-1,-1,-1
90,4,462.8777770996094,125.91069030761719,26.320404052734375,64.14198303222656,-1,-1,-1,-1
91,4,463.4195861816406,126.14347076416016,25.79107666015625,63.604087829589844,-1,-1,-1,-1
92,4,463.66839599609375,126.05779266357422,25.77093505859375,63.72400665283203,-1,-1,-1,-1
93,4,464.152587890625,125.80242919921875,25.197601318359375,63.82643127441406,-1,-1,-1,-1
94,4,464.46746826171875,126.29572296142578,24.80340576171875,63.08576202392578,-1,-1,-1,-1
95,4,464.7789306640625,126.6301498413086,24.293731689453125,62.645530700683594,-1,-1,-1,-1
96,4,464.7991638183594,126.49429321289062,24.50555419921875,62.589324951171875,-1,-1,-1,-1
97,4,465.3618469238281,126.86573028564453,23.99798583984375,61.193031311035156,-1,-1,-1,-1
98,4,465.5903015136719,126.70238494873047,23.842254638671875,60.55004119873047,-1,-1,-1,-1
99,4,465.6514587402344,126.00318145751953,24.10052490234375,61.21129608154297,-1,-1,-1,-1
100,4,465.8884582519531,125.60905456542969,23.80902099609375,61.59486389160156,-1,-1,-1,-1
101,4,466.2264709472656,125.83866882324219,23.52001953125,61.1917724609375,-1,-1,-1,-1
102,4,466.4715881347656,126.13864135742188,23.515228271484375,60.92097473144531,-1,-1,-1,-1
103,4,466.95648193359375,126.1222152709961,23.540283203125,60.67560577392578,-1,-1,-1,-1
104,4,467.3401184082031,126.28609466552734,23.462890625,60.253150939941406,-1,-1,-1,-1
105,4,467.9004821777344,126.56192779541016,23.267303466796875,59.71294403076172,-1,-1,-1,-1
106,4,468.2655029296875,126.16766357421875,23.37322998046875,59.84251403808594,-1,-1,-1,-1
107,4,468.7394104003906,125.88924407958984,23.467864990234375,59.84033966064453,-1,-1,-1,-1
108,4,469.3006896972656,125.86762237548828,23.529205322265625,59.536399841308594,-1,-1,-1,-1
109,4,470.0447692871094,125.07817840576172,23.397979736328125,59.819969177246094,-1,-1,-1,-1
110,4,470.36993408203125,124.59634399414062,23.55487060546875,60.10386657714844,-1,-1,-1,-1
111,4,470.8461608886719,124.01197052001953,23.393218994140625,60.395286560058594,-1,-1,-1,-1
112,4,471.18695068359375,123.42938995361328,23.229156494140625,60.800193786621094,-1,-1,-1,-1
113,4,471.414306640625,122.3517074584961,23.712677001953125,61.268043518066406,-1,-1,-1,-1
114,4,471.53741455078125,121.54385375976562,24.292205810546875,61.569549560546875,-1,-1,-1,-1
115,4,471.8509216308594,121.10807037353516,24.939300537109375,61.62085723876953,-1,-1,-1,-1
116,4,472.2395324707031,120.82990264892578,25.235321044921875,61.67790985107422,-1,-1,-1,-1
117,4,472.6563720703125,121.04744720458984,24.866119384765625,61.00354766845703,-1,-1,-1,-1
118,4,472.8274841308594,121.17054748535156,24.8448486328125,60.768890380859375,-1,-1,-1,-1
119,4,473.0965576171875,121.05045318603516,25.06884765625,60.46483612060547,-1,-1,-1,-1
120,4,473.3385314941406,121.1141128540039,24.8353271484375,60.231651306152344,-1,-1,-1,-1
121,4,473.7218933105469,120.18812561035156,25.0128173828125,60.880462646484375,-1,-1,-1,-1
122,4,474.0655822753906,119.64628601074219,25.2686767578125,61.009490966796875,-1,-1,-1,-1
123,4,474.4269714355469,119.11432647705078,24.78179931640625,60.971290588378906,-1,-1,-1,-1
124,4,474.6630554199219,116.96937561035156,24.70330810546875,63.007354736328125,-1,-1,-1,-1
125,4,475.2080383300781,116.28211212158203,24.2823486328125,63.69170379638672,-1,-1,-1,-1
126,4,475.437744140625,115.63882446289062,24.0625,64.58697509765625,-1,-1,-1,-1
127,4,475.92333984375,115.81859588623047,24.365570068359375,64.35387420654297,-1,-1,-1,-1
128,4,476.3648376464844,116.27845001220703,24.32281494140625,63.48973846435547,-1,-1,-1,-1
129,4,477.1196594238281,116.44779968261719,24.500762939453125,63.15104675292969,-1,-1,-1,-1
130,4,477.5957946777344,116.77063751220703,24.613433837890625,62.64202117919922,-1,-1,-1,-1
131,4,478.5735778808594,117.01458740234375,24.205108642578125,61.94245910644531,-1,-1,-1,-1
132,4,478.956298828125,117.14228057861328,24.258514404296875,61.823158264160156,-1,-1,-1,-1
133,4,479.61175537109375,117.48139190673828,24.12255859375,61.601966857910156,-1,-1,-1,-1
134,4,480.0858154296875,117.37397003173828,24.22076416015625,61.64551544189453,-1,-1,-1,-1
135,4,480.9700622558594,116.87406921386719,24.41180419921875,61.609619140625,-1,-1,-1,-1
136,4,481.39013671875,116.39366912841797,24.88458251953125,61.61487579345703,-1,-1,-1,-1
137,4,482.391357421875,115.90928649902344,25.388275146484375,61.70808410644531,-1,-1,-1,-1
138,4,482.5579833984375,115.23075103759766,25.900665283203125,61.870201110839844,-1,-1,-1,-1
139,4,483.68621826171875,115.362060546875,25.21392822265625,61.228851318359375,-1,-1,-1,-1
140,4,484.3578796386719,115.32106018066406,24.9761962890625,60.9749755859375,-1,-1,-1,-1
141,4,485.2593688964844,115.15204620361328,24.601348876953125,60.852561950683594,-1,-1,-1,-1
142,4,485.6597900390625,114.75457000732422,24.637664794921875,61.180824279785156,-1,-1,-1,-1
143,4,485.9387512207031,114.49099731445312,24.8349609375,61.06941223144531,-1,-1,-1,-1
144,4,486.4129333496094,114.37383270263672,24.67218017578125,61.01618194580078,-1,-1,-1,-1
145,4,486.8408203125,114.30766296386719,24.560028076171875,61.147552490234375,-1,-1,-1,-1
146,4,487.2162170410156,114.36186981201172,24.31884765625,61.189414978027344,-1,-1,-1,-1
147,4,488.0699157714844,114.50603485107422,23.774139404296875,60.90874481201172,-1,-1,-1,-1
148,4,488.401611328125,114.91693115234375,23.963623046875,59.84735107421875,-1,-1,-1,-1
149,4,489.1231994628906,114.50226593017578,23.822052001953125,59.56317901611328,-1,-1,-1,-1
150,4,489.6286315917969,114.22187805175781,23.668914794921875,59.83546447753906,-1,-1,-1,-1
151,4,490.30877685546875,114.33917999267578,23.3868408203125,59.706398010253906,-1,-1,-1,-1
152,4,490.7516784667969,114.1512222290039,23.421722412109375,59.804176330566406,-1,-1,-1,-1
153,4,491.3031921386719,114.14935302734375,23.453277587890625,59.414947509765625,-1,-1,-1,-1
154,4,491.55828857421875,114.00080108642578,23.70538330078125,59.405921936035156,-1,-1,-1,-1
155,4,492.3204345703125,113.64838409423828,24.215576171875,59.44434356689453,-1,-1,-1,-1
156,4,492.8415222167969,113.6610107421875,24.246795654296875,59.056182861328125,-1,-1,-1,-1
157,4,493.6916198730469,114.34479522705078,23.336395263671875,58.41582489013672,-1,-1,-1,-1
158,4,494.1479187011719,114.0650863647461,23.199676513671875,58.71955108642578,-1,-1,-1,-1
159,4,494.6619567871094,113.8325424194336,23.146636962890625,58.944313049316406,-1,-1,-1,-1
160,4,495.0423889160156,113.24687957763672,23.358489990234375,59.26160430908203,-1,-1,-1,-1
161,4,496.88006591796875,112.65117645263672,22.9586181640625,59.503028869628906,-1,-1,-1,-1
162,4,497.3094787597656,112.38412475585938,22.816436767578125,59.63240051269531,-1,-1,-1,-1
163,4,497.7024841308594,111.47918701171875,22.946258544921875,60.5299072265625,-1,-1,-1,-1
164,4,498.1321105957031,111.39146423339844,22.931427001953125,60.30070495605469,-1,-1,-1,-1
165,4,498.80230712890625,110.97415924072266,23.2076416015625,59.732887268066406,-1,-1,-1,-1
166,4,499.1653137207031,111.32373046875,23.344085693359375,58.42271423339844,-1,-1,-1,-1
167,4,499.42578125,111.48705291748047,23.4295654296875,57.907127380371094,-1,-1,-1,-1
168,4,499.8251647949219,111.81133270263672,23.056182861328125,57.251670837402344,-1,-1,-1,-1
169,4,500.361083984375,111.76346588134766,22.91192626953125,56.83470916748047,-1,-1,-1,-1
170,4,500.43182373046875,111.9688949584961,23.05780029296875,56.607643127441406,-1,-1,-1,-1
171,4,500.8104553222656,112.2430648803711,22.730255126953125,56.09282684326172,-1,-1,-1,-1
172,4,501.28289794921875,112.01251220703125,22.53521728515625,56.06990051269531,-1,-1,-1,-1
173,4,501.55792236328125,111.79161071777344,22.8975830078125,55.91236877441406,-1,-1,-1,-1
174,4,501.6012268066406,110.96844482421875,23.798370361328125,56.41102600097656,-1,-1,-1,-1
175,4,501.8650817871094,109.99821472167969,24.093475341796875,56.85694885253906,-1,-1,-1,-1
176,4,502.08746337890625,109.59758758544922,24.4356689453125,56.85913848876953,-1,-1,-1,-1
177,4,502.4509582519531,109.2738037109375,24.736480712890625,57.237640380859375,-1,-1,-1,-1
178,4,502.9937438964844,109.30982971191406,24.233428955078125,57.11738586425781,-1,-1,-1,-1
179,4,503.5505676269531,109.09671783447266,23.435638427734375,57.288597106933594,-1,-1,-1,-1
180,4,503.9171447753906,108.98313903808594,23.453948974609375,57.27549743652344,-1,-1,-1,-1
181,4,504.6082763671875,108.90191650390625,23.15802001953125,56.97682189941406,-1,-1,-1,-1
182,4,504.93963623046875,109.09355163574219,22.9891357421875,56.76921081542969,-1,-1,-1,-1
183,4,505.4807434082031,108.79312133789062,23.009002685546875,56.857269287109375,-1,-1,-1,-1
184,4,505.8442077636719,108.63638305664062,22.951568603515625,56.88859558105469,-1,-1,-1,-1
185,4,506.5382385253906,108.76490020751953,22.714141845703125,56.64398956298828,-1,-1,-1,-1
186,4,507.3258361816406,109.05094146728516,22.378143310546875,56.14624786376953,-1,-1,-1,-1
187,4,508.4136047363281,108.66242218017578,22.439178466796875,56.372108459472656,-1,-1,-1,-1
188,4,508.9226379394531,108.68257141113281,22.430816650390625,56.12413024902344,-1,-1,-1,-1
189,4,509.7113952636719,107.993408203125,22.705596923828125,56.50421142578125,-1,-1,-1,-1
190,4,510.2044372558594,107.82979583740234,22.650543212890625,56.293190002441406,-1,-1,-1,-1
191,4,511.1238708496094,106.75104522705078,22.554107666015625,56.988914489746094,-1,-1,-1,-1
192,4,511.43499755859375,105.3325424194336,23.90386962890625,58.262184143066406,-1,-1,-1,-1
193,4,512.18017578125,105.0890884399414,23.3448486328125,57.73615264892578,-1,-1,-1,-1
194,4,512.2877502441406,104.76219940185547,23.703765869140625,58.364524841308594,-1,-1,-1,-1
195,4,512.8315124511719,105.06253814697266,23.246246337890625,57.98804473876953,-1,-1,-1,-1
196,4,513.1217651367188,105.30242919921875,23.0882568359375,57.564727783203125,-1,-1,-1,-1
197,4,513.4411010742188,105.4622802734375,22.95147705078125,57.043182373046875,-1,-1,-1,-1
198,4,513.6013793945312,105.5494155883789,22.78082275390625,57.00353240966797,-1,-1,-1,-1
199,4,513.7387084960938,104.99976348876953,23.06475830078125,57.51062774658203,-1,-1,-1,-1
200,4,513.9930419921875,104.81861114501953,22.90924072265625,57.491737365722656,-1,-1,-1,-1
1,5,473.80035400390625,156.3359375,23.488067626953125,64.42315673828125,-1,-1,-1,-1
2,5,473.8764343261719,155.97518920898438,23.429107666015625,64.54811096191406,-1,-1,-1,-1
3,5,473.89361572265625,155.49862670898438,23.568634033203125,64.732177734375,-1,-1,-1,-1
4,5,474.0924377441406,154.99386596679688,23.544677734375,64.89732360839844,-1,-1,-1,-1
5,5,474.37091064453125,154.83685302734375,23.43157958984375,64.62765502929688,-1,-1,-1,-1
6,5,474.5335998535156,154.81874084472656,23.4827880859375,64.23782348632812,-1,-1,-1,-1
7,5,475.225341796875,155.17237854003906,23.054840087890625,63.43394470214844,-1,-1,-1,-1
8,5,475.6332702636719,155.318359375,22.843231201171875,63.04261779785156,-1,-1,-1,-1
9,5,476.3160095214844,155.21389770507812,22.464202880859375,62.72911071777344,-1,-1,-1,-1
10,5,476.6908264160156,154.8592987060547,22.39306640625,62.7955322265625,-1,-1,-1,-1
11,5,477.3103942871094,154.0151824951172,22.4434814453125,62.981353759765625,-1,-1,-1,-1
12,5,477.5431823730469,153.53981018066406,22.801025390625,63.09992980957031,-1,-1,-1,-1
13,5,477.8863525390625,152.9620819091797,22.92578125,63.23301696777344,-1,-1,-1,-1
14,5,478.14361572265625,152.5437469482422,23.055694580078125,63.37660217285156,-1,-1,-1,-1
15,5,478.4813232421875,152.25497436523438,23.133209228515625,63.00306701660156,-1,-1,-1,-1
16,5,478.8117980957031,152.2777099609375,22.89501953125,62.69798278808594,-1,-1,-1,-1
17,5,479.2752685546875,152.19590759277344,22.856048583984375,62.85963439941406,-1,-1,-1,-1
18,5,479.5755615234375,152.15272521972656,22.840179443359375,63.06788635253906,-1,-1,-1,-1
19,5,479.8863220214844,152.07081604003906,22.9005126953125,63.06103515625,-1,-1,-1,-1
20,5,480.1170349121094,152.01873779296875,22.8714599609375,63.03712463378906,-1,-1,-1,-1
21,5,480.3715515136719,151.80743408203125,22.761810302734375,62.979949951171875,-1,-1,-1,-1
22,5,480.5019226074219,151.27676391601562,22.729949951171875,63.44209289550781,-1,-1,-1,-1
23,5,480.9972839355469,150.1870574951172,22.201263427734375,63.866668701171875,-1,-1,-1,-1
24,5,481.4112243652344,149.71542358398438,21.7003173828125,63.57505798339844,-1,-1,-1,-1
25,5,481.5293884277344,149.14300537109375,21.730224609375,63.57398986816406,-1,-1,-1,-1
26,5,481.7999572753906,148.92886352539062,21.61279296875,63.22111511230469,-1,-1,-1,-1
27,5,482.2658386230469,148.66265869140625,21.60009765625,63.012481689453125,-1,-1,-1,-1
28,5,482.60845947265625,148.35067749023438,22.08612060546875,62.94966125488281,-1,-1,-1,-1
29,5,482.9290771484375,148.2385711669922,22.3175048828125,62.67292785644531,-1,-1,-1,-1
30,5,483.0080261230469,148.44595336914062,22.509613037109375,62.05747985839844,-1,-1,-1,-1
31,5,483.163330078125,148.81126403808594,22.529754638671875,61.325714111328125,-1,-1,-1,-1
32,5,483.4399108886719,148.95864868164062,22.398284912109375,61.066986083984375,-1,-1,-1,-1
33,5,483.9043884277344,148.66114807128906,22.220245361328125,61.009552001953125,-1,-1,-1,-1
34,5,484.2081604003906,148.6556854248047,22.08203125,60.72172546386719,-1,-1,-1,-1
35,5,484.6124572753906,148.12863159179688,21.98089599609375,60.9671630859375,-1,-1,-1,-1
36,5,484.9324645996094,147.57286071777344,21.96661376953125,61.3275146484375,-1,-1,-1,-1
37,5,485.31402587890625,147.05560302734375,21.876861572265625,61.21043395996094,-1,-1,-1,-1
38,5,485.6512756347656,146.2587127685547,21.876220703125,61.28932189941406,-1,-1,-1,-1
39,5,486.1872863769531,146.06890869140625,21.71502685546875,60.98637390136719,-1,-1,-1,-1
40,5,486.3933410644531,145.85926818847656,21.820648193359375,61.03570556640625,-1,-1,-1,-1
41,5,486.435791015625,145.8782501220703,22.02813720703125,60.939361572265625,-1,-1,-1,-1
42,5,486.5513610839844,145.89532470703125,22.0364990234375,60.89814758300781,-1,-1,-1,-1
43,5,486.65789794921875,145.80421447753906,22.1900634765625,61.075469970703125,-1,-1,-1,-1
44,5,486.81640625,145.6920166015625,22.096527099609375,61.16740417480469,-1,-1,-1,-1
45,5,486.7808837890625,145.4806671142578,22.045989990234375,61.15522766113281,-1,-1,-1,-1
46,5,486.8857116699219,145.00247192382812,21.892333984375,61.03627014160156,-1,-1,-1,-1
47,5,486.88604736328125,143.89271545410156,21.930419921875,61.25660705566406,-1,-1,-1,-1
48,5,486.3781433105469,143.29312133789062,22.364898681640625,61.25553894042969,-1,-1,-1,-1
49,5,486.364501953125,142.47364807128906,22.421295166015625,61.76849365234375,-1,-1,-1,-1
50,5,486.6482238769531,142.12551879882812,22.2705078125,61.63807678222656,-1,-1,-1,-1
51,5,486.8539733886719,141.94210815429688,22.239501953125,61.24925231933594,-1,-1,-1,-1
52,5,486.80548095703125,141.990234375,22.376312255859375,60.92085266113281,-1,-1,-1,-1
53,5,486.9544677734375,142.04002380371094,22.200897216796875,60.307952880859375,-1,-1,-1,-1
54,5,487.18572998046875,142.02928161621094,21.990478515625,59.787933349609375,-1,-1,-1,-1
55,5,487.7099304199219,142.33621215820312,21.82470703125,59.416168212890625,-1,-1,-1,-1
56,5,487.6946716308594,142.25344848632812,22.122100830078125,59.60151672363281,-1,-1,-1,-1
57,5,488.1739807128906,141.7359161376953,22.127227783203125,60.14259338378906,-1,-1,-1,-1
58,5,488.45343017578125,141.30233764648438,22.398590087890625,60.35261535644531,-1,-1,-1,-1
59,5,488.67144775390625,140.53443908691406,22.627838134765625,60.70741271972656,-1,-1,-1,-1
60,5,488.8185729980469,140.13015747070312,22.569244384765625,61.00447082519531,-1,-1,-1,-1
61,5,488.9190368652344,139.64572143554688,22.531585693359375,61.283660888671875,-1,-1,-1,-1
62,5,489.07928466796875,139.32342529296875,22.367156982421875,61.16392517089844,-1,-1,-1,-1
63,5,489.06988525390625,139.11135864257812,22.399749755859375,60.65840148925781,-1,-1,-1,-1
64,5,489.2791442871094,139.17152404785156,22.239501953125,60.37506103515625,-1,-1,-1,-1
65,5,489.3984375,139.07708740234375,22.173065185546875,60.44560241699219,-1,-1,-1,-1
66,5,489.4097900390625,139.1708526611328,22.265655517578125,60.24909973144531,-1,-1,-1,-1
67,5,489.4645690917969,139.23342895507812,22.519805908203125,59.92466735839844,-1,-1,-1,-1
68,5,489.4881896972656,138.6934356689453,22.53607177734375,60.19679260253906,-1,-1,-1,-1
69,5,489.4224548339844,137.89248657226562,22.537689208984375,60.71539306640625,-1,-1,-1,-1
70,5,489.26513671875,137.0655517578125,22.872039794921875,61.21119689941406,-1,-1,-1,-1
71,5,488.9619140625,136.17864990234375,23.128875732421875,61.46882629394531,-1,-1,-1,-1
72,5,488.9436340332031,135.96624755859375,23.051025390625,61.27455139160156,-1,-1,-1,-1
73,5,488.6418151855469,134.952880859375,23.54693603515625,61.90901184082031,-1,-1,-1,-1
74,5,488.7279968261719,134.88656616210938,23.509063720703125,61.55326843261719,-1,-1,-1,-1
75,5,488.9399719238281,134.80958557128906,23.362396240234375,61.35125732421875,-1,-1,-1,-1
76,5,489.0737609863281,134.6015625,23.416351318359375,61.38983154296875,-1,-1,-1,-1
77,5,489.53131103515625,134.8482208251953,23.299468994140625,60.665130615234375,-1,-1,-1,-1
78,5,489.855224609375,135.03517150878906,23.162994384765625,60.493682861328125,-1,-1,-1,-1
79,5,490.45782470703125,135.61239624023438,22.6976318359375,59.97398376464844,-1,-1,-1,-1
80,5,490.39739990234375,135.6677703857422,22.939697265625,60.091522216796875,-1,-1,-1,-1
81,5,490.1274108886719,134.85781860351562,23.715850830078125,60.662353515625,-1,-1,-1,-1
82,5,490.1361389160156,134.46441650390625,24.067108154296875,60.57588195800781,-1,-1,-1,-1
83,5,490.3300476074219,133.78761291503906,24.068756103515625,60.622406005859375,-1,-1,-1,-1
84,5,490.22967529296875,133.16578674316406,24.4429931640625,60.62181091308594,-1,-1,-1,-1
85,5,491.6376037597656,132.5850372314453,23.354644775390625,60.382110595703125,-1,-1,-1,-1
86,5,492.0971374511719,132.4060821533203,23.117401123046875,60.45182800292969,-1,-1,-1,-1
87,5,492.6404113769531,131.82264709472656,23.150360107421875,61.07026672363281,-1,-1,-1,-1
88,5,493.0922546386719,131.90377807617188,22.913665771484375,60.87994384765625,-1,-1,-1,-1
89,5,493.10247802734375,132.21987915039062,23.0692138671875,60.58636474609375,-1,-1,-1,-1
90,5,493.0428161621094,132.08212280273438,23.309295654296875,60.767425537109375,-1,-1,-1,-1
91,5,493.8680419921875,131.50106811523438,22.71063232421875,60.99479675292969,-1,-1,-1,-1
92,5,494.09356689453125,131.0649871826172,22.4453125,61.21086120605469,-1,-1,-1,-1
93,5,495.13800048828125,130.5311737060547,20.7139892578125,60.095977783203125,-1,-1,-1,-1
94,5,495.2882080078125,130.52328491210938,20.64666748046875,59.72093200683594,-1,-1,-1,-1
95,5,495.54949951171875,130.3488006591797,20.64703369140625,59.85980224609375,-1,-1,-1,-1
96,5,495.8872985839844,130.31051635742188,20.631683349609375,59.91949462890625,-1,-1,-1,-1
97,5,495.9471130371094,130.0873260498047,20.814178466796875,60.191192626953125,-1,-1,-1,-1
98,5,496.2915954589844,129.8928680419922,20.791412353515625,60.2532958984375,-1,-1,-1,-1
99,5,496.59979248046875,129.7012939453125,21.04241943359375,59.959442138671875,-1,-1,-1,-1
100,5,496.8096008300781,129.9573516845703,21.495941162109375,59.19981384277344,-1,-1,-1,-1
101,5,497.3782043457031,130.20260620117188,21.469940185546875,58.78669738769531,-1,-1,-1,-1
102,5,497.6862487792969,130.4427947998047,21.712371826171875,58.470062255859375,-1,-1,-1,-1
103,5,498.08306884765625,129.92735290527344,22.2862548828125,58.67213439941406,-1,-1,-1,-1
104,5,498.40240478515625,129.73426818847656,22.56292724609375,58.50328063964844,-1,-1,-1,-1
105,5,499.1457214355469,128.85922241210938,22.429046630859375,58.73040771484375,-1,-1,-1,-1
106,5,499.9337463378906,128.5917510986328,22.112884521484375,58.58251953125,-1,-1,-1,-1
107,5,500.6818542480469,128.24005126953125,21.972686767578125,58.43267822265625,-1,-1,-1,-1
108,5,501.1500549316406,128.0731658935547,22.096893310546875,58.35954284667969,-1,-1,-1,-1
109,5,502.7119445800781,127.3949203491211,21.187347412109375,58.686729431152344,-1,-1,-1,-1
110,5,503.2232666015625,127.38465118408203,21.18511962890625,58.69188690185547,-1,-1,-1,-1
111,5,503.55718994140625,127.48713684082031,21.26123046875,58.65141296386719,-1,-1,-1,-1
112,5,504.1071472167969,127.8333511352539,21.128143310546875,58.468284606933594,-1,-1,-1,-1
113,5,504.4020690917969,127.38569641113281,21.386260986328125,58.88575744628906,-1,-1,-1,-1
114,5,504.5863952636719,126.8218994140625,21.526824951171875,59.342742919921875,-1,-1,-1,-1
115,5,504.8764953613281,126.21515655517578,21.512786865234375,59.365867614746094,-1,-1,-1,-1
116,5,505.1240539550781,125.34608459472656,21.739532470703125,59.28675842285156,-1,-1,-1,-1
117,5,505.5592956542969,124.48990631103516,21.842254638671875,59.239280700683594,-1,-1,-1,-1
118,5,505.60162353515625,124.1374282836914,22.0966796875,59.304649353027344,-1,-1,-1,-1
119,5,505.8039855957031,123.7222671508789,22.480682373046875,59.493797302246094,-1,-1,-1,-1
120,5,505.9403076171875,123.5104751586914,22.55401611328125,59.597923278808594,-1,-1,-1,-1
121,5,506.8439636230469,123.54879760742188,22.257720947265625,59.34234619140625,-1,-1,-1,-1
122,5,507.509765625,123.85234832763672,22.13543701171875,59.020591735839844,-1,-1,-1,-1
123,5,508.30224609375,123.8511734008789,22.2039794921875,58.98285675048828,-1,-1,-1,-1
124,5,508.9153747558594,124.03514862060547,21.919403076171875,58.74895477294922,-1,-1,-1,-1
125,5,509.6684875488281,124.51885223388672,21.856414794921875,57.933326721191406,-1,-1,-1,-1
126,5,509.83135986328125,124.4287109375,21.97698974609375,58.01457214355469,-1,-1,-1,-1
127,5,510.0290222167969,123.78876495361328,22.437042236328125,58.498313903808594,-1,-1,-1,-1
128,5,510.04058837890625,123.39472198486328,23.0076904296875,58.86693572998047,-1,-1,-1,-1
129,5,510.3920593261719,122.6036605834961,23.473114013671875,59.12987518310547,-1,-1,-1,-1
130,5,510.8527526855469,122.1785888671875,23.515777587890625,59.192108154296875,-1,-1,-1,-1
131,5,511.4731750488281,121.57942199707031,23.796173095703125,59.42071533203125,-1,-1,-1,-1
132,5,511.66644287109375,121.41092681884766,24.00982666015625,59.33623504638672,-1,-1,-1,-1
133,5,512.8490905761719,121.78958892822266,23.203094482421875,58.79692840576172,-1,-1,-1,-1
134,5,513.1953735351562,121.66738891601562,23.17315673828125,59.04234313964844,-1,-1,-1,-1
135,5,513.604248046875,121.55818939208984,23.16552734375,59.19904327392578,-1,-1,-1,-1
136,5,513.8635864257812,121.4422378540039,23.156982421875,59.081565856933594,-1,-1,-1,-1
137,5,514.4755249023438,121.08582305908203,22.810791015625,59.20502471923828,-1,-1,-1,-1
138,5,515.0718994140625,121.06119537353516,22.605712890625,59.153663635253906,-1,-1,-1,-1
139,5,515.9373779296875,120.98835754394531,22.1651611328125,57.53578186035156,-1,-1,-1,-1
140,5,516.4000854492188,120.7471694946289,21.913818359375,57.37218475341797,-1,-1,-1,-1
141,5,516.74609375,120.15174865722656,22.0047607421875,57.680755615234375,-1,-1,-1,-1
142,5,517.1432495117188,119.86341094970703,21.95343017578125,57.78032684326172,-1,-1,-1,-1
143,5,517.7373657226562,119.49881744384766,21.890625,58.05760955810547,-1,-1,-1,-1
144,5,518.1189575195312,119.24149322509766,21.79998779296875,58.22307586669922,-1,-1,-1,-1
145,5,518.373779296875,118.71208953857422,22.23095703125,58.49518585205078,-1,-1,-1,-1
146,5,518.6566772460938,118.71592712402344,22.39422607421875,58.42085266113281,-1,-1,-1,-1
147,5,519.6644897460938,118.79469299316406,22.16143798828125,58.41975402832031,-1,-1,-1,-1
148,5,519.7228393554688,118.64926147460938,22.269287109375,58.434326171875,-1,-1,-1,-1
149,5,520.0039672851562,118.433349609375,22.7249755859375,58.33824157714844,-1,-1,-1,-1
150,5,520.5842895507812,118.3134994506836,22.6983642578125,58.119728088378906,-1,-1,-1,-1
151,5,521.785400390625,117.20036315917969,22.778076171875,58.86451721191406,-1,-1,-1,-1
152,5,522.1478271484375,116.78742218017578,22.8565673828125,58.989097595214844,-1,-1,-1,-1
153,5,522.8429565429688,116.48506164550781,22.89752197265625,58.94038391113281,-1,-1,-1,-1
154,5,523.4344482421875,116.4111099243164,22.541015625,58.508140563964844,-1,-1,-1,-1
155,5,523.967529296875,115.88557434082031,22.40521240234375,58.365264892578125,-1,-1,-1,-1
156,5,524.5347900390625,115.71343994140625,22.21575927734375,58.4466552734375,-1,-1,-1,-1
157,5,525.2049560546875,115.52273559570312,21.86871337890625,58.46360778808594,-1,-1,-1,-1
158,5,525.4651489257812,115.29289245605469,21.77783203125,58.75633239746094,-1,-1,-1,-1
159,5,525.7361450195312,115.2416763305664,21.6173095703125,58.33771514892578,-1,-1,-1,-1
160,5,525.9085693359375,114.94120788574219,21.59552001953125,58.604949951171875,-1,-1,-1,-1
161,5,526.1984252929688,114.93150329589844,21.4241943359375,58.218597412109375,-1,-1,-1,-1
162,5,526.4412231445312,114.90233612060547,21.2445068359375,57.732398986816406,-1,-1,-1,-1
163,5,527.0252685546875,114.37992095947266,20.92333984375,57.467689514160156,-1,-1,-1,-1
164,5,527.2108154296875,113.99266815185547,20.77874755859375,57.61022186279297,-1,-1,-1,-1
165,5,527.4676513671875,113.64299011230469,20.86358642578125,57.993499755859375,-1,-1,-1,-1
166,5,527.6581420898438,113.39911651611328,20.99957275390625,58.345542907714844,-1,-1,-1,-1
167,5,528.1177978515625,113.21299743652344,21.12237548828125,58.67543029785156,-1,-1,-1,-1
168,5,528.1583862304688,113.02642059326172,21.42449951171875,59.04071807861328,-1,-1,-1,-1
169,5,528.5504760742188,113.38186645507812,22.1204833984375,59.096343994140625,-1,-1,-1,-1
170,5,528.7825927734375,113.56237030029297,22.66656494140625,59.321510314941406,-1,-1,-1,-1
171,5,529.3372192382812,113.7688217163086,22.85308837890625,59.32270050048828,-1,-1,-1,-1
172,5,529.8287353515625,113.6219253540039,23.00726318359375,59.50969696044922,-1,-1,-1,-1
173,5,530.8521118164062,112.93567657470703,22.31549072265625,59.471519470214844,-1,-1,-1,-1
174,5,531.6817626953125,112.3772964477539,22.4039306640625,60.62403106689453,-1,-1,-1,-1
175,5,532.43994140625,111.41956329345703,21.61956787109375,59.645652770996094,-1,-1,-1,-1
176,5,533.3448486328125,111.30953216552734,21.03857421875,59.341209411621094,-1,-1,-1,-1
177,5,533.9198608398438,111.48461151123047,21.76226806640625,62.457603454589844,-1,-1,-1,-1
178,5,534.4468383789062,110.95576477050781,22.29034423828125,66.51034545898438,-1,-1,-1,-1
179,5,535.3974609375,110.91044616699219,21.24871826171875,64.83314514160156,-1,-1,-1,-1
180,5,535.8626098632812,110.96216583251953,20.71002197265625,64.16761016845703,-1,-1,-1,-1
181,5,536.1941528320312,111.33406829833984,20.66400146484375,63.451744079589844,-1,-1,-1,-1
182,5,536.5308227539062,111.74417877197266,20.42529296875,62.27098846435547,-1,-1,-1,-1
183,5,536.7590942382812,111.16024780273438,20.51971435546875,62.8353271484375,-1,-1,-1,-1
184,5,536.9418334960938,110.88965606689453,20.40191650390625,63.49419403076172,-1,-1,-1,-1
185,5,537.1345825195312,109.76654052734375,19.897216796875,60.82057189941406,-1,-1,-1,-1
186,5,536.7551879882812,109.25275421142578,20.1837158203125,59.218955993652344,-1,-1,-1,-1
187,5,536.4126586914062,109.02291107177734,20.7762451171875,58.885353088378906,-1,-1,-1,-1
188,5,536.1868286132812,108.66259002685547,21.0274658203125,58.454673767089844,-1,-1,-1,-1
189,5,536.013427734375,108.09477996826172,21.76910400390625,59.12421417236328,-1,-1,-1,-1
190,5,536.0426635742188,108.29232788085938,21.879150390625,58.53123474121094,-1,-1,-1,-1
191,5,536.9700317382812,108.99705505371094,21.72406005859375,57.727630615234375,-1,-1,-1,-1
192,5,537.6505737304688,109.17118072509766,21.545166015625,57.132102966308594,-1,-1,-1,-1
193,5,538.6161499023438,109.5503158569336,21.3951416015625,57.224769592285156,-1,-1,-1,-1
194,5,539.4170532226562,110.12676239013672,20.88848876953125,56.67499542236328,-1,-1,-1,-1
195,5,540.0236206054688,108.3790054321289,20.97723388671875,57.28943634033203,-1,-1,-1,-1
196,5,540.1702880859375,108.36891174316406,21.20831298828125,56.81620788574219,-1,-1,-1,-1
197,5,539.4847412109375,107.48761749267578,22.28131103515625,57.52124786376953,-1,-1,-1,-1
198,5,539.837646484375,106.513671875,22.0076904296875,58.08551025390625,-1,-1,-1,-1
199,5,541.6843872070312,105.48517608642578,20.93853759765625,57.45824432373047,-1,-1,-1,-1
200,5,541.9647827148438,105.42888641357422,21.32757568359375,57.772666931152344,-1,-1,-1,-1
1,6,598.9564208984375,99.23765563964844,17.52667236328125,49.141448974609375,-1,-1,-1,-1
2,6,598.7998046875,98.7280044555664,17.86785888671875,50.414207458496094,-1,-1,-1,-1
3,6,599.1280517578125,100.72325897216797,17.625244140625,48.685142517089844,-1,-1,-1,-1
4,6,599.0407104492188,101.09321594238281,17.55078125,48.64555358886719,-1,-1,-1,-1
5,6,598.90185546875,100.90888214111328,17.9268798828125,49.082130432128906,-1,-1,-1,-1
6,6,598.7008666992188,100.70693969726562,18.086669921875,49.217498779296875,-1,-1,-1,-1
7,6,597.9722900390625,100.7082290649414,18.3670654296875,50.087989807128906,-1,-1,-1,-1
8,6,598.0128173828125,100.07258605957031,18.376220703125,50.79948425292969,-1,-1,-1,-1
9,6,597.9227905273438,100.84833526611328,18.62188720703125,50.523597717285156,-1,-1,-1,-1
10,6,597.7445678710938,101.16422271728516,18.85821533203125,50.577186584472656,-1,-1,-1,-1
11,6,597.4548950195312,102.05093383789062,19.13641357421875,50.16650390625,-1,-1,-1,-1
12,6,597.2042846679688,102.43929290771484,19.4261474609375,50.11579132080078,-1,-1,-1,-1
13,6,596.64990234375,102.53978729248047,19.98260498046875,50.247291564941406,-1,-1,-1,-1
14,6,595.9730224609375,102.6105728149414,20.51495361328125,50.22278594970703,-1,-1,-1,-1
15,6,595.2634887695312,101.90912628173828,20.615478515625,50.680320739746094,-1,-1,-1,-1
16,6,594.8294677734375,101.77835083007812,20.71978759765625,51.14122009277344,-1,-1,-1,-1
17,6,594.6185913085938,101.90982055664062,20.6036376953125,51.59861755371094,-1,-1,-1,-1
18,6,594.2654418945312,101.79357147216797,20.85235595703125,52.12732696533203,-1,-1,-1,-1
19,6,593.7770385742188,101.79051971435547,21.132080078125,52.414833068847656,-1,-1,-1,-1
20,6,593.4456176757812,101.90863800048828,21.085205078125,52.64044952392578,-1,-1,-1,-1
21,6,593.4681396484375,103.67573547363281,20.5086669921875,50.78034973144531,-1,-1,-1,-1
22,6,593.4060668945312,103.60669708251953,20.58123779296875,51.094032287597656,-1,-1,-1,-1
23,6,593.5014038085938,103.78988647460938,20.71002197265625,51.483612060546875,-1,-1,-1,-1
24,6,593.5353393554688,104.18659210205078,20.4600830078125,51.45500946044922,-1,-1,-1,-1
25,6,593.46826171875,103.47684478759766,20.92718505859375,52.860694885253906,-1,-1,-1,-1
26,6,593.37548828125,102.85011291503906,21.55926513671875,53.6463623046875,-1,-1,-1,-1
27,6,593.2449951171875,102.39358520507812,21.617431640625,54.552703857421875,-1,-1,-1,-1
28,6,593.1969604492188,102.98155975341797,21.27691650390625,53.80097198486328,-1,-1,-1,-1
29,6,592.532958984375,103.64286804199219,21.711181640625,53.550872802734375,-1,-1,-1,-1
30,6,592.5987548828125,105.62372589111328,21.1298828125,51.754844665527344,-1,-1,-1,-1
31,6,592.4566650390625,106.45536041259766,21.22454833984375,51.36646270751953,-1,-1,-1,-1
32,6,592.5064697265625,107.39115142822266,20.66802978515625,50.273902893066406,-1,-1,-1,-1
33,6,592.3152465820312,108.16829681396484,20.06939697265625,49.88640594482422,-1,-1,-1,-1
34,6,591.8638305664062,108.67813873291016,19.732666015625,49.604759216308594,-1,-1,-1,-1
35,6,591.5323486328125,109.06558227539062,19.68621826171875,49.64741516113281,-1,-1,-1,-1
36,6,590.9801635742188,109.5057601928711,19.9134521484375,49.529823303222656,-1,-1,-1,-1
37,6,590.5142211914062,109.6762924194336,19.83026123046875,49.51659393310547,-1,-1,-1,-1
38,6,590.1697998046875,109.78001403808594,19.79638671875,49.57856750488281,-1,-1,-1,-1
39,6,589.75439453125,109.22663116455078,19.92816162109375,50.11620330810547,-1,-1,-1,-1
40,6,589.5210571289062,108.79325866699219,20.1341552734375,50.684478759765625,-1,-1,-1,-1
41,6,589.5454711914062,109.43834686279297,19.88494873046875,50.504188537597656,-1,-1,-1,-1
42,6,589.4884643554688,110.07168579101562,19.72845458984375,50.22023010253906,-1,-1,-1,-1
43,6,589.7008666992188,112.0309829711914,19.05535888671875,48.544212341308594,-1,-1,-1,-1
44,6,589.5712280273438,112.24054718017578,19.08636474609375,48.822166442871094,-1,-1,-1,-1
45,6,589.5137939453125,112.8500747680664,19.3092041015625,48.966087341308594,-1,-1,-1,-1
46,6,589.4738159179688,112.92424011230469,19.45672607421875,49.320831298828125,-1,-1,-1,-1
47,6,589.4282836914062,113.26239776611328,19.369140625,49.039146423339844,-1,-1,-1,-1
48,6,589.3370971679688,113.26354217529297,19.4307861328125,49.42169952392578,-1,-1,-1,-1
49,6,589.1458740234375,112.665283203125,19.5177001953125,50.17469787597656,-1,-1,-1,-1
50,6,589.0272827148438,112.46154022216797,19.56585693359375,50.561683654785156,-1,-1,-1,-1
51,6,588.5526733398438,112.7511978149414,19.89898681640625,50.86066436767578,-1,-1,-1,-1
52,6,588.4320068359375,113.0201187133789,19.73809814453125,50.994773864746094,-1,-1,-1,-1
53,6,588.0433959960938,113.46746826171875,20.01629638671875,50.812591552734375,-1,-1,-1,-1
54,6,587.8285522460938,113.81006622314453,19.9998779296875,50.51860809326172,-1,-1,-1,-1
55,6,587.1932983398438,114.25914001464844,20.33404541015625,50.70121765136719,-1,-1,-1,-1
56,6,586.8701782226562,114.48262786865234,20.3404541015625,50.87761688232422,-1,-1,-1,-1
57,6,585.75390625,115.0916976928711,20.89727783203125,50.542747497558594,-1,-1,-1,-1
58,6,585.3242797851562,115.32030487060547,20.90301513671875,50.170143127441406,-1,-1,-1,-1
59,6,584.8098754882812,115.37537384033203,21.0506591796875,50.363121032714844,-1,-1,-1,-1
60,6,584.478515625,115.02212524414062,21.23150634765625,50.85772705078125,-1,-1,-1,-1
61,6,584.0057373046875,114.95854949951172,21.35076904296875,50.933631896972656,-1,-1,-1,-1
62,6,583.3330078125,114.77458953857422,21.6431884765625,51.24829864501953,-1,-1,-1,-1
63,6,583.1387939453125,115.04203796386719,21.46917724609375,51.56781005859375,-1,-1,-1,-1
64,6,583.0977783203125,115.6242446899414,21.11328125,51.150779724121094,-1,-1,-1,-1
65,6,582.8939819335938,115.97884368896484,21.01007080078125,50.899696350097656,-1,-1,-1,-1
66,6,582.6156616210938,116.65470886230469,21.107666015625,50.64851379394531,-1,-1,-1,-1
67,6,582.5426025390625,116.76595306396484,21.10089111328125,50.48590850830078,-1,-1,-1,-1
68,6,582.43359375,117.04035186767578,21.211181640625,50.718528747558594,-1,-1,-1,-1
69,6,582.4134521484375,117.70111846923828,20.7908935546875,50.319358825683594,-1,-1,-1,-1
70,6,582.4014282226562,117.96857452392578,20.65283203125,49.91667938232422,-1,-1,-1,-1
71,6,582.345947265625,117.94776153564453,20.3577880859375,49.756126403808594,-1,-1,-1,-1
72,6,582.1051635742188,117.82511901855469,20.5435791015625,50.48045349121094,-1,-1,-1,-1
73,6,581.5247802734375,118.21057891845703,20.68798828125,50.602149963378906,-1,-1,-1,-1
74,6,580.770751953125,118.25320434570312,21.1373291015625,51.480072021484375,-1,-1,-1,-1
75,6,579.9729614257812,119.45511627197266,21.27337646484375,50.80213165283203,-1,-1,-1,-1
76,6,579.6959228515625,119.8032455444336,21.33447265625,50.907752990722656,-1,-1,-1,-1
77,6,579.390380859375,120.87335205078125,20.91888427734375,50.3076171875,-1,-1,-1,-1
78,6,579.01611328125,121.2120590209961,20.821044921875,50.60602569580078,-1,-1,-1,-1
79,6,578.341796875,121.751708984375,21.101318359375,50.66407775878906,-1,-1,-1,-1
80,6,577.7984008789062,122.22425079345703,21.2535400390625,50.43285369873047,-1,-1,-1,-1
81,6,577.087158203125,122.34722900390625,21.3035888671875,50.35870361328125,-1,-1,-1,-1
82,6,576.7760009765625,122.27716827392578,21.04180908203125,50.53144073486328,-1,-1,-1,-1
83,6,576.1507568359375,121.96055603027344,21.2867431640625,51.08122253417969,-1,-1,-1,-1
84,6,575.6426391601562,121.90828704833984,21.56524658203125,51.209449768066406,-1,-1,-1,-1
85,6,575.2149047851562,122.00993347167969,21.700439453125,51.793609619140625,-1,-1,-1,-1
86,6,574.984375,122.19120788574219,21.58172607421875,51.91090393066406,-1,-1,-1,-1
87,6,574.9027709960938,122.66549682617188,21.4091796875,51.78265380859375,-1,-1,-1,-1
88,6,574.7300415039062,122.90485382080078,21.439453125,52.019081115722656,-1,-1,-1,-1
89,6,574.6589965820312,123.36107635498047,21.35528564453125,52.165672302246094,-1,-1,-1,-1
90,6,574.4168701171875,123.57591247558594,21.33673095703125,52.49476623535156,-1,-1,-1,-1
91,6,574.0653686523438,123.79669952392578,21.721923828125,52.37834930419922,-1,-1,-1,-1
92,6,573.7006225585938,123.84400177001953,22.04791259765625,52.29601287841797,-1,-1,-1,-1
93,6,573.3822631835938,123.7781753540039,22.09637451171875,52.650657653808594,-1,-1,-1,-1
94,6,573.0869750976562,123.84679412841797,21.9981689453125,52.69690704345703,-1,-1,-1,-1
95,6,572.4012451171875,123.90521240234375,22.1138916015625,52.73046875,-1,-1,-1,-1
96,6,571.90087890625,123.94395446777344,22.33782958984375,52.855560302734375,-1,-1,-1,-1
97,6,571.2703857421875,124.73995971679688,22.6614990234375,52.88414001464844,-1,-1,-1,-1
98,6,570.9921875,125.17424774169922,22.488037109375,52.71680450439453,-1,-1,-1,-1
99,6,570.5946044921875,125.90230560302734,22.29522705078125,52.431739807128906,-1,-1,-1,-1
100,6,570.14453125,126.32989501953125,21.78082275390625,52.10646057128906,-1,-1,-1,-1
101,6,569.4563598632812,126.18116760253906,21.89141845703125,52.55204772949219,-1,-1,-1,-1
102,6,568.799072265625,126.31310272216797,21.8038330078125,52.64484405517578,-1,-1,-1,-1
103,6,567.8629760742188,126.30088806152344,21.67913818359375,52.44624328613281,-1,-1,-1,-1
104,6,567.4896850585938,126.23867797851562,21.551513671875,52.76458740234375,-1,-1,-1,-1
105,6,566.7971801757812,126.13003540039062,21.701171875,53.19818115234375,-1,-1,-1,-1
106,6,566.265625,126.0694808959961,21.58331298828125,53.607398986816406,-1,-1,-1,-1
107,6,565.8213500976562,126.15399932861328,21.43695068359375,54.24443817138672,-1,-1,-1,-1
108,6,565.6635131835938,126.27488708496094,21.1966552734375,54.64671325683594,-1,-1,-1,-1
109,6,565.435546875,126.95704650878906,21.0015869140625,54.484283447265625,-1,-1,-1,-1
110,6,565.3363647460938,127.50220489501953,20.68695068359375,54.44202423095703,-1,-1,-1,-1
111,6,565.2831420898438,127.85327911376953,20.5523681640625,54.75060272216797,-1,-1,-1,-1
112,6,565.1902465820312,128.33031463623047,20.5506591796875,54.491249084472656,-1,-1,-1,-1
113,6,564.8701782226562,128.90798950195312,20.90557861328125,54.01719665527344,-1,-1,-1,-1
114,6,564.6347045898438,129.24514770507812,21.10955810546875,53.813507080078125,-1,-1,-1,-1
115,6,564.4740600585938,129.33993530273438,21.00396728515625,53.820465087890625,-1,-1,-1,-1
116,6,564.3309326171875,129.18582153320312,20.870361328125,53.95042419433594,-1,-1,-1,-1
117,6,564.0294799804688,129.20166015625,20.95404052734375,54.12054443359375,-1,-1,-1,-1
118,6,563.6382446289062,129.37408447265625,21.0706787109375,54.41154479980469,-1,-1,-1,-1
119,6,563.1068115234375,129.9600830078125,21.32415771484375,54.31170654296875,-1,-1,-1,-1
120,6,562.8720703125,130.4432373046875,21.3790283203125,54.18382263183594,-1,-1,-1,-1
121,6,562.4722290039062,131.22718811035156,21.42138671875,53.842376708984375,-1,-1,-1,-1
122,6,562.2203369140625,131.9131622314453,21.3934326171875,53.46795654296875,-1,-1,-1,-1
123,6,561.6383666992188,132.0747528076172,21.3382568359375,53.59814453125,-1,-1,-1,-1
124,6,561.1951293945312,132.3058624267578,21.33892822265625,53.68284606933594,-1,-1,-1,-1
125,6,560.3170166015625,132.58718872070312,21.11102294921875,53.528350830078125,-1,-1,-1,-1
126,6,559.7764892578125,132.52145385742188,21.24102783203125,53.76921081542969,-1,-1,-1,-1
127,6,559.0052490234375,132.30628967285156,21.39501953125,53.94480895996094,-1,-1,-1,-1
128,6,558.6822509765625,132.26976013183594,21.2476806640625,54.39369201660156,-1,-1,-1,-1
129,6,558.3375244140625,132.38653564453125,21.07305908203125,54.48081970214844,-1,-1,-1,-1
130,6,557.9463500976562,132.71478271484375,21.24957275390625,54.65931701660156,-1,-1,-1,-1
131,6,557.6618041992188,133.60055541992188,21.2042236328125,54.441162109375,-1,-1,-1,-1
132,6,557.201171875,134.1768035888672,21.26678466796875,54.732086181640625,-1,-1,-1,-1
133,6,556.8385620117188,134.98574829101562,21.2708740234375,54.441864013671875,-1,-1,-1,-1
134,6,556.3449096679688,135.36778259277344,21.52032470703125,54.50250244140625,-1,-1,-1,-1
135,6,556.0088500976562,135.5533905029297,21.891845703125,54.82975769042969,-1,-1,-1,-1
136,6,555.6353149414062,135.58383178710938,22.28857421875,55.21397399902344,-1,-1,-1,-1
137,6,555.5339965820312,135.4302215576172,22.3013916015625,55.45721435546875,-1,-1,-1,-1
138,6,555.3961181640625,135.47686767578125,22.1978759765625,55.50408935546875,-1,-1,-1,-1
139,6,555.105712890625,135.3609619140625,22.33538818359375,55.650177001953125,-1,-1,-1,-1
140,6,554.6285400390625,135.67001342773438,22.767333984375,55.6580810546875,-1,-1,-1,-1
141,6,553.8844604492188,136.48287963867188,23.13775634765625,55.046875,-1,-1,-1,-1
142,6,553.2105712890625,136.88504028320312,23.51702880859375,54.73814392089844,-1,-1,-1,-1
143,6,552.68115234375,137.79763793945312,23.34906005859375,54.17002868652344,-1,-1,-1,-1
144,6,552.3538818359375,138.24884033203125,23.011474609375,53.83522033691406,-1,-1,-1,-1
145,6,551.88134765625,138.97854614257812,23.04815673828125,53.48553466796875,-1,-1,-1,-1
146,6,551.5810546875,139.40415954589844,22.73773193359375,53.19526672363281,-1,-1,-1,-1
147,6,550.8648071289062,139.46083068847656,22.63665771484375,53.44587707519531,-1,-1,-1,-1
148,6,550.5286254882812,139.4801788330078,22.70416259765625,53.76634216308594,-1,-1,-1,-1
149,6,550.1292114257812,139.35040283203125,22.638671875,54.0125732421875,-1,-1,-1,-1
150,6,549.8804931640625,139.1971893310547,22.48004150390625,54.21400451660156,-1,-1,-1,-1
151,6,549.3154907226562,139.17626953125,22.66021728515625,54.60137939453125,-1,-1,-1,-1
152,6,549.0789794921875,139.57400512695312,22.46282958984375,54.74919128417969,-1,-1,-1,-1
153,6,548.8104248046875,140.45962524414062,21.95672607421875,53.91334533691406,-1,-1,-1,-1
154,6,548.146240234375,140.89398193359375,22.30059814453125,54.01826477050781,-1,-1,-1,-1
155,6,547.630615234375,141.36900329589844,22.4801025390625,54.82713317871094,-1,-1,-1,-1
156,6,547.5414428710938,141.6302490234375,22.31488037109375,54.83021545410156,-1,-1,-1,-1
157,6,547.4212646484375,141.7832489013672,22.30316162109375,55.31321716308594,-1,-1,-1,-1
158,6,547.3272705078125,141.88043212890625,22.303955078125,55.36329650878906,-1,-1,-1,-1
159,6,547.2562866210938,141.69313049316406,22.2431640625,55.785308837890625,-1,-1,-1,-1
160,6,547.15966796875,141.3882293701172,22.1749267578125,56.04844665527344,-1,-1,-1,-1
161,6,546.9388427734375,141.21644592285156,22.263671875,56.540863037109375,-1,-1,-1,-1
162,6,546.5757446289062,141.30264282226562,22.32830810546875,56.853546142578125,-1,-1,-1,-1
163,6,546.2286987304688,141.92880249023438,22.23712158203125,56.7017822265625,-1,-1,-1,-1
164,6,545.9813842773438,142.57208251953125,22.1593017578125,56.263946533203125,-1,-1,-1,-1
165,6,545.6759643554688,143.0757293701172,22.28192138671875,56.26658630371094,-1,-1,-1,-1
166,6,545.28955078125,143.42144775390625,22.45147705078125,56.304412841796875,-1,-1,-1,-1
167,6,544.695556640625,143.5989532470703,22.4185791015625,56.55278015136719,-1,-1,-1,-1
168,6,544.068603515625,143.5557403564453,22.52325439453125,56.74522399902344,-1,-1,-1,-1
169,6,543.7758178710938,143.50709533691406,22.29742431640625,56.842041015625,-1,-1,-1,-1
170,6,543.375732421875,143.17945861816406,22.212646484375,57.214813232421875,-1,-1,-1,-1
171,6,543.1223754882812,142.88101196289062,22.06390380859375,57.84858703613281,-1,-1,-1,-1
172,6,542.803466796875,142.22967529296875,21.915283203125,58.88209533691406,-1,-1,-1,-1
173,6,541.930419921875,142.017333984375,22.13916015625,59.51475524902344,-1,-1,-1,-1
174,6,541.3128662109375,141.7317352294922,22.4071044921875,60.09686279296875,-1,-1,-1,-1
175,6,541.674560546875,144.18048095703125,21.61639404296875,57.81535339355469,-1,-1,-1,-1
176,6,541.4801025390625,145.23345947265625,21.5382080078125,56.93623352050781,-1,-1,-1,-1
177,6,541.3241577148438,146.25665283203125,21.67034912109375,56.54872131347656,-1,-1,-1,-1
178,6,541.3493041992188,147.37863159179688,21.3480224609375,55.88630676269531,-1,-1,-1,-1
179,6,541.135986328125,148.0067596435547,21.60015869140625,55.838775634765625,-1,-1,-1,-1
180,6,540.8831176757812,148.17530822753906,21.82806396484375,56.070953369140625,-1,-1,-1,-1
181,6,540.9734497070312,148.50253295898438,21.6387939453125,55.898162841796875,-1,-1,-1,-1
182,6,540.9414672851562,148.15013122558594,21.60076904296875,56.51641845703125,-1,-1,-1,-1
183,6,540.5267944335938,147.36351013183594,21.8455810546875,57.45109558105469,-1,-1,-1,-1
184,6,539.940185546875,147.25848388671875,22.42626953125,57.76643371582031,-1,-1,-1,-1
185,6,538.9149780273438,148.0366668701172,23.140380859375,57.74629211425781,-1,-1,-1,-1
186,6,538.6417236328125,148.86952209472656,23.38641357421875,57.529327392578125,-1,-1,-1,-1
187,6,538.2017211914062,150.5780792236328,23.0880126953125,56.29627990722656,-1,-1,-1,-1
188,6,537.9263916015625,151.1725616455078,22.8670654296875,55.84039306640625,-1,-1,-1,-1
189,6,536.7786254882812,151.76698303222656,23.2218017578125,55.80299377441406,-1,-1,-1,-1
190,6,536.5243530273438,152.12330627441406,23.0557861328125,55.864349365234375,-1,-1,-1,-1
191,6,535.1832885742188,151.76136779785156,23.470703125,56.47550964355469,-1,-1,-1,-1
192,6,534.7476196289062,151.3116912841797,23.5164794921875,57.10069274902344,-1,-1,-1,-1
193,6,533.8303833007812,150.63853454589844,23.6026611328125,57.875823974609375,-1,-1,-1,-1
194,6,533.1871948242188,150.1767578125,23.50787353515625,58.30931091308594,-1,-1,-1,-1
195,6,532.5526123046875,150.64715576171875,23.4971923828125,58.27854919433594,-1,-1,-1,-1
196,6,532.2235107421875,151.6020050048828,23.21368408203125,57.852386474609375,-1,-1,-1,-1
197,6,531.7192993164062,152.14047241210938,23.23406982421875,58.14375305175781,-1,-1,-1,-1
198,6,531.3757934570312,152.6392822265625,23.2415771484375,58.29168701171875,-1,-1,-1,-1
199,6,530.9617919921875,153.25750732421875,23.47393798828125,58.57635498046875,-1,-1,-1,-1
200,6,530.708984375,153.94024658203125,23.4149169921875,58.48329162597656,-1,-1,-1,-1
