1,1,294.9073486328125,217.9844207763672,28.179229736328125,65.89631652832031,-1,-1,-1,-1
2,1,294.31170654296875,217.83363342285156,28.28857421875,66.80702209472656,-1,-1,-1,-1
3,1,292.8395690917969,219.1411590576172,27.346343994140625,66.31907653808594,-1,-1,-1,-1
4,1,292.3409423828125,220.17031860351562,26.848602294921875,65.58328247070312,-1,-1,-1,-1
5,1,290.21307373046875,222.1652069091797,26.989898681640625,64.12010192871094,-1,-1,-1,-1
6,1,288.5572204589844,222.56564331054688,27.593719482421875,63.999725341796875,-1,-1,-1,-1
7,1,285.635498046875,221.9148712158203,27.809814453125,64.65177917480469,-1,-1,-1,-1
8,1,285.1041259765625,221.3212432861328,28.06158447265625,66.34422302246094,-1,-1,-1,-1
9,1,283.2811279296875,220.6125946044922,28.601348876953125,67.92805480957031,-1,-1,-1,-1
10,1,282.4242248535156,220.636962890625,28.48785400390625,68.19680786132812,-1,-1,-1,-1
11,1,279.3402404785156,223.55946350097656,28.291351318359375,66.05726623535156,-1,-1,-1,-1
12,1,278.4757995605469,224.136474609375,28.68621826171875,65.72412109375,-1,-1,-1,-1
13,1,274.4367980957031,225.7706298828125,28.99981689453125,64.99566650390625,-1,-1,-1,-1
14,1,274.81707763671875,225.62265014648438,28.01885986328125,65.60476684570312,-1,-1,-1,-1
15,1,272.413818359375,226.42408752441406,27.79034423828125,66.13688659667969,-1,-1,-1,-1
16,1,270.68206787109375,225.5454559326172,28.025054931640625,67.63526916503906,-1,-1,-1,-1
17,1,267.4619140625,225.72610473632812,28.4208984375,67.64706420898438,-1,-1,-1,-1
18,1,267.7406311035156,225.4899444580078,27.761688232421875,68.75932312011719,-1,-1,-1,-1
19,1,265.8431396484375,226.35726928710938,29.093536376953125,70.48236083984375,-1,-1,-1,-1
20,1,265.3852233886719,226.8688201904297,28.963165283203125,70.62904357910156,-1,-1,-1,-1
21,1,262.73004150390625,227.9788360595703,30.2154541015625,70.25862121582031,-1,-1,-1,-1
22,1,262.6302185058594,229.05673217773438,29.1256103515625,69.0592041015625,-1,-1,-1,-1
23,1,260.3575439453125,229.11549377441406,29.451995849609375,69.01170349121094,-1,-1,-1,-1
24,1,259.3266906738281,229.69833374023438,29.69830322265625,68.60009765625,-1,-1,-1,-1
25,1,257.1968078613281,230.23680114746094,30.00665283203125,68.57392883300781,-1,-1,-1,-1
26,1,257.07452392578125,230.99403381347656,29.27203369140625,68.25962829589844,-1,-1,-1,-1
27,1,255.42300415039062,232.04905700683594,29.077911376953125,68.17594909667969,-1,-1,-1,-1
28,1,254.9879913330078,232.8575897216797,28.645980834960938,67.69950866699219,-1,-1,-1,-1
29,1,254.106201171875,234.27713012695312,27.200836181640625,67.04446411132812,-1,-1,-1,-1
30,1,253.0711212158203,235.0030975341797,27.251815795898438,66.89640808105469,-1,-1,-1,-1
31,1,250.66224670410156,235.147705078125,27.925704956054688,67.91790771484375,-1,-1,-1,-1
32,1,250.0951385498047,235.36251831054688,27.220993041992188,67.94668579101562,-1,-1,-1,-1
33,1,244.72532653808594,235.95997619628906,30.518203735351562,67.90498352050781,-1,-1,-1,-1
34,1,245.07449340820312,236.5751190185547,29.586181640625,68.02729797363281,-1,-1,-1,-1
35,1,244.59768676757812,237.3200225830078,28.43505859375,69.90458679199219,-1,-1,-1,-1
36,1,243.3096466064453,238.02557373046875,28.954025268554688,70.81594848632812,-1,-1,-1,-1
37,1,241.5902557373047,241.27139282226562,28.668655395507812,68.8201904296875,-1,-1,-1,-1
38,1,240.7819366455078,240.613525390625,28.394760131835938,69.70486450195312,-1,-1,-1,-1
39,1,236.494384765625,239.4775390625,30.670318603515625,70.8326416015625,-1,-1,-1,-1
40,1,236.67691040039062,238.4590606689453,30.161407470703125,71.29142761230469,-1,-1,-1,-1
41,1,237.93914794921875,239.99635314941406,27.98260498046875,70.08293151855469,-1,-1,-1,-1
42,1,237.6940155029297,239.88650512695312,27.548019409179688,70.55606079101562,-1,-1,-1,-1
43,1,233.4359588623047,239.9319305419922,29.549270629882812,72.04631042480469,-1,-1,-1,-1
44,1,229.1073455810547,238.4676971435547,31.892410278320312,74.67472839355469,-1,-1,-1,-1
45,1,227.10609436035156,233.94427490234375,31.307022094726562,80.65374755859375,-1,-1,-1,-1
46,1,225.36376953125,223.4974365234375,32.44932556152344,91.15542602539062,-1,-1,-1,-1
47,1,222.82113647460938,232.17140197753906,30.538864135742188,80.15104675292969,-1,-1,-1,-1
48,1,218.62338256835938,217.4735565185547,34.91241455078125,97.09614562988281,-1,-1,-1,-1
49,1,218.85670471191406,237.26669311523438,32.59381103515625,77.3316650390625,-1,-1,-1,-1
50,1,218.75234985351562,233.96981811523438,31.705245971679688,81.8809814453125,-1,-1,-1,-1
51,1,219.0308380126953,243.8929901123047,30.117568969726562,73.68717956542969,-1,-1,-1,-1
57,1,211.85279846191406,229.44387817382812,31.28704833984375,92.16336059570312,-1,-1,-1,-1
58,1,211.5193634033203,243.02365112304688,31.423934936523438,77.30349731445312,-1,-1,-1,-1
59,1,208.41612243652344,243.36460876464844,31.86212158203125,78.63490295410156,-1,-1,-1,-1
61,1,206.6126251220703,250.19908142089844,30.068389892578125,72.44618225097656,-1,-1,-1,-1
62,1,206.10763549804688,251.93508911132812,30.72314453125,71.90426635742188,-1,-1,-1,-1
64,1,201.63299560546875,241.42848205566406,32.76605224609375,84.11607360839844,-1,-1,-1,-1
65,1,201.12110900878906,251.91221618652344,31.87744140625,75.48591613769531,-1,-1,-1,-1
66,1,200.74131774902344,253.15257263183594,31.9638671875,74.16706848144531,-1,-1,-1,-1
67,1,200.46778869628906,255.03387451171875,30.874862670898438,74.84783935546875,-1,-1,-1,-1
68,1,200.0811309814453,256.19590759277344,30.499725341796875,74.68336486816406,-1,-1,-1,-1
69,1,198.1305694580078,257.7140197753906,29.833831787109375,75.34542846679688,-1,-1,-1,-1
71,1,195.52288818359375,258.7748718261719,29.991424560546875,74.07546997070312,-1,-1,-1,-1
72,1,196.2473907470703,258.90863037109375,28.620651245117188,73.9449462890625,-1,-1,-1,-1
73,1,195.56436157226562,259.7884216308594,28.401473999023438,73.47830200195312,-1,-1,-1,-1
74,1,194.06967163085938,260.5361022949219,28.435867309570312,73.73690795898438,-1,-1,-1,-1
75,1,190.7245330810547,258.47454833984375,29.8516845703125,76.51809692382812,-1,-1,-1,-1
76,1,190.84913635253906,259.9244079589844,28.97210693359375,75.64337158203125,-1,-1,-1,-1
77,1,188.47242736816406,262.8077392578125,29.98388671875,75.49813842773438,-1,-1,-1,-1
78,1,186.94744873046875,262.75604248046875,31.113601684570312,76.09237670898438,-1,-1,-1,-1
79,1,187.64645385742188,266.2097473144531,29.996337890625,71.73318481445312,-1,-1,-1,-1
80,1,185.9202117919922,267.3130798339844,31.022705078125,71.31674194335938,-1,-1,-1,-1
81,1,179.95835876464844,259.6061706542969,35.90293884277344,79.61843872070312,-1,-1,-1,-1
85,1,176.6084442138672,268.2192687988281,30.891159057617188,77.17660522460938,-1,-1,-1,-1
86,1,176.5091552734375,268.7641906738281,30.441024780273438,77.17874145507812,-1,-1,-1,-1
87,1,175.79974365234375,270.2984619140625,28.865432739257812,76.13473510742188,-1,-1,-1,-1
88,1,176.02291870117188,271.20489501953125,28.527908325195312,75.2154541015625,-1,-1,-1,-1
89,1,172.29405212402344,270.586181640625,30.00201416015625,76.30117797851562,-1,-1,-1,-1
90,1,172.7225341796875,272.0566101074219,28.923812866210938,74.8046875,-1,-1,-1,-1
91,1,168.94448852539062,270.6061096191406,31.253890991210938,77.7486572265625,-1,-1,-1,-1
92,1,168.71669006347656,272.4013977050781,30.946014404296875,75.89584350585938,-1,-1,-1,-1
93,1,169.53457641601562,275.89349365234375,29.042938232421875,72.78314208984375,-1,-1,-1,-1
94,1,169.72604370117188,277.9153137207031,27.933380126953125,69.8275146484375,-1,-1,-1,-1
95,1,165.88235473632812,279.2181701660156,30.292449951171875,68.31381225585938,-1,-1,-1,-1
96,1,161.5828399658203,275.4306640625,32.97395324707031,72.11529541015625,-1,-1,-1,-1
97,1,160.63345336914062,278.6010437011719,31.200942993164062,71.19650268554688,-1,-1,-1,-1
98,1,160.44776916503906,278.4548645019531,30.181930541992188,72.00189208984375,-1,-1,-1,-1
99,1,158.3195343017578,277.9205627441406,30.204696655273438,77.205810546875,-1,-1,-1,-1
100,1,157.9197998046875,278.6886901855469,29.920562744140625,76.3826904296875,-1,-1,-1,-1
101,1,155.5515899658203,280.9511413574219,28.177719116210938,73.1248779296875,-1,-1,-1,-1
102,1,155.70814514160156,282.89984130859375,27.553512573242188,71.29071044921875,-1,-1,-1,-1
103,1,154.855224609375,283.638916015625,27.90185546875,72.0062255859375,-1,-1,-1,-1
104,1,152.12538146972656,284.3585510253906,29.235748291015625,70.37155151367188,-1,-1,-1,-1
105,1,148.81341552734375,284.46368408203125,32.866546630859375,74.31015014648438,-1,-1,-1,-1
106,1,149.10179138183594,285.3724670410156,31.2841796875,72.17987060546875,-1,-1,-1,-1
107,1,149.13973999023438,286.87506103515625,29.975570678710938,70.41763305664062,-1,-1,-1,-1
108,1,147.6724090576172,286.9476318359375,30.112197875976562,69.96417236328125,-1,-1,-1,-1
112,1,141.29185485839844,291.59637451171875,30.508712768554688,68.84930419921875,-1,-1,-1,-1
1,2,116.80583953857422,423.0198059082031,41.74243927001953,58.980194091796875,-1,-1,-1,-1
2,2,118.17703247070312,422.8683776855469,40.394012451171875,59.131622314453125,-1,-1,-1,-1
3,2,121.85115051269531,423.5062255859375,38.31599426269531,58.4937744140625,-1,-1,-1,-1
4,2,124.73184204101562,424.09197998046875,37.403778076171875,57.90802001953125,-1,-1,-1,-1
5,2,129.59495544433594,424.56353759765625,37.56196594238281,57.43646240234375,-1,-1,-1,-1
6,2,131.88356018066406,423.6135559082031,37.54182434082031,58.386444091796875,-1,-1,-1,-1
7,2,138.4037322998047,421.1119384765625,38.31565856933594,60.8880615234375,-1,-1,-1,-1
8,2,139.68508911132812,418.5704650878906,38.57965087890625,63.429534912109375,-1,-1,-1,-1
9,2,145.10096740722656,416.46368408203125,39.16490173339844,65.53631591796875,-1,-1,-1,-1
10,2,146.62249755859375,414.8908996582031,38.71394348144531,67.10910034179688,-1,-1,-1,-1
11,2,149.54156494140625,411.5408630371094,39.43914794921875,70.45913696289062,-1,-1,-1,-1
12,2,151.77813720703125,411.9107666015625,39.171112060546875,70.0892333984375,-1,-1,-1,-1
13,2,154.6920166015625,412.8314514160156,42.68513488769531,69.16854858398438,-1,-1,-1,-1
14,2,156.69869995117188,412.896728515625,43.82789611816406,69.103271484375,-1,-1,-1,-1
15,2,159.46371459960938,413.60113525390625,46.88984680175781,68.39886474609375,-1,-1,-1,-1
16,2,161.85873413085938,412.43243408203125,45.90287780761719,69.56756591796875,-1,-1,-1,-1
17,2,166.36077880859375,409.87664794921875,44.67314147949219,72.12335205078125,-1,-1,-1,-1
18,2,168.0048065185547,408.836181640625,44.94572448730469,73.163818359375,-1,-1,-1,-1
19,2,171.94503784179688,403.8572692871094,43.300445556640625,78.14273071289062,-1,-1,-1,-1
20,2,173.5834503173828,401.7182312011719,43.532867431640625,80.28176879882812,-1,-1,-1,-1
21,2,175.54156494140625,398.6558837890625,44.502593994140625,83.3441162109375,-1,-1,-1,-1
22,2,176.96388244628906,397.9429016113281,44.043670654296875,84.05709838867188,-1,-1,-1,-1
23,2,179.97879028320312,397.0318298339844,42.927490234375,84.96817016601562,-1,-1,-1,-1
24,2,180.16416931152344,398.199951171875,44.30088806152344,83.800048828125,-1,-1,-1,-1
25,2,183.0891876220703,398.0060729980469,45.95294189453125,83.99392700195312,-1,-1,-1,-1
26,2,185.4718780517578,399.0320739746094,46.49299621582031,82.96792602539062,-1,-1,-1,-1
27,2,191.75193786621094,397.1739196777344,44.441162109375,84.82608032226562,-1,-1,-1,-1
28,2,193.95513916015625,396.6340637207031,44.576904296875,85.36593627929688,-1,-1,-1,-1
29,2,197.87522888183594,393.5967712402344,43.884185791015625,88.40322875976562,-1,-1,-1,-1
30,2,200.30392456054688,392.626220703125,43.523712158203125,89.373779296875,-1,-1,-1,-1
31,2,205.64419555664062,387.78948974609375,40.918121337890625,94.21051025390625,-1,-1,-1,-1
32,2,208.22317504882812,387.95928955078125,40.4046630859375,94.04071044921875,-1,-1,-1,-1
33,2,213.2779083251953,386.9908447265625,40.411956787109375,95.0091552734375,-1,-1,-1,-1
34,2,214.94956970214844,386.76141357421875,42.14776611328125,95.23858642578125,-1,-1,-1,-1
35,2,218.4859619140625,387.13385009765625,45.051116943359375,94.86614990234375,-1,-1,-1,-1
36,2,220.1925048828125,387.56573486328125,44.16082763671875,94.43426513671875,-1,-1,-1,-1
37,2,222.2030792236328,386.9984436035156,44.72196960449219,95.00155639648438,-1,-1,-1,-1
38,2,223.61923217773438,386.3682556152344,45.914794921875,95.63174438476562,-1,-1,-1,-1
39,2,225.99977111816406,384.60296630859375,47.01246643066406,97.39703369140625,-1,-1,-1,-1
40,2,228.40806579589844,382.189208984375,46.47032165527344,99.810791015625,-1,-1,-1,-1
41,2,232.98626708984375,377.6481018066406,44.553497314453125,104.35189819335938,-1,-1,-1,-1
42,2,234.6824188232422,376.77764892578125,43.48783874511719,105.22235107421875,-1,-1,-1,-1
43,2,237.0309600830078,374.76654052734375,42.57856750488281,107.23345947265625,-1,-1,-1,-1
44,2,238.70399475097656,374.32928466796875,41.79289245605469,107.67071533203125,-1,-1,-1,-1
45,2,241.78990173339844,374.7070007324219,42.27201843261719,107.29299926757812,-1,-1,-1,-1
46,2,243.1036376953125,375.0816345214844,43.9696044921875,106.91836547851562,-1,-1,-1,-1
47,2,245.39404296875,376.1322937011719,44.47216796875,104.78204345703125,-1,-1,-1,-1
48,2,247.2208709716797,376.6356201171875,43.92790222167969,104.23638916015625,-1,-1,-1,-1
49,2,249.98135375976562,374.2973937988281,44.6510009765625,105.63555908203125,-1,-1,-1,-1
50,2,250.30014038085938,374.378662109375,45.429412841796875,104.48007202148438,-1,-1,-1,-1
51,2,254.6388397216797,371.9562683105469,44.04389953613281,104.05609130859375,-1,-1,-1,-1
52,2,257.3863525390625,369.99334716796875,43.39825439453125,104.74127197265625,-1,-1,-1,-1
53,2,263.9333190917969,367.8766174316406,40.20697021484375,103.94497680664062,-1,-1,-1,-1
54,2,266.4972839355469,366.86358642578125,39.694915771484375,104.5181884765625,-1,-1,-1,-1
55,2,271.8548278808594,365.5497131347656,40.961181640625,105.17755126953125,-1,-1,-1,-1
56,2,272.9516296386719,365.3190612792969,41.447509765625,104.83172607421875,-1,-1,-1,-1
57,2,275.97509765625,365.86669921875,42.7733154296875,103.31625366210938,-1,-1,-1,-1
58,2,277.70751953125,366.00067138671875,41.73663330078125,102.64556884765625,-1,-1,-1,-1
59,2,279.877197265625,365.69976806640625,41.63519287109375,103.4700927734375,-1,-1,-1,-1
60,2,281.28369140625,364.8125,41.759490966796875,104.0294189453125,-1,-1,-1,-1
61,2,284.7086486816406,361.18310546875,43.05621337890625,105.47897338867188,-1,-1,-1,-1
62,2,287.3342590332031,359.85223388671875,42.310516357421875,104.8292236328125,-1,-1,-1,-1
63,2,291.1449890136719,356.4591369628906,42.982421875,105.86737060546875,-1,-1,-1,-1
64,2,292.3312072753906,354.40277099609375,42.9307861328125,108.50985717773438,-1,-1,-1,-1
65,2,295.7967529296875,354.1351013183594,41.767791748046875,107.477294921875,-1,-1,-1,-1
66,2,298.0352478027344,353.1802062988281,41.55023193359375,107.14044189453125,-1,-1,-1,-1
67,2,300.86798095703125,354.18145751953125,43.666229248046875,105.67782592773438,-1,-1,-1,-1
68,2,302.0185852050781,354.4588317871094,46.63128662109375,104.96038818359375,-1,-1,-1,-1
69,2,304.1784973144531,355.67236328125,46.496734619140625,103.03875732421875,-1,-1,-1,-1
70,2,305.1470642089844,355.8365173339844,46.66436767578125,102.00662231445312,-1,-1,-1,-1
71,2,306.6407775878906,354.6629943847656,47.224578857421875,102.46951293945312,-1,-1,-1,-1
72,2,308.3364562988281,353.481689453125,47.099945068359375,102.24554443359375,-1,-1,-1,-1
73,2,313.87115478515625,351.4182434082031,44.29095458984375,101.29800415039062,-1,-1,-1,-1
74,2,317.7489013671875,349.3459777832031,42.7220458984375,102.35708618164062,-1,-1,-1,-1
75,2,324.52325439453125,347.56414794921875,39.186187744140625,102.00637817382812,-1,-1,-1,-1
76,2,327.1913146972656,346.2938537597656,39.397125244140625,103.29861450195312,-1,-1,-1,-1
77,2,330.4266052246094,345.55419921875,41.06353759765625,103.27481079101562,-1,-1,-1,-1
78,2,331.8590393066406,345.6641540527344,41.882843017578125,102.206298828125,-1,-1,-1,-1
79,2,334.34295654296875,346.86199951171875,42.794708251953125,100.32791137695312,-1,-1,-1,-1
80,2,336.09130859375,347.17999267578125,41.8892822265625,99.69610595703125,-1,-1,-1,-1
81,2,338.2523498535156,346.56890869140625,41.633941650390625,100.44143676757812,-1,-1,-1,-1
82,2,340.2715148925781,345.4455261230469,41.02679443359375,101.5157470703125,-1,-1,-1,-1
83,2,344.1762390136719,342.3380126953125,41.11688232421875,102.76065063476562,-1,-1,-1,-1
84,2,345.52716064453125,342.01812744140625,40.863739013671875,100.74105834960938,-1,-1,-1,-1
85,2,348.2666015625,338.352783203125,42.12286376953125,102.85366821289062,-1,-1,-1,-1
86,2,350.20465087890625,337.534912109375,40.664398193359375,103.10086059570312,-1,-1,-1,-1
87,2,352.8861083984375,336.2356872558594,39.25006103515625,103.39111328125,-1,-1,-1,-1
88,2,354.6282043457031,335.3919372558594,39.30487060546875,103.20883178710938,-1,-1,-1,-1
89,2,357.9471435546875,335.49786376953125,41.574188232421875,102.41998291015625,-1,-1,-1,-1
90,2,359.1449279785156,335.9197998046875,41.46185302734375,101.63131713867188,-1,-1,-1,-1
91,2,362.14434814453125,336.6094055175781,41.96539306640625,100.01239013671875,-1,-1,-1,-1
92,2,363.71722412109375,336.8404846191406,40.634735107421875,99.08441162109375,-1,-1,-1,-1
93,2,365.68426513671875,336.0040588378906,40.696441650390625,98.4600830078125,-1,-1,-1,-1
94,2,366.5980224609375,334.94525146484375,41.512237548828125,99.28286743164062,-1,-1,-1,-1
95,2,369.8008728027344,332.71539306640625,40.6361083984375,99.84536743164062,-1,-1,-1,-1
96,2,372.510498046875,331.1509704589844,39.45245361328125,99.97845458984375,-1,-1,-1,-1
97,2,376.857177734375,328.0765075683594,38.626129150390625,101.28042602539062,-1,-1,-1,-1
98,2,378.531494140625,327.5654296875,37.773345947265625,100.63912963867188,-1,-1,-1,-1
99,2,381.9443359375,326.8593444824219,36.945831298828125,100.69293212890625,-1,-1,-1,-1
100,2,382.9018859863281,326.43743896484375,37.875823974609375,100.82009887695312,-1,-1,-1,-1
101,2,384.8371276855469,327.05682373046875,40.1834716796875,99.60311889648438,-1,-1,-1,-1
102,2,386.1181335449219,327.29791259765625,39.78363037109375,99.19674682617188,-1,-1,-1,-1
103,2,387.9525451660156,327.29315185546875,40.25115966796875,99.2412109375,-1,-1,-1,-1
104,2,388.962158203125,326.9805603027344,40.587127685546875,99.18679809570312,-1,-1,-1,-1
105,2,390.8977355957031,324.5619201660156,40.8909912109375,100.21820068359375,-1,-1,-1,-1
106,2,391.9794616699219,323.4219665527344,40.62847900390625,99.153564453125,-1,-1,-1,-1
107,2,394.22607421875,320.7507629394531,39.80950927734375,99.38690185546875,-1,-1,-1,-1
108,2,395.4284362792969,319.5218505859375,39.48443603515625,99.21231079101562,-1,-1,-1,-1
109,2,398.1312561035156,317.5998840332031,38.04669189453125,100.38226318359375,-1,-1,-1,-1
110,2,399.2612609863281,317.00018310546875,37.931488037109375,100.21136474609375,-1,-1,-1,-1
111,2,402.63629150390625,317.4007568359375,37.52142333984375,98.99484252929688,-1,-1,-1,-1
112,2,403.6178283691406,317.44659423828125,38.2119140625,98.53903198242188,-1,-1,-1,-1
113,2,406.0279235839844,318.31219482421875,38.781463623046875,97.29013061523438,-1,-1,-1,-1
114,2,407.3795471191406,318.2095947265625,37.945556640625,96.53372192382812,-1,-1,-1,-1
115,2,409.0714416503906,317.72772216796875,37.592529296875,96.97943115234375,-1,-1,-1,-1
116,2,410.1827392578125,316.9322509765625,37.4713134765625,97.20257568359375,-1,-1,-1,-1
117,2,413.0638732910156,314.40008544921875,37.265777587890625,97.81906127929688,-1,-1,-1,-1
118,2,414.27850341796875,313.6314392089844,36.861663818359375,96.63986206054688,-1,-1,-1,-1
119,2,417.4277648925781,310.0269775390625,36.92047119140625,98.95327758789062,-1,-1,-1,-1
120,2,418.7925109863281,309.9635009765625,35.91241455078125,97.24520874023438,-1,-1,-1,-1
121,2,421.0724182128906,309.0721130371094,35.93353271484375,97.65264892578125,-1,-1,-1,-1
122,2,422.11590576171875,308.4719543457031,36.1650390625,97.2225341796875,-1,-1,-1,-1
123,2,423.7198791503906,309.0635986328125,36.76422119140625,95.64950561523438,-1,-1,-1,-1
124,2,424.5502014160156,309.4122314453125,37.27020263671875,94.40249633789062,-1,-1,-1,-1
125,2,425.8507995605469,308.98272705078125,38.451019287109375,96.94345092773438,-1,-1,-1,-1
126,2,426.94537353515625,308.7373962402344,38.007965087890625,96.17779541015625,-1,-1,-1,-1
127,2,427.6634521484375,307.0627136230469,38.8193359375,96.75201416015625,-1,-1,-1,-1
128,2,428.321044921875,305.20306396484375,39.437591552734375,97.71585083007812,-1,-1,-1,-1
129,2,429.67120361328125,303.4364013671875,39.432373046875,96.55081176757812,-1,-1,-1,-1
130,2,430.4804382324219,302.0667724609375,39.064117431640625,95.75088500976562,-1,-1,-1,-1
131,2,432.3432312011719,300.2515563964844,37.77239990234375,95.62371826171875,-1,-1,-1,-1
132,2,433.4247741699219,299.2370300292969,37.053466796875,96.40777587890625,-1,-1,-1,-1
133,2,434.474853515625,298.5306701660156,37.461212158203125,96.99716186523438,-1,-1,-1,-1
134,2,435.56536865234375,298.7054138183594,37.008056640625,96.99362182617188,-1,-1,-1,-1
135,2,437.4756164550781,299.3467712402344,36.5831298828125,96.30615234375,-1,-1,-1,-1
136,2,438.67596435546875,299.57769775390625,35.845855712890625,95.23953247070312,-1,-1,-1,-1
137,2,440.6756591796875,299.61541748046875,35.15582275390625,94.43972778320312,-1,-1,-1,-1
138,2,441.5954895019531,299.3418884277344,35.05609130859375,93.7733154296875,-1,-1,-1,-1
139,2,443.1449890136719,298.64581298828125,35.667572021484375,92.0390625,-1,-1,-1,-1
140,2,443.5867004394531,297.1689758300781,36.535125732421875,91.80917358398438,-1,-1,-1,-1
141,2,445.5295104980469,294.7087707519531,36.99847412109375,92.22979736328125,-1,-1,-1,-1
142,2,446.758056640625,292.7358093261719,36.769500732421875,93.82818603515625,-1,-1,-1,-1
143,2,448.2497863769531,291.4787902832031,36.616119384765625,93.559326171875,-1,-1,-1,-1
144,2,449.1585998535156,290.5901184082031,36.967559814453125,94.7091064453125,-1,-1,-1,-1
145,2,450.11077880859375,290.556396484375,38.425750732421875,95.00100708007812,-1,-1,-1,-1
146,2,450.4600524902344,290.98602294921875,39.0833740234375,93.86126708984375,-1,-1,-1,-1
147,2,451.24285888671875,291.33148193359375,39.2987060546875,92.76449584960938,-1,-1,-1,-1
148,2,451.6455993652344,291.2333679199219,39.19207763671875,92.65560913085938,-1,-1,-1,-1
149,2,452.2484436035156,290.14520263671875,39.356475830078125,94.05059814453125,-1,-1,-1,-1
150,2,452.8476257324219,289.4284362792969,39.30010986328125,93.98226928710938,-1,-1,-1,-1
151,2,454.0203857421875,286.5796813964844,39.054443359375,93.25363159179688,-1,-1,-1,-1
152,2,455.10162353515625,285.9704895019531,38.19647216796875,91.38973999023438,-1,-1,-1,-1
153,2,456.1605224609375,282.99041748046875,37.677490234375,92.95965576171875,-1,-1,-1,-1
154,2,457.0499267578125,281.94390869140625,37.339996337890625,92.99606323242188,-1,-1,-1,-1
155,2,458.72601318359375,280.9753112792969,36.483795166015625,94.05242919921875,-1,-1,-1,-1
156,2,459.8095397949219,281.0457458496094,35.8814697265625,93.68258666992188,-1,-1,-1,-1
157,2,461.57275390625,281.95062255859375,35.614898681640625,92.68194580078125,-1,-1,-1,-1
158,2,462.3609924316406,282.1856689453125,35.652923583984375,92.65850830078125,-1,-1,-1,-1
159,2,463.7566223144531,282.51739501953125,35.62310791015625,91.62173461914062,-1,-1,-1,-1
160,2,464.3595275878906,282.287841796875,35.680633544921875,91.14752197265625,-1,-1,-1,-1
161,2,465.7143859863281,281.4932861328125,35.95849609375,90.43368530273438,-1,-1,-1,-1
162,2,466.4576110839844,281.1064147949219,36.12664794921875,88.83108520507812,-1,-1,-1,-1
163,2,467.9879150390625,279.0427551269531,37.477752685546875,89.26458740234375,-1,-1,-1,-1
164,2,468.6896667480469,277.59136962890625,37.8009033203125,90.29754638671875,-1,-1,-1,-1
165,2,469.615478515625,275.55657958984375,38.92919921875,91.63198852539062,-1,-1,-1,-1
166,2,470.4324035644531,274.98895263671875,38.944000244140625,90.80343627929688,-1,-1,-1,-1
167,2,471.75640869140625,274.91485595703125,39.225250244140625,90.05126953125,-1,-1,-1,-1
168,2,472.50732421875,275.35089111328125,39.491119384765625,89.53594970703125,-1,-1,-1,-1
169,2,473.5517883300781,276.1700439453125,39.030364990234375,88.47027587890625,-1,-1,-1,-1
170,2,474.435546875,276.4041748046875,38.480865478515625,87.54034423828125,-1,-1,-1,-1
171,2,475.3776550292969,275.9159851074219,38.14544677734375,88.69332885742188,-1,-1,-1,-1
172,2,476.3230895996094,274.70880126953125,37.452423095703125,90.2899169921875,-1,-1,-1,-1
173,2,477.90673828125,272.7656555175781,36.39654541015625,90.14520263671875,-1,-1,-1,-1
174,2,479.110595703125,270.8798522949219,35.644775390625,89.858154296875,-1,-1,-1,-1
175,2,479.95953369140625,267.70703125,36.04736328125,90.91952514648438,-1,-1,-1,-1
176,2,480.69158935546875,266.6513671875,36.11395263671875,90.95590209960938,-1,-1,-1,-1
177,2,481.6067810058594,265.3573913574219,36.899017333984375,92.03433227539062,-1,-1,-1,-1
178,2,482.4948425292969,265.2153015136719,36.903167724609375,91.65679931640625,-1,-1,-1,-1
179,2,483.3282470703125,265.5093688964844,37.145751953125,91.11734008789062,-1,-1,-1,-1
180,2,484.1234436035156,265.9412841796875,37.438873291015625,90.90060424804688,-1,-1,-1,-1
181,2,485.61749267578125,266.6123962402344,37.48992919921875,89.78668212890625,-1,-1,-1,-1
182,2,486.7215881347656,266.9679870605469,37.276947021484375,88.91607666015625,-1,-1,-1,-1
183,2,488.6263122558594,266.49163818359375,37.037872314453125,88.59201049804688,-1,-1,-1,-1
184,2,489.66961669921875,265.8922424316406,37.0556640625,87.958251953125,-1,-1,-1,-1
185,2,491.31243896484375,263.34454345703125,37.17352294921875,88.38699340820312,-1,-1,-1,-1
186,2,492.443115234375,262.1905822753906,36.38494873046875,88.18984985351562,-1,-1,-1,-1
187,2,493.70977783203125,260.4023132324219,36.10205078125,88.68719482421875,-1,-1,-1,-1
188,2,495.2226867675781,259.0059814453125,35.390655517578125,89.2630615234375,-1,-1,-1,-1
189,2,496.7156066894531,258.38275146484375,35.057342529296875,88.81170654296875,-1,-1,-1,-1
190,2,497.5545349121094,258.4810485839844,35.094818115234375,89.23788452148438,-1,-1,-1,-1
191,2,498.7500915527344,259.5761413574219,34.415496826171875,88.2838134765625,-1,-1,-1,-1
192,2,499.1770324707031,259.81427001953125,34.348297119140625,88.13522338867188,-1,-1,-1,-1
193,2,499.5358581542969,259.5329895019531,34.879730224609375,88.3388671875,-1,-1,-1,-1
194,2,500.0339050292969,258.90374755859375,34.986968994140625,88.42547607421875,-1,-1,-1,-1
195,2,500.6850280761719,257.25189208984375,35.283782958984375,89.2530517578125,-1,-1,-1,-1
196,2,501.2947692871094,256.1361083984375,35.039215087890625,88.0904541015625,-1,-1,-1,-1
197,2,502.0059509277344,254.041748046875,34.975677490234375,87.9249267578125,-1,-1,-1,-1
198,2,502.6186218261719,252.2134552001953,34.764068603515625,88.14756774902344,-1,-1,-1,-1
199,2,503.40966796875,250.73291015625,34.654296875,89.05410766601562,-1,-1,-1,-1
200,2,504.48541259765625,250.13685607910156,34.00396728515625,89.19114685058594,-1,-1,-1,-1
36,3,1.0,414.2038879394531,42.16501235961914,67.79611206054688,-1,-1,-1,-1
37,3,1.0,414.27423095703125,43.6383171081543,67.72576904296875,-1,-1,-1,-1
38,3,1.0,412.9321594238281,45.261627197265625,69.06784057617188,-1,-1,-1,-1
39,3,4.69610071182251,411.50299072265625,43.533875942230225,70.49700927734375,-1,-1,-1,-1
40,3,7.157821178436279,411.6772766113281,42.44117021560669,70.32272338867188,-1,-1,-1,-1
41,3,9.903164863586426,406.8509521484375,40.81383419036865,75.1490478515625,-1,-1,-1,-1
42,3,12.120670318603516,407.07861328125,40.25953674316406,74.92138671875,-1,-1,-1,-1
43,3,17.203907012939453,407.5274963378906,39.82210922241211,74.47250366210938,-1,-1,-1,-1
44,3,17.194007873535156,407.9469299316406,40.74444580078125,74.05307006835938,-1,-1,-1,-1
45,3,19.7283992767334,407.13134765625,39.30862998962402,74.86865234375,-1,-1,-1,-1
46,3,21.729352951049805,407.57586669921875,40.0609188079834,74.42413330078125,-1,-1,-1,-1
48,3,28.694814682006836,405.4664611816406,40.15303993225098,76.53353881835938,-1,-1,-1,-1
49,3,33.530982971191406,403.4925231933594,41.18260192871094,78.50747680664062,-1,-1,-1,-1
50,3,36.449100494384766,401.65533447265625,41.05317306518555,80.34466552734375,-1,-1,-1,-1
51,3,41.02774429321289,399.4411926269531,40.5519905090332,82.55880737304688,-1,-1,-1,-1
52,3,42.50367736816406,399.375732421875,41.39520263671875,82.624267578125,-1,-1,-1,-1
53,3,44.92256164550781,397.02227783203125,45.85679626464844,84.97772216796875,-1,-1,-1,-1
54,3,46.962806701660156,395.9504699707031,45.06719970703125,86.04953002929688,-1,-1,-1,-1
55,3,49.595462799072266,395.9832763671875,46.46107864379883,86.0167236328125,-1,-1,-1,-1
56,3,51.99366760253906,395.2962951660156,46.051963806152344,86.70370483398438,-1,-1,-1,-1
57,3,54.956058502197266,394.696044921875,43.67021560668945,87.303955078125,-1,-1,-1,-1
58,3,55.6220703125,393.7757263183594,44.909400939941406,88.22427368164062,-1,-1,-1,-1
59,3,59.57915496826172,391.781982421875,41.88511657714844,90.218017578125,-1,-1,-1,-1
60,3,60.53178405761719,391.9219970703125,42.15705871582031,90.0780029296875,-1,-1,-1,-1
61,3,62.15946578979492,388.6298522949219,41.94472885131836,93.37014770507812,-1,-1,-1,-1
62,3,63.71477508544922,389.0234069824219,40.971290588378906,92.97659301757812,-1,-1,-1,-1
63,3,66.6771469116211,388.463134765625,39.60028839111328,93.536865234375,-1,-1,-1,-1
64,3,68.31720733642578,387.3505859375,39.731842041015625,94.6494140625,-1,-1,-1,-1
65,3,69.76029205322266,386.406005859375,40.44214630126953,95.593994140625,-1,-1,-1,-1
66,3,71.0706787109375,385.9245300292969,41.617515563964844,96.07546997070312,-1,-1,-1,-1
67,3,75.64396667480469,385.16485595703125,45.93761444091797,96.83514404296875,-1,-1,-1,-1
68,3,77.11310577392578,384.8759460449219,45.07134246826172,97.12405395507812,-1,-1,-1,-1
69,3,80.14201354980469,384.2409973144531,41.579063415527344,97.75900268554688,-1,-1,-1,-1
70,3,80.4151611328125,382.9110107421875,42.4755859375,99.0889892578125,-1,-1,-1,-1
71,3,82.56748962402344,381.74908447265625,44.79346466064453,100.25091552734375,-1,-1,-1,-1
72,3,83.4505844116211,381.5245361328125,45.03772735595703,100.4754638671875,-1,-1,-1,-1
73,3,88.72998046875,377.7919616699219,43.61241149902344,104.20803833007812,-1,-1,-1,-1
74,3,90.32317352294922,377.98724365234375,43.90557098388672,104.01275634765625,-1,-1,-1,-1
75,3,95.53633117675781,376.7789001464844,42.7618408203125,105.22109985351562,-1,-1,-1,-1
76,3,97.10357666015625,375.65740966796875,42.32380676269531,106.34259033203125,-1,-1,-1,-1
77,3,100.01494598388672,375.7916259765625,41.95421600341797,103.78451538085938,-1,-1,-1,-1
78,3,101.32828521728516,375.6257019042969,42.072975158691406,103.40512084960938,-1,-1,-1,-1
79,3,104.51395416259766,375.3092956542969,40.54717254638672,103.43148803710938,-1,-1,-1,-1
80,3,105.7240982055664,374.482421875,39.87238311767578,104.60409545898438,-1,-1,-1,-1
81,3,107.37290954589844,372.55059814453125,40.67884826660156,106.109130859375,-1,-1,-1,-1
82,3,108.76988983154297,372.1798095703125,40.62708282470703,106.35552978515625,-1,-1,-1,-1
83,3,110.49575805664062,370.0228576660156,40.736114501953125,106.186279296875,-1,-1,-1,-1
84,3,112.645751953125,369.423583984375,39.70268249511719,105.64736938476562,-1,-1,-1,-1
85,3,114.89717864990234,367.8427734375,39.56378936767578,105.43624877929688,-1,-1,-1,-1
86,3,117.52972412109375,367.2936096191406,38.34806823730469,105.3536376953125,-1,-1,-1,-1
87,3,120.11212921142578,366.475830078125,39.51360321044922,105.86587524414062,-1,-1,-1,-1
88,3,121.72298431396484,366.17742919921875,40.239952087402344,105.86318969726562,-1,-1,-1,-1
89,3,124.50678253173828,366.26470947265625,41.67107391357422,105.22149658203125,-1,-1,-1,-1
90,3,125.49461364746094,365.9783935546875,41.41694641113281,104.88665771484375,-1,-1,-1,-1
91,3,126.95281219482422,364.7339782714844,41.039512634277344,105.09033203125,-1,-1,-1,-1
92,3,127.82086944580078,364.2052001953125,40.999794006347656,105.16226196289062,-1,-1,-1,-1
93,3,129.4993438720703,362.5079650878906,42.27320861816406,105.46035766601562,-1,-1,-1,-1
94,3,132.8380889892578,362.0610046386719,40.97222900390625,103.778564453125,-1,-1,-1,-1
95,3,139.28994750976562,360.6085205078125,39.55816650390625,101.81597900390625,-1,-1,-1,-1
96,3,140.17733764648438,359.48358154296875,40.3856201171875,103.19729614257812,-1,-1,-1,-1
97,3,141.34228515625,358.07183837890625,41.26679992675781,104.13253784179688,-1,-1,-1,-1
98,3,142.76588439941406,357.3323974609375,41.11602783203125,104.69586181640625,-1,-1,-1,-1
99,3,145.2039337158203,357.3048400878906,39.836334228515625,103.89434814453125,-1,-1,-1,-1
100,3,146.36814880371094,356.7533264160156,40.16685485839844,104.37103271484375,-1,-1,-1,-1
101,3,148.17742919921875,355.65789794921875,39.12249755859375,104.481201171875,-1,-1,-1,-1
102,3,148.84207153320312,354.58648681640625,39.29621887207031,105.32748413085938,-1,-1,-1,-1
103,3,149.77328491210938,352.63812255859375,39.70655822753906,105.622314453125,-1,-1,-1,-1
104,3,150.48658752441406,352.30120849609375,39.53779602050781,105.30068969726562,-1,-1,-1,-1
105,3,151.71397399902344,350.7677917480469,40.31538391113281,105.20364379882812,-1,-1,-1,-1
106,3,153.14215087890625,350.7855529785156,39.48847961425781,102.81219482421875,-1,-1,-1,-1
107,3,155.58172607421875,350.34967041015625,38.17304992675781,101.59268188476562,-1,-1,-1,-1
108,3,157.29745483398438,349.80908203125,37.63417053222656,101.17767333984375,-1,-1,-1,-1
109,3,159.27783203125,348.26348876953125,37.70719909667969,101.40011596679688,-1,-1,-1,-1
110,3,160.7771453857422,347.8569641113281,37.1373291015625,101.33892822265625,-1,-1,-1,-1
111,3,162.88995361328125,347.91510009765625,38.12303161621094,100.88809204101562,-1,-1,-1,-1
112,3,164.2360076904297,347.7691650390625,37.81280517578125,99.93234252929688,-1,-1,-1,-1
113,3,165.5421905517578,346.7115173339844,37.830718994140625,100.26119995117188,-1,-1,-1,-1
114,3,166.4212646484375,345.9693603515625,38.103973388671875,100.25247192382812,-1,-1,-1,-1
115,3,167.29360961914062,344.1298522949219,39.67558288574219,101.26348876953125,-1,-1,-1,-1
116,3,168.86962890625,343.3607177734375,39.64045715332031,100.99612426757812,-1,-1,-1,-1
117,3,175.44180297851562,341.16461181640625,39.762115478515625,100.472412109375,-1,-1,-1,-1
118,3,177.0577392578125,340.6158752441406,39.05134582519531,100.78515625,-1,-1,-1,-1
119,3,179.18670654296875,339.2757568359375,38.89215087890625,101.36465454101562,-1,-1,-1,-1
120,3,180.16250610351562,338.17083740234375,39.49235534667969,101.82745361328125,-1,-1,-1,-1
121,3,181.5431365966797,337.6938781738281,40.676727294921875,101.30035400390625,-1,-1,-1,-1
122,3,182.39918518066406,337.54241943359375,40.51219177246094,100.9656982421875,-1,-1,-1,-1
123,3,184.76885986328125,337.52532958984375,38.722259521484375,99.46731567382812,-1,-1,-1,-1
124,3,185.7911376953125,337.10003662109375,38.60316467285156,99.91848754882812,-1,-1,-1,-1
125,3,187.5496826171875,336.3197326660156,37.851776123046875,99.8739013671875,-1,-1,-1,-1
126,3,188.13467407226562,335.4367370605469,38.187255859375,100.34475708007812,-1,-1,-1,-1
127,3,189.96047973632812,334.0106201171875,37.71699523925781,99.54202270507812,-1,-1,-1,-1
128,3,191.12823486328125,333.20013427734375,37.315887451171875,99.07180786132812,-1,-1,-1,-1
129,3,192.8131103515625,332.04693603515625,36.606842041015625,99.02780151367188,-1,-1,-1,-1
130,3,194.3313751220703,331.4192810058594,35.5826416015625,98.63177490234375,-1,-1,-1,-1
131,3,196.7564239501953,330.7196350097656,35.38177490234375,98.34664916992188,-1,-1,-1,-1
132,3,198.08912658691406,330.6299133300781,35.16551208496094,97.9693603515625,-1,-1,-1,-1
133,3,199.73072814941406,330.0785217285156,35.41734313964844,98.09539794921875,-1,-1,-1,-1
134,3,201.07371520996094,330.1745300292969,35.053436279296875,97.4400634765625,-1,-1,-1,-1
135,3,202.99365234375,330.064697265625,35.3685302734375,96.90179443359375,-1,-1,-1,-1
136,3,204.13250732421875,329.28936767578125,35.26475524902344,96.40719604492188,-1,-1,-1,-1
137,3,205.51614379882812,327.7349853515625,36.24769592285156,96.76907348632812,-1,-1,-1,-1
138,3,206.69175720214844,326.8565673828125,36.42494201660156,96.57754516601562,-1,-1,-1,-1
139,3,210.75131225585938,323.3440856933594,37.5093994140625,99.4129638671875,-1,-1,-1,-1
140,3,212.1919708251953,323.2074890136719,37.010833740234375,98.58773803710938,-1,-1,-1,-1
141,3,214.46304321289062,322.2656555175781,38.4652099609375,98.5526123046875,-1,-1,-1,-1
142,3,215.7096405029297,321.76434326171875,38.499786376953125,98.27590942382812,-1,-1,-1,-1
143,3,217.16000366210938,321.0752258300781,39.12651062011719,97.86587524414062,-1,-1,-1,-1
144,3,218.15414428710938,320.7535705566406,39.16566467285156,97.68585205078125,-1,-1,-1,-1
145,3,219.33721923828125,320.6456604003906,39.746185302734375,97.07015991210938,-1,-1,-1,-1
146,3,220.5590057373047,320.4237365722656,38.87995910644531,96.6781005859375,-1,-1,-1,-1
147,3,222.0094757080078,319.11865234375,37.96205139160156,97.35824584960938,-1,-1,-1,-1
148,3,222.79141235351562,318.6469421386719,37.471771240234375,97.3878173828125,-1,-1,-1,-1
149,3,225.25189208984375,317.1780090332031,35.94708251953125,96.20904541015625,-1,-1,-1,-1
150,3,225.93836975097656,315.5955810546875,35.80827331542969,97.39901733398438,-1,-1,-1,-1
151,3,226.82229614257812,314.25323486328125,35.455047607421875,98.06625366210938,-1,-1,-1,-1
152,3,227.6429901123047,313.26409912109375,34.98307800292969,97.46786499023438,-1,-1,-1,-1
153,3,229.3397979736328,313.0088806152344,34.65596008300781,95.82666015625,-1,-1,-1,-1
154,3,230.3896026611328,312.9195861816406,34.91239929199219,95.54718017578125,-1,-1,-1,-1
155,3,232.23040771484375,313.3394775390625,35.4554443359375,94.63327026367188,-1,-1,-1,-1
156,3,233.3299560546875,313.350341796875,35.122467041015625,93.98001098632812,-1,-1,-1,-1
157,3,234.6275177001953,312.4212646484375,35.41822814941406,94.13739013671875,-1,-1,-1,-1
158,3,235.56201171875,312.13665771484375,35.49481201171875,93.73751831054688,-1,-1,-1,-1
159,3,237.5087127685547,310.9569091796875,36.40934753417969,93.66741943359375,-1,-1,-1,-1
160,3,239.6326904296875,310.4779968261719,35.7574462890625,93.18072509765625,-1,-1,-1,-1
161,3,244.37423706054688,307.751953125,35.5615234375,94.7467041015625,-1,-1,-1,-1
162,3,245.56468200683594,306.462890625,36.62962341308594,95.71945190429688,-1,-1,-1,-1
163,3,247.27903747558594,305.2049865722656,37.39173889160156,96.65093994140625,-1,-1,-1,-1
164,3,248.12986755371094,304.78564453125,38.02622985839844,96.55953979492188,-1,-1,-1,-1
165,3,249.82972717285156,305.1664123535156,39.40467834472656,95.4195556640625,-1,-1,-1,-1
166,3,251.15882873535156,305.2170104980469,38.76502990722656,94.05047607421875,-1,-1,-1,-1
167,3,252.7968292236328,305.4290771484375,38.28190612792969,93.01290893554688,-1,-1,-1,-1
168,3,253.98333740234375,304.9345397949219,37.7884521484375,93.06741333007812,-1,-1,-1,-1
169,3,255.7589874267578,303.54644775390625,37.03630065917969,93.59820556640625,-1,-1,-1,-1
170,3,256.8735809326172,302.66357421875,36.56236267089844,94.00482177734375,-1,-1,-1,-1
171,3,258.488525390625,301.1497497558594,35.7122802734375,93.39077758789062,-1,-1,-1,-1
172,3,259.1271667480469,299.9022521972656,35.524322509765625,94.00784301757812,-1,-1,-1,-1
173,3,260.63916015625,299.0666809082031,34.591339111328125,94.26895141601562,-1,-1,-1,-1
174,3,261.65582275390625,298.6910095214844,34.377044677734375,94.03195190429688,-1,-1,-1,-1
175,3,263.95343017578125,298.5654296875,34.16363525390625,92.93405151367188,-1,-1,-1,-1
176,3,265.0470886230469,298.2646789550781,34.34527587890625,93.00054931640625,-1,-1,-1,-1
177,3,266.3730163574219,298.2488098144531,34.8349609375,92.80718994140625,-1,-1,-1,-1
178,3,267.2489929199219,298.1451416015625,35.030242919921875,92.30276489257812,-1,-1,-1,-1
179,3,268.71929931640625,297.64788818359375,34.8258056640625,92.25912475585938,-1,-1,-1,-1
180,3,269.64886474609375,297.0783386230469,34.961761474609375,92.22412109375,-1,-1,-1,-1
181,3,272.27447509765625,295.2217712402344,35.552490234375,92.81167602539062,-1,-1,-1,-1
182,3,273.771240234375,294.9565124511719,35.06939697265625,91.23379516601562,-1,-1,-1,-1
183,3,276.1746826171875,293.5164489746094,35.073883056640625,91.01400756835938,-1,-1,-1,-1
184,3,277.5216979980469,293.01715087890625,36.268096923828125,91.14306640625,-1,-1,-1,-1
185,3,279.5780944824219,291.5729675292969,37.314605712890625,91.86422729492188,-1,-1,-1,-1
186,3,280.6103515625,290.7225646972656,37.934112548828125,92.34085083007812,-1,-1,-1,-1
187,3,282.9667053222656,290.4763488769531,36.770599365234375,91.89877319335938,-1,-1,-1,-1
188,3,283.8777770996094,290.43609619140625,36.819976806640625,91.77490234375,-1,-1,-1,-1
189,3,285.253662109375,290.272216796875,36.7591552734375,91.344970703125,-1,-1,-1,-1
190,3,286.0251770019531,289.8669738769531,36.5400390625,91.3116455078125,-1,-1,-1,-1
191,3,286.99627685546875,288.2397155761719,36.40155029296875,92.43606567382812,-1,-1,-1,-1
192,3,287.8687438964844,286.9941101074219,36.193695068359375,93.16217041015625,-1,-1,-1,-1
193,3,289.15484619140625,285.8338928222656,35.465545654296875,92.774658203125,-1,-1,-1,-1
194,3,290.16253662109375,285.2794494628906,34.592681884765625,91.81057739257812,-1,-1,-1,-1
195,3,291.0038757324219,284.3512878417969,34.03948974609375,92.48007202148438,-1,-1,-1,-1
196,3,291.6755065917969,283.8075866699219,33.34393310546875,92.44424438476562,-1,-1,-1,-1
197,3,292.8288879394531,283.4234313964844,32.960693359375,91.78158569335938,-1,-1,-1,-1
198,3,294.179443359375,283.31878662109375,32.2572021484375,91.36886596679688,-1,-1,-1,-1
199,3,295.1660461425781,283.0843811035156,32.20770263671875,91.22604370117188,-1,-1,-1,-1
200,3,296.3578796386719,282.9999694824219,31.69024658203125,90.81716918945312,-1,-1,-1,-1
45,4,1.0,401.24871826171875,29.228641510009766,80.75128173828125,-1,-1,-1,-1
46,4,1.0,400.55584716796875,30.184326171875,81.44415283203125,-1,-1,-1,-1
48,4,3.219879150390625,394.84332275390625,32.27455139160156,87.15667724609375,-1,-1,-1,-1
49,4,4.118257761001587,394.0227355957031,35.726239919662476,87.97726440429688,-1,-1,-1,-1
50,4,5.193565368652344,392.5687255859375,36.54895782470703,89.4312744140625,-1,-1,-1,-1
51,4,7.479546546936035,391.5133056640625,38.416869163513184,90.4866943359375,-1,-1,-1,-1
52,4,7.7874064445495605,390.3816223144531,40.328129291534424,91.61837768554688,-1,-1,-1,-1
53,4,9.20942211151123,390.6351013183594,42.351983070373535,91.36489868164062,-1,-1,-1,-1
54,4,10.91909408569336,390.08258056640625,42.88378143310547,91.91741943359375,-1,-1,-1,-1
55,4,15.583827018737793,390.6064147949219,40.56239414215088,91.39358520507812,-1,-1,-1,-1
56,4,16.846028327941895,389.871826171875,40.938124656677246,92.128173828125,-1,-1,-1,-1
57,4,20.060670852661133,387.2861633300781,39.66057777404785,94.71383666992188,-1,-1,-1,-1
58,4,22.278995513916016,385.39794921875,38.68531799316406,96.60205078125,-1,-1,-1,-1
59,4,27.405275344848633,382.4107666015625,36.2724666595459,99.5892333984375,-1,-1,-1,-1
60,4,28.197154998779297,381.457763671875,37.117427825927734,100.542236328125,-1,-1,-1,-1
61,4,31.613916397094727,382.1206359863281,35.49755668640137,99.87936401367188,-1,-1,-1,-1
62,4,34.21608352661133,382.3668518066406,33.92815017700195,99.63314819335938,-1,-1,-1,-1
63,4,37.09074020385742,382.35400390625,33.08234786987305,99.64599609375,-1,-1,-1,-1
64,4,38.30049133300781,382.22808837890625,33.68939971923828,99.77191162109375,-1,-1,-1,-1
65,4,40.636192321777344,380.7027587890625,33.801918029785156,101.2972412109375,-1,-1,-1,-1
66,4,42.18006134033203,379.6519775390625,33.763763427734375,102.3480224609375,-1,-1,-1,-1
67,4,43.59171676635742,378.400146484375,34.8287239074707,103.599853515625,-1,-1,-1,-1
68,4,45.00985336303711,376.01239013671875,34.99861526489258,105.98760986328125,-1,-1,-1,-1
69,4,47.41661834716797,371.8031921386719,35.407554626464844,109.2178955078125,-1,-1,-1,-1
70,4,48.938873291015625,371.53271484375,36.07171630859375,110.13021850585938,-1,-1,-1,-1
71,4,51.15254592895508,371.8117370605469,36.290531158447266,109.04995727539062,-1,-1,-1,-1
72,4,52.31637954711914,371.7527770996094,36.80051803588867,109.02972412109375,-1,-1,-1,-1
73,4,55.5030632019043,372.3488464355469,37.774593353271484,107.99609375,-1,-1,-1,-1
74,4,57.12984085083008,372.30572509765625,37.35121536254883,107.43612670898438,-1,-1,-1,-1
75,4,58.716453552246094,372.1822509765625,37.627838134765625,104.85699462890625,-1,-1,-1,-1
76,4,59.78383255004883,371.6831970214844,37.77964401245117,103.99594116210938,-1,-1,-1,-1
77,4,62.17706298828125,370.2290344238281,37.64665222167969,102.78402709960938,-1,-1,-1,-1
78,4,64.54172897338867,369.60107421875,36.24421310424805,101.94757080078125,-1,-1,-1,-1
79,4,68.40744018554688,367.4016418457031,34.760826110839844,101.33322143554688,-1,-1,-1,-1
80,4,69.37460327148438,366.0165100097656,35.14842224121094,102.51675415039062,-1,-1,-1,-1
81,4,71.79544830322266,363.78582763671875,34.86138916015625,103.78176879882812,-1,-1,-1,-1
82,4,74.16092681884766,363.3973083496094,33.25434112548828,103.87921142578125,-1,-1,-1,-1
83,4,76.64573669433594,363.44268798828125,32.585662841796875,103.41497802734375,-1,-1,-1,-1
84,4,78.05140686035156,363.55377197265625,32.202110290527344,102.45751953125,-1,-1,-1,-1
85,4,80.43467712402344,363.0482177734375,33.28276062011719,102.12066650390625,-1,-1,-1,-1
86,4,81.46731567382812,362.6458740234375,33.457420349121094,102.07546997070312,-1,-1,-1,-1
87,4,83.5185775756836,362.06475830078125,33.33069610595703,101.42626953125,-1,-1,-1,-1
88,4,84.82530212402344,361.12322998046875,33.366180419921875,101.94766235351562,-1,-1,-1,-1
89,4,87.17086791992188,359.3580627441406,33.03362274169922,101.67733764648438,-1,-1,-1,-1
90,4,88.06713104248047,357.01129150390625,33.34552764892578,103.44155883789062,-1,-1,-1,-1
91,4,90.55842590332031,354.775634765625,32.93687438964844,105.02682495117188,-1,-1,-1,-1
92,4,91.6330795288086,354.34063720703125,33.17124938964844,104.22579956054688,-1,-1,-1,-1
93,4,93.01593017578125,354.62396240234375,34.181129455566406,103.1336669921875,-1,-1,-1,-1
94,4,94.80680847167969,354.8755798339844,34.66645050048828,102.45053100585938,-1,-1,-1,-1
95,4,97.04448699951172,355.1021423339844,35.082374572753906,101.21151733398438,-1,-1,-1,-1
96,4,98.1376724243164,354.948486328125,35.122581481933594,100.50924682617188,-1,-1,-1,-1
97,4,99.86384582519531,352.7422790527344,36.45243835449219,101.09213256835938,-1,-1,-1,-1
98,4,101.1241455078125,352.7179260253906,36.2520751953125,100.170654296875,-1,-1,-1,-1
99,4,104.36859893798828,352.09088134765625,34.702964782714844,98.52951049804688,-1,-1,-1,-1
100,4,105.76730346679688,350.464599609375,34.63702392578125,98.81472778320312,-1,-1,-1,-1
101,4,108.53030395507812,348.54931640625,34.151580810546875,99.59835815429688,-1,-1,-1,-1
102,4,109.6806411743164,347.6584777832031,33.82164764404297,99.97525024414062,-1,-1,-1,-1
103,4,112.47280883789062,346.7207946777344,32.536529541015625,100.673095703125,-1,-1,-1,-1
104,4,113.4643325805664,346.24603271484375,32.36455535888672,101.10501098632812,-1,-1,-1,-1
105,4,116.16435241699219,346.1835632324219,31.003311157226562,100.50259399414062,-1,-1,-1,-1
106,4,117.47525787353516,346.372314453125,30.918357849121094,99.67742919921875,-1,-1,-1,-1
107,4,119.15419006347656,345.311767578125,31.408187866210938,99.81329345703125,-1,-1,-1,-1
108,4,120.25487518310547,343.9762878417969,31.22266387939453,100.5072021484375,-1,-1,-1,-1
109,4,122.33101654052734,341.6444091796875,31.56739044189453,100.17242431640625,-1,-1,-1,-1
110,4,123.29984283447266,340.0515441894531,31.82904815673828,100.84197998046875,-1,-1,-1,-1
111,4,125.88874816894531,338.72320556640625,30.57745361328125,99.0166015625,-1,-1,-1,-1
112,4,126.9499282836914,339.8190002441406,30.747535705566406,98.09381103515625,-1,-1,-1,-1
113,4,129.39859008789062,338.2201232910156,31.373611450195312,99.14935302734375,-1,-1,-1,-1
114,4,130.065673828125,338.23114013671875,31.565750122070312,99.23236083984375,-1,-1,-1,-1
115,4,131.4503631591797,338.9228820800781,32.9156494140625,98.34368896484375,-1,-1,-1,-1
116,4,132.7420654296875,339.2566833496094,33.616912841796875,97.7646484375,-1,-1,-1,-1
117,4,135.37911987304688,338.6317443847656,33.96531677246094,95.74374389648438,-1,-1,-1,-1
118,4,136.35301208496094,338.7540283203125,34.14164733886719,94.54052734375,-1,-1,-1,-1
119,4,137.8681640625,335.9830017089844,34.76666259765625,95.731689453125,-1,-1,-1,-1
120,4,138.41253662109375,335.07574462890625,35.558624267578125,95.75,-1,-1,-1,-1
121,4,143.06600952148438,333.4998779296875,33.575042724609375,95.1561279296875,-1,-1,-1,-1
122,4,143.98062133789062,332.5628662109375,33.38191223144531,95.76907348632812,-1,-1,-1,-1
123,4,146.11524963378906,331.0650634765625,32.90574645996094,96.258056640625,-1,-1,-1,-1
124,4,147.3170623779297,330.7317199707031,32.40211486816406,95.97344970703125,-1,-1,-1,-1
125,4,149.72232055664062,330.46923828125,31.815505981445312,96.10153198242188,-1,-1,-1,-1
126,4,151.34808349609375,330.8089599609375,31.325637817382812,95.50790405273438,-1,-1,-1,-1
127,4,153.79408264160156,330.6987609863281,29.805862426757812,95.0673828125,-1,-1,-1,-1
128,4,155.04144287109375,329.7899169921875,29.736053466796875,95.5479736328125,-1,-1,-1,-1
129,4,157.3350372314453,328.7628173828125,29.92425537109375,95.88717651367188,-1,-1,-1,-1
130,4,158.4066925048828,328.13909912109375,30.106124877929688,95.81076049804688,-1,-1,-1,-1
131,4,160.13198852539062,326.20281982421875,31.637100219726562,96.19772338867188,-1,-1,-1,-1
132,4,160.6508331298828,325.3342590332031,31.959152221679688,96.11041259765625,-1,-1,-1,-1
133,4,162.484619140625,323.02880859375,32.036376953125,97.66952514648438,-1,-1,-1,-1
134,4,164.2620849609375,322.39605712890625,31.3702392578125,97.499755859375,-1,-1,-1,-1
135,4,165.71356201171875,321.880859375,31.457977294921875,97.47906494140625,-1,-1,-1,-1
136,4,166.84994506835938,321.6868591308594,31.914321899414062,97.37149047851562,-1,-1,-1,-1
137,4,168.3265380859375,322.07708740234375,32.84736633300781,96.35476684570312,-1,-1,-1,-1
138,4,169.13096618652344,322.2458801269531,33.0408935546875,95.79019165039062,-1,-1,-1,-1
139,4,171.00955200195312,321.7676086425781,32.7860107421875,95.48016357421875,-1,-1,-1,-1
140,4,172.5093994140625,320.9764099121094,32.05140686035156,95.37374877929688,-1,-1,-1,-1
141,4,175.47509765625,319.1040954589844,31.675689697265625,96.03497314453125,-1,-1,-1,-1
142,4,176.6205291748047,318.30743408203125,31.473403930664062,95.64700317382812,-1,-1,-1,-1
143,4,178.03213500976562,316.499755859375,32.00929260253906,96.00039672851562,-1,-1,-1,-1
144,4,179.20339965820312,315.83465576171875,31.72052001953125,95.62527465820312,-1,-1,-1,-1
145,4,180.2060546875,314.92974853515625,32.38029479980469,95.95843505859375,-1,-1,-1,-1
146,4,180.9996795654297,314.8003845214844,32.19329833984375,95.70156860351562,-1,-1,-1,-1
147,4,183.01571655273438,315.0108642578125,31.180374145507812,94.62652587890625,-1,-1,-1,-1
148,4,183.87232971191406,315.0488586425781,31.257080078125,93.71420288085938,-1,-1,-1,-1
149,4,185.5985870361328,314.7579345703125,31.00732421875,92.9757080078125,-1,-1,-1,-1
150,4,186.71971130371094,314.4235534667969,30.921600341796875,92.62921142578125,-1,-1,-1,-1
151,4,188.53121948242188,313.4596862792969,30.691436767578125,92.77069091796875,-1,-1,-1,-1
152,4,189.2946319580078,312.1805114746094,30.989044189453125,93.06155395507812,-1,-1,-1,-1
153,4,191.2037353515625,311.0992431640625,30.472549438476562,91.47174072265625,-1,-1,-1,-1
154,4,192.70657348632812,309.9182434082031,30.198776245117188,92.19744873046875,-1,-1,-1,-1
155,4,194.16485595703125,308.3063659667969,30.580169677734375,93.5257568359375,-1,-1,-1,-1
156,4,195.4709930419922,307.5301818847656,30.336395263671875,93.93438720703125,-1,-1,-1,-1
157,4,196.54762268066406,306.763427734375,30.795806884765625,94.042724609375,-1,-1,-1,-1
158,4,197.2302703857422,306.5813293457031,31.538925170898438,93.85098266601562,-1,-1,-1,-1
159,4,198.8288116455078,306.71142578125,32.56163024902344,93.2685546875,-1,-1,-1,-1
160,4,199.76193237304688,306.7580871582031,32.51776123046875,92.5233154296875,-1,-1,-1,-1
161,4,201.63510131835938,306.2679138183594,32.32099914550781,91.80392456054688,-1,-1,-1,-1
162,4,202.9962615966797,306.30303955078125,32.330963134765625,90.71823120117188,-1,-1,-1,-1
163,4,205.51719665527344,304.3211669921875,31.492919921875,91.22354125976562,-1,-1,-1,-1
164,4,207.01564025878906,302.59381103515625,31.050308227539062,91.89968872070312,-1,-1,-1,-1
165,4,209.2754669189453,300.4146728515625,30.563369750976562,92.63516235351562,-1,-1,-1,-1
166,4,210.42750549316406,299.6831970214844,30.05584716796875,92.59405517578125,-1,-1,-1,-1
167,4,211.90213012695312,299.1537170410156,30.102493286132812,92.59567260742188,-1,-1,-1,-1
168,4,212.68968200683594,299.0604553222656,30.215576171875,92.8399658203125,-1,-1,-1,-1
169,4,213.63026428222656,299.26953125,30.911087036132812,92.37966918945312,-1,-1,-1,-1
170,4,214.7366485595703,299.3725280761719,30.70208740234375,91.73126220703125,-1,-1,-1,-1
171,4,216.1951904296875,298.7531433105469,30.065460205078125,91.03598022460938,-1,-1,-1,-1
172,4,217.1528778076172,297.7921447753906,30.29229736328125,91.28564453125,-1,-1,-1,-1
173,4,218.1149444580078,296.845458984375,31.0650634765625,90.51828002929688,-1,-1,-1,-1
174,4,218.9889373779297,296.0043029785156,30.893325805664062,89.7537841796875,-1,-1,-1,-1
175,4,220.50767517089844,293.28546142578125,30.868408203125,91.54241943359375,-1,-1,-1,-1
176,4,221.4783172607422,292.9414978027344,30.687911987304688,91.23934936523438,-1,-1,-1,-1
177,4,222.959228515625,292.3697509765625,30.861984252929688,90.82852172851562,-1,-1,-1,-1
178,4,223.8905029296875,291.9315185546875,31.035598754882812,90.92742919921875,-1,-1,-1,-1
179,4,225.3832550048828,291.9342346191406,31.652801513671875,90.79742431640625,-1,-1,-1,-1
180,4,226.28274536132812,292.04840087890625,31.733367919921875,90.21841430664062,-1,-1,-1,-1
181,4,227.73736572265625,291.873779296875,31.401397705078125,89.47012329101562,-1,-1,-1,-1
182,4,228.78172302246094,291.474609375,31.263931274414062,89.25140380859375,-1,-1,-1,-1
183,4,230.9387664794922,290.08477783203125,31.153701782226562,89.64126586914062,-1,-1,-1,-1
184,4,232.1571502685547,289.5053405761719,30.777450561523438,89.04049682617188,-1,-1,-1,-1
185,4,234.02745056152344,287.517578125,30.214736938476562,89.777587890625,-1,-1,-1,-1
186,4,235.18212890625,286.72607421875,29.8228759765625,89.76629638671875,-1,-1,-1,-1
187,4,236.8568115234375,284.5950927734375,29.87811279296875,90.99053955078125,-1,-1,-1,-1
188,4,237.4454345703125,284.2477111816406,30.28948974609375,90.76101684570312,-1,-1,-1,-1
189,4,238.71290588378906,284.4053649902344,30.452316284179688,90.14682006835938,-1,-1,-1,-1
190,4,239.49215698242188,284.75689697265625,30.44549560546875,89.93511962890625,-1,-1,-1,-1
191,4,241.49143981933594,284.61566162109375,29.328079223632812,89.298583984375,-1,-1,-1,-1
192,4,242.14077758789062,284.1789245605469,29.78009033203125,89.1436767578125,-1,-1,-1,-1
193,4,243.52737426757812,283.0843505859375,29.95245361328125,88.81182861328125,-1,-1,-1,-1
194,4,244.29811096191406,282.5008544921875,29.976425170898438,87.9765625,-1,-1,-1,-1
195,4,245.8992462158203,280.2873840332031,30.046829223632812,88.70916748046875,-1,-1,-1,-1
196,4,246.67356872558594,279.6221923828125,29.961349487304688,88.42971801757812,-1,-1,-1,-1
197,4,247.8150177001953,277.6527099609375,30.376296997070312,91.03860473632812,-1,-1,-1,-1
198,4,248.7195587158203,277.277587890625,30.214981079101562,90.77947998046875,-1,-1,-1,-1
199,4,249.9019012451172,276.7085266113281,30.114974975585938,90.45904541015625,-1,-1,-1,-1
200,4,250.69813537597656,276.5455017089844,30.250228881835938,90.40301513671875,-1,-1,-1,-1
64,5,1.0,374.26318359375,30.08530044555664,107.73681640625,-1,-1,-1,-1
65,5,1.0,376.0408020019531,29.636079788208008,105.79595947265625,-1,-1,-1,-1
67,5,1.0,372.85272216796875,40.32051086425781,108.86209106445312,-1,-1,-1,-1
68,5,1.0,375.79095458984375,40.7434196472168,98.95782470703125,-1,-1,-1,-1
69,5,1.52352374792099,373.9927978515625,41.276486933231354,99.97268676757812,-1,-1,-1,-1
70,5,2.117602586746216,374.75665283203125,41.23392939567566,97.45703125,-1,-1,-1,-1
71,5,1.6490562558174133,371.4122009277344,43.815962970256805,101.30877685546875,-1,-1,-1,-1
72,5,1.0,368.3495788574219,46.1532096862793,104.52981567382812,-1,-1,-1,-1
73,5,7.962077617645264,372.12164306640625,42.39361619949341,99.20394897460938,-1,-1,-1,-1
74,5,10.55947494506836,372.5308532714844,39.46739959716797,98.54827880859375,-1,-1,-1,-1
75,5,14.176868438720703,368.27178955078125,38.050537109375,101.88607788085938,-1,-1,-1,-1
76,5,16.327259063720703,367.47357177734375,36.63585662841797,101.62252807617188,-1,-1,-1,-1
77,5,20.17433738708496,366.2870788574219,34.93301582336426,102.19696044921875,-1,-1,-1,-1
78,5,20.67281150817871,365.3392333984375,35.31597709655762,101.92803955078125,-1,-1,-1,-1
79,5,21.816102981567383,363.0263366699219,38.6439151763916,103.78741455078125,-1,-1,-1,-1
80,5,22.812456130981445,362.1125183105469,39.78872871398926,103.5711669921875,-1,-1,-1,-1
81,5,27.249330520629883,361.46832275390625,37.39267158508301,104.45693969726562,-1,-1,-1,-1
82,5,28.6328067779541,360.85784912109375,37.23864936828613,104.60421752929688,-1,-1,-1,-1
83,5,33.77122116088867,361.69061279296875,34.17501449584961,101.86944580078125,-1,-1,-1,-1
84,5,35.11286163330078,360.80401611328125,34.082847595214844,101.85531616210938,-1,-1,-1,-1
85,5,38.60464096069336,358.1339416503906,34.754695892333984,104.47091674804688,-1,-1,-1,-1
86,5,40.19976806640625,358.5684509277344,33.72776794433594,103.67001342773438,-1,-1,-1,-1
87,5,42.33159255981445,358.432861328125,33.932498931884766,103.60952758789062,-1,-1,-1,-1
88,5,43.057579040527344,356.0302429199219,35.365966796875,105.82070922851562,-1,-1,-1,-1
89,5,45.366607666015625,357.095703125,36.80723571777344,103.7705078125,-1,-1,-1,-1
90,5,46.01865005493164,356.6141357421875,37.16889572143555,103.46524047851562,-1,-1,-1,-1
91,5,47.49211120605469,357.4158020019531,37.0286865234375,101.4249267578125,-1,-1,-1,-1
92,5,49.01472473144531,358.3646240234375,36.1495361328125,98.87808227539062,-1,-1,-1,-1
93,5,52.691715240478516,358.125732421875,34.805484771728516,98.19552612304688,-1,-1,-1,-1
94,5,54.619266510009766,355.05413818359375,34.67649459838867,100.6419677734375,-1,-1,-1,-1
95,5,57.011260986328125,353.4200744628906,34.45256042480469,99.0423583984375,-1,-1,-1,-1
96,5,58.43153762817383,351.23492431640625,35.00228500366211,100.89114379882812,-1,-1,-1,-1
97,5,58.913612365722656,349.0960998535156,37.418426513671875,102.73202514648438,-1,-1,-1,-1
98,5,59.746124267578125,348.1906433105469,37.76812744140625,102.71188354492188,-1,-1,-1,-1
99,5,60.4581298828125,347.0563049316406,38.54541015625,102.4825439453125,-1,-1,-1,-1
100,5,61.240699768066406,346.77569580078125,38.67889404296875,101.84994506835938,-1,-1,-1,-1
101,5,64.38089370727539,346.9018859863281,36.770687103271484,100.68826293945312,-1,-1,-1,-1
102,5,66.2402572631836,347.1788024902344,35.71272277832031,99.05459594726562,-1,-1,-1,-1
103,5,67.92034912109375,341.5091552734375,36.824989318847656,103.4796142578125,-1,-1,-1,-1
104,5,70.11015319824219,342.0395202636719,34.86027526855469,101.54541015625,-1,-1,-1,-1
105,5,73.66786193847656,336.8270568847656,35.715171813964844,105.3763427734375,-1,-1,-1,-1
106,5,74.7012710571289,336.2693176269531,35.41693115234375,105.81118774414062,-1,-1,-1,-1
107,5,76.37950897216797,335.5518798828125,35.59263610839844,106.59194946289062,-1,-1,-1,-1
108,5,77.35950469970703,335.78125,35.76310729980469,105.38360595703125,-1,-1,-1,-1
109,5,78.59683227539062,339.5314025878906,36.403846740722656,100.83709716796875,-1,-1,-1,-1
110,5,79.39129638671875,337.76055908203125,36.83848571777344,102.27285766601562,-1,-1,-1,-1
111,5,80.78412628173828,343.2078857421875,36.20695495605469,95.94808959960938,-1,-1,-1,-1
112,5,81.81222534179688,341.66485595703125,35.836097717285156,97.03903198242188,-1,-1,-1,-1
113,5,83.5448989868164,335.49017333984375,36.77815246582031,102.30361938476562,-1,-1,-1,-1
114,5,84.7701416015625,336.3177490234375,37.19380187988281,99.81155395507812,-1,-1,-1,-1
115,5,91.46018981933594,337.0559997558594,34.22154235839844,96.55404663085938,-1,-1,-1,-1
116,5,93.0808334350586,340.92364501953125,32.58384704589844,92.37380981445312,-1,-1,-1,-1
117,5,93.86585998535156,327.69720458984375,35.434486389160156,105.53512573242188,-1,-1,-1,-1
118,5,95.33941650390625,329.2514343261719,33.771949768066406,103.08087158203125,-1,-1,-1,-1
119,5,96.89179992675781,329.6815490722656,33.725433349609375,102.35772705078125,-1,-1,-1,-1
120,5,97.1053466796875,328.6596374511719,34.82560729980469,102.88323974609375,-1,-1,-1,-1
121,5,98.54224395751953,330.2152099609375,34.98265838623047,100.51821899414062,-1,-1,-1,-1
122,5,99.73945617675781,330.9703369140625,34.020294189453125,99.30313110351562,-1,-1,-1,-1
123,5,100.94278717041016,325.2535705566406,36.881919860839844,104.5313720703125,-1,-1,-1,-1
124,5,102.55133056640625,324.9936828613281,35.91600036621094,103.68182373046875,-1,-1,-1,-1
125,5,106.44488525390625,321.8349304199219,36.0137939453125,105.38836669921875,-1,-1,-1,-1
126,5,107.83344268798828,321.87249755859375,34.91771697998047,103.94906616210938,-1,-1,-1,-1
127,5,107.4651870727539,306.89703369140625,38.03740692138672,118.5789794921875,-1,-1,-1,-1
128,5,108.36986541748047,305.79339599609375,37.539939880371094,119.48919677734375,-1,-1,-1,-1
129,5,108.93955993652344,304.3775329589844,37.9337158203125,121.26394653320312,-1,-1,-1,-1
130,5,110.97797393798828,306.98956298828125,36.784706115722656,117.24349975585938,-1,-1,-1,-1
131,5,116.05126953125,312.7898864746094,34.805206298828125,110.01089477539062,-1,-1,-1,-1
132,5,115.7617416381836,317.2879333496094,36.17884063720703,104.2802734375,-1,-1,-1,-1
133,5,115.77798461914062,318.6163330078125,37.02362060546875,101.64218139648438,-1,-1,-1,-1
134,5,115.44886779785156,318.0122985839844,39.12156677246094,101.14208984375,-1,-1,-1,-1
135,5,118.83110809326172,317.1397399902344,37.96392059326172,101.09768676757812,-1,-1,-1,-1
136,5,122.7892837524414,316.7689208984375,34.56023406982422,100.16067504882812,-1,-1,-1,-1
137,5,126.2237777709961,319.0296630859375,34.251075744628906,97.11822509765625,-1,-1,-1,-1
138,5,127.3106689453125,318.8350830078125,33.8792724609375,97.00173950195312,-1,-1,-1,-1
139,5,129.6090087890625,319.02996826171875,33.87030029296875,95.93380737304688,-1,-1,-1,-1
140,5,130.58387756347656,319.3332214355469,33.5050048828125,95.40142822265625,-1,-1,-1,-1
141,5,132.42681884765625,319.43719482421875,33.607666015625,94.80047607421875,-1,-1,-1,-1
142,5,133.54917907714844,319.738037109375,33.24894714355469,93.62948608398438,-1,-1,-1,-1
143,5,135.20594787597656,319.384033203125,32.94300842285156,92.8922119140625,-1,-1,-1,-1
144,5,136.3343963623047,319.607666015625,33.03089904785156,91.84170532226562,-1,-1,-1,-1
145,5,138.0078887939453,319.68109130859375,32.00880432128906,89.95425415039062,-1,-1,-1,-1
146,5,139.008056640625,318.7043762207031,32.47930908203125,89.61273193359375,-1,-1,-1,-1
147,5,140.14749145507812,316.9837951660156,33.4451904296875,90.19003295898438,-1,-1,-1,-1
148,5,141.03726196289062,314.4433898925781,34.250579833984375,92.0208740234375,-1,-1,-1,-1
149,5,142.95834350585938,313.3951110839844,34.137542724609375,92.38385009765625,-1,-1,-1,-1
150,5,144.24684143066406,313.306884765625,33.61207580566406,91.77029418945312,-1,-1,-1,-1
151,5,146.75860595703125,313.189697265625,33.66070556640625,91.06637573242188,-1,-1,-1,-1
152,5,147.52337646484375,313.5740051269531,33.52049255371094,90.11648559570312,-1,-1,-1,-1
153,5,149.33460998535156,313.37823486328125,32.78559875488281,89.61053466796875,-1,-1,-1,-1
154,5,150.6290283203125,313.1234130859375,32.338134765625,89.20242309570312,-1,-1,-1,-1
155,5,153.84751892089844,313.2180480957031,31.725494384765625,87.7491455078125,-1,-1,-1,-1
156,5,155.34616088867188,312.258056640625,31.548797607421875,87.38638305664062,-1,-1,-1,-1
157,5,156.243896484375,310.2159729003906,31.732818603515625,88.73367309570312,-1,-1,-1,-1
158,5,156.68453979492188,307.474853515625,32.01007080078125,91.13308715820312,-1,-1,-1,-1
159,5,158.1947479248047,307.7532043457031,31.367904663085938,89.57281494140625,-1,-1,-1,-1
160,5,158.9501190185547,305.6583557128906,31.6807861328125,91.21490478515625,-1,-1,-1,-1
161,5,160.02911376953125,305.0978088378906,32.326202392578125,91.88388061523438,-1,-1,-1,-1
162,5,160.66188049316406,304.8509521484375,32.55049133300781,91.94369506835938,-1,-1,-1,-1
163,5,162.17799377441406,305.1764221191406,31.487380981445312,90.8494873046875,-1,-1,-1,-1
164,5,162.91822814941406,304.780029296875,31.363037109375,90.67709350585938,-1,-1,-1,-1
165,5,163.9161376953125,302.1252136230469,31.93438720703125,92.43142700195312,-1,-1,-1,-1
166,5,165.24911499023438,302.1344299316406,31.812576293945312,90.2509765625,-1,-1,-1,-1
167,5,167.20095825195312,300.20166015625,31.64324951171875,89.25619506835938,-1,-1,-1,-1
168,5,167.96534729003906,299.2877502441406,31.60113525390625,89.53289794921875,-1,-1,-1,-1
169,5,168.90235900878906,298.6458740234375,31.57916259765625,89.3685302734375,-1,-1,-1,-1
170,5,169.67958068847656,298.07147216796875,31.441146850585938,89.2308349609375,-1,-1,-1,-1
171,5,170.45108032226562,297.29296875,31.937835693359375,89.35498046875,-1,-1,-1,-1
172,5,170.96878051757812,297.451416015625,32.38365173339844,88.57958984375,-1,-1,-1,-1
173,5,172.48623657226562,296.6421813964844,31.66259765625,88.38803100585938,-1,-1,-1,-1
174,5,173.9329833984375,295.7115478515625,30.927780151367188,88.49520874023438,-1,-1,-1,-1
175,5,176.86700439453125,294.1594543457031,31.03497314453125,88.49856567382812,-1,-1,-1,-1
176,5,177.37203979492188,293.267333984375,30.98712158203125,88.8104248046875,-1,-1,-1,-1
177,5,178.813720703125,292.6560363769531,31.0184326171875,88.72592163085938,-1,-1,-1,-1
178,5,179.4197998046875,291.225830078125,31.774246215820312,89.99118041992188,-1,-1,-1,-1
179,5,181.25552368164062,291.3287658691406,31.767227172851562,89.20843505859375,-1,-1,-1,-1
180,5,182.458251953125,291.4557189941406,31.558807373046875,88.75518798828125,-1,-1,-1,-1
181,5,184.47598266601562,291.9198913574219,31.3450927734375,87.42825317382812,-1,-1,-1,-1
182,5,185.40769958496094,292.063232421875,31.1732177734375,86.53857421875,-1,-1,-1,-1
183,5,186.94210815429688,292.2414855957031,30.540298461914062,85.5526123046875,-1,-1,-1,-1
184,5,188.39883422851562,291.74462890625,30.111984252929688,85.64892578125,-1,-1,-1,-1
185,5,189.68515014648438,289.709228515625,31.269729614257812,87.3616943359375,-1,-1,-1,-1
186,5,190.44639587402344,287.26348876953125,31.3135986328125,88.9942626953125,-1,-1,-1,-1
187,5,192.24484252929688,285.3174743652344,31.453659057617188,90.32037353515625,-1,-1,-1,-1
188,5,193.1067657470703,284.9681701660156,31.379501342773438,89.92379760742188,-1,-1,-1,-1
189,5,194.41152954101562,283.74908447265625,31.303955078125,89.4329833984375,-1,-1,-1,-1
190,5,195.4569854736328,282.6510925292969,31.364898681640625,89.47012329101562,-1,-1,-1,-1
191,5,197.21888732910156,282.96954345703125,30.883941650390625,87.62969970703125,-1,-1,-1,-1
192,5,197.88668823242188,283.494873046875,30.834625244140625,86.69512939453125,-1,-1,-1,-1
193,5,198.70660400390625,284.2059020996094,30.812789916992188,85.51309204101562,-1,-1,-1,-1
194,5,199.64515686035156,284.3376770019531,31.008392333984375,84.90176391601562,-1,-1,-1,-1
195,5,202.24166870117188,280.3623352050781,32.31163024902344,86.37124633789062,-1,-1,-1,-1
196,5,203.21575927734375,279.91900634765625,31.775299072265625,85.87832641601562,-1,-1,-1,-1
197,5,205.4285888671875,277.563232421875,31.164459228515625,87.29681396484375,-1,-1,-1,-1
198,5,207.01559448242188,276.46112060546875,30.12200927734375,87.7047119140625,-1,-1,-1,-1
199,5,208.25521850585938,274.7460021972656,29.715042114257812,88.58798217773438,-1,-1,-1,-1
200,5,209.21002197265625,274.09234619140625,29.5303955078125,88.71981811523438,-1,-1,-1,-1
121,6,126.30792236328125,300.12646484375,29.496856689453125,73.30145263671875,-1,-1,-1,-1
122,6,124.26887512207031,299.495361328125,30.427566528320312,74.71600341796875,-1,-1,-1,-1
123,6,120.01012420654297,300.4496154785156,29.63530731201172,76.682373046875,-1,-1,-1,-1
124,6,121.51578521728516,306.0550842285156,28.40216827392578,68.18234252929688,-1,-1,-1,-1
133,7,102.79472351074219,310.76904296875,28.310272216796875,75.3330078125,-1,-1,-1,-1
134,7,102.14461517333984,309.568359375,29.07849884033203,77.42706298828125,-1,-1,-1,-1
135,7,98.9955825805664,312.387939453125,29.09247589111328,75.34234619140625,-1,-1,-1,-1
136,7,94.00543212890625,312.29046630859375,32.03734588623047,76.31277465820312,-1,-1,-1,-1
137,7,92.81600952148438,311.7667236328125,30.00505828857422,75.99618530273438,-1,-1,-1,-1
138,7,92.85549926757812,311.9034423828125,29.078697204589844,75.739990234375,-1,-1,-1,-1
139,7,92.12577056884766,311.9126281738281,28.862045288085938,75.68170166015625,-1,-1,-1,-1
140,7,89.2200927734375,309.90155029296875,29.920150756835938,78.71185302734375,-1,-1,-1,-1
141,7,87.55162048339844,311.3885498046875,30.1209716796875,77.74270629882812,-1,-1,-1,-1
142,7,88.25486755371094,312.76190185546875,28.07134246826172,75.88589477539062,-1,-1,-1,-1
143,7,85.2588882446289,314.3157958984375,28.40845489501953,74.94723510742188,-1,-1,-1,-1
144,7,84.06867218017578,315.34814453125,29.140602111816406,74.02627563476562,-1,-1,-1,-1
145,7,77.68829345703125,314.89019775390625,30.756324768066406,76.14474487304688,-1,-1,-1,-1
146,7,72.71089172363281,312.4252014160156,32.24462127685547,79.6053466796875,-1,-1,-1,-1
147,7,70.58512878417969,312.8714294433594,33.19408416748047,79.9359130859375,-1,-1,-1,-1
148,7,67.63085174560547,309.6679382324219,35.060394287109375,85.48016357421875,-1,-1,-1,-1
149,7,67.83147430419922,312.2290954589844,34.01441192626953,85.6513671875,-1,-1,-1,-1
150,7,68.58203887939453,313.5336608886719,32.170982360839844,84.39178466796875,-1,-1,-1,-1
151,7,68.16638946533203,316.8106689453125,30.277992248535156,82.613037109375,-1,-1,-1,-1
152,7,66.88069915771484,317.056396484375,31.049461364746094,82.83474731445312,-1,-1,-1,-1
153,7,65.04362487792969,319.5267639160156,30.297607421875,81.68484497070312,-1,-1,-1,-1
154,7,64.9157485961914,319.14013671875,29.801063537597656,82.38955688476562,-1,-1,-1,-1
155,7,63.705623626708984,320.3717346191406,30.290630340576172,82.10845947265625,-1,-1,-1,-1
156,7,62.545955657958984,320.3983154296875,30.661571502685547,82.90579223632812,-1,-1,-1,-1
157,7,58.633628845214844,324.3288269042969,31.79425811767578,80.60833740234375,-1,-1,-1,-1
158,7,56.569278717041016,325.39398193359375,31.794551849365234,79.81576538085938,-1,-1,-1,-1
159,7,52.908634185791016,327.12847900390625,32.217533111572266,79.15234375,-1,-1,-1,-1
160,7,53.22246170043945,327.2823181152344,31.439029693603516,79.52886962890625,-1,-1,-1,-1
161,7,50.921504974365234,327.571044921875,32.67166519165039,80.3392333984375,-1,-1,-1,-1
162,7,49.67304229736328,327.3130798339844,32.106605529785156,79.85546875,-1,-1,-1,-1
163,7,45.90780258178711,316.6998291015625,33.24238204956055,90.10171508789062,-1,-1,-1,-1
164,7,45.54084014892578,323.87060546875,31.226226806640625,84.03909301757812,-1,-1,-1,-1
165,7,43.8173942565918,327.8287658691406,29.899707794189453,84.39920043945312,-1,-1,-1,-1
166,7,43.59843063354492,328.76983642578125,29.570377349853516,84.81411743164062,-1,-1,-1,-1
167,7,40.25613021850586,330.7162780761719,30.770687103271484,85.47613525390625,-1,-1,-1,-1
168,7,38.923973083496094,332.4020080566406,30.59412384033203,83.75848388671875,-1,-1,-1,-1
169,7,34.055809020996094,334.9337158203125,33.56755065917969,82.75711059570312,-1,-1,-1,-1
170,7,33.91901779174805,334.9903869628906,32.78896713256836,82.6044921875,-1,-1,-1,-1
171,7,32.954721450805664,335.0853576660156,33.29334831237793,82.77322387695312,-1,-1,-1,-1
172,7,32.959943771362305,335.523681640625,32.65254783630371,82.31829833984375,-1,-1,-1,-1
174,7,24.017044067382812,336.6219787597656,34.998355865478516,83.27163696289062,-1,-1,-1,-1
175,7,23.088462829589844,340.43804931640625,35.3062858581543,79.87222290039062,-1,-1,-1,-1
176,7,22.60500717163086,342.4476623535156,35.068477630615234,78.30874633789062,-1,-1,-1,-1
177,7,18.733530044555664,343.48931884765625,37.11484336853027,78.63311767578125,-1,-1,-1,-1
178,7,15.971782684326172,343.6957702636719,38.127159118652344,78.990478515625,-1,-1,-1,-1
179,7,13.727675437927246,344.0196228027344,37.06519794464111,79.37652587890625,-1,-1,-1,-1
180,7,11.853923797607422,344.7860107421875,35.9760627746582,79.0885009765625,-1,-1,-1,-1
181,7,11.794289588928223,347.0897521972656,34.25392818450928,78.68292236328125,-1,-1,-1,-1
182,7,10.803269386291504,348.69708251953125,34.41783428192139,79.0655517578125,-1,-1,-1,-1
183,7,7.704987049102783,346.01702880859375,34.08389234542847,84.4996337890625,-1,-1,-1,-1
184,7,8.411876201629639,350.316162109375,32.24565553665161,79.66879272460938,-1,-1,-1,-1
185,7,4.2488014698028564,352.4877624511719,33.011975049972534,79.9447021484375,-1,-1,-1,-1
186,7,3.846120595932007,352.9007873535156,32.033979654312134,80.23141479492188,-1,-1,-1,-1
187,7,2.8610600233078003,353.2979431152344,31.57318603992462,80.295654296875,-1,-1,-1,-1
188,7,1.3304115533828735,354.2821044921875,30.96046483516693,79.35330200195312,-1,-1,-1,-1
189,7,1.0,352.88665771484375,29.779071807861328,81.98593139648438,-1,-1,-1,-1
190,7,1.0,353.7992858886719,28.554231643676758,81.2371826171875,-1,-1,-1,-1
191,7,1.0,355.03118896484375,27.063228607177734,80.651611328125,-1,-1,-1,-1
192,7,1.0,355.86517333984375,26.65936279296875,79.39822387695312,-1,-1,-1,-1
193,7,1.0,361.84832763671875,23.485397338867188,72.52627563476562,-1,-1,-1,-1
194,7,1.0,365.0882568359375,22.455928802490234,69.01657104492188,-1,-1,-1,-1
195,7,1.0,364.3954162597656,19.458608627319336,69.26275634765625,-1,-1,-1,-1
196,7,1.0,358.7071533203125,17.636693954467773,78.01278686523438,-1,-1,-1,-1
