1,1,368.7641906738281,197.29562377929688,25.764068603515625,68.74801635742188,-1,-1,-1,-1
2,1,368.9747619628906,197.36228942871094,25.892242431640625,67.95372009277344,-1,-1,-1,-1
3,1,368.96380615234375,197.5524444580078,26.330169677734375,67.14591979980469,-1,-1,-1,-1
4,1,369.15533447265625,197.26417541503906,26.687896728515625,67.24327087402344,-1,-1,-1,-1
5,1,370.1334228515625,195.79360961914062,25.963958740234375,67.24313354492188,-1,-1,-1,-1
6,1,370.9841613769531,195.2802276611328,25.058319091796875,67.00065612792969,-1,-1,-1,-1
7,1,372.74029541015625,193.606201171875,24.030426025390625,67.02706909179688,-1,-1,-1,-1
8,1,373.4181213378906,192.72674560546875,23.709625244140625,67.2449951171875,-1,-1,-1,-1
9,1,374.22723388671875,192.42739868164062,23.618560791015625,66.49557495117188,-1,-1,-1,-1
10,1,374.6819763183594,192.17840576171875,23.7467041015625,66.3160400390625,-1,-1,-1,-1
11,1,374.7915954589844,191.67420959472656,24.11676025390625,66.83183288574219,-1,-1,-1,-1
12,1,374.9981384277344,191.27078247070312,24.16424560546875,67.0045166015625,-1,-1,-1,-1
13,1,375.1393127441406,190.58627319335938,24.63568115234375,67.3350830078125,-1,-1,-1,-1
14,1,375.38958740234375,190.31796264648438,25.058746337890625,67.31216430664062,-1,-1,-1,-1
15,1,375.5932922363281,189.81964111328125,25.855712890625,67.65098571777344,-1,-1,-1,-1
16,1,375.5699462890625,189.52040100097656,26.560333251953125,67.67045593261719,-1,-1,-1,-1
17,1,375.7938232421875,189.15060424804688,26.4775390625,67.06291198730469,-1,-1,-1,-1
18,1,376.5362548828125,188.69715881347656,25.67822265625,66.62939453125,-1,-1,-1,-1
19,1,377.3719787597656,187.4210205078125,24.997314453125,66.98663330078125,-1,-1,-1,-1
20,1,378.1221618652344,186.83248901367188,24.2183837890625,67.17170715332031,-1,-1,-1,-1
21,1,378.6571350097656,185.9633026123047,23.9793701171875,67.66778564453125,-1,-1,-1,-1
22,1,379.1355895996094,185.96853637695312,23.742218017578125,66.93141174316406,-1,-1,-1,-1
23,1,379.6239929199219,185.97885131835938,23.63037109375,65.88056945800781,-1,-1,-1,-1
24,1,380.004638671875,185.99691772460938,23.419952392578125,65.09703063964844,-1,-1,-1,-1
25,1,379.9665222167969,185.05841064453125,23.822113037109375,65.30726623535156,-1,-1,-1,-1
26,1,380.0689697265625,184.24044799804688,23.954864501953125,65.1949462890625,-1,-1,-1,-1
27,1,380.157958984375,182.896240234375,24.431427001953125,65.9271240234375,-1,-1,-1,-1
28,1,380.31939697265625,182.4891357421875,24.625732421875,66.11262512207031,-1,-1,-1,-1
29,1,380.177001953125,182.34762573242188,25.085418701171875,66.05049133300781,-1,-1,-1,-1
30,1,379.9994812011719,182.28311157226562,25.62213134765625,65.93452453613281,-1,-1,-1,-1
31,1,379.7040100097656,182.4654541015625,26.2435302734375,65.48912048339844,-1,-1,-1,-1
32,1,379.63922119140625,182.57516479492188,26.391845703125,65.36839294433594,-1,-1,-1,-1
33,1,379.6817626953125,182.09339904785156,26.244598388671875,64.8148193359375,-1,-1,-1,-1
34,1,379.7275390625,181.8888702392578,26.164703369140625,63.83447265625,-1,-1,-1,-1
35,1,379.68695068359375,181.0074920654297,25.711395263671875,63.360015869140625,-1,-1,-1,-1
36,1,379.6265563964844,179.61605834960938,25.38885498046875,64.41653442382812,-1,-1,-1,-1
37,1,379.7381896972656,177.79359436035156,25.26104736328125,66.04367065429688,-1,-1,-1,-1
38,1,379.9720764160156,177.3532257080078,24.9013671875,66.15664672851562,-1,-1,-1,-1
39,1,380.335693359375,177.15911865234375,24.60595703125,65.52288818359375,-1,-1,-1,-1
40,1,380.5997009277344,177.21060180664062,24.577972412109375,64.91787719726562,-1,-1,-1,-1
41,1,380.8848571777344,177.04946899414062,24.540557861328125,64.2607421875,-1,-1,-1,-1
42,1,381.08984375,176.8418426513672,24.59906005859375,63.912261962890625,-1,-1,-1,-1
43,1,380.9591064453125,176.24185180664062,24.9970703125,63.609619140625,-1,-1,-1,-1
44,1,380.975341796875,175.79684448242188,24.952178955078125,63.420440673828125,-1,-1,-1,-1
45,1,380.3846435546875,174.585205078125,25.464813232421875,63.86512756347656,-1,-1,-1,-1
46,1,380.1656494140625,173.70620727539062,25.631866455078125,64.61329650878906,-1,-1,-1,-1
47,1,380.097412109375,173.03134155273438,25.580718994140625,64.64552307128906,-1,-1,-1,-1
48,1,380.1423034667969,173.02890014648438,25.523895263671875,64.02420043945312,-1,-1,-1,-1
49,1,380.0273742675781,172.95126342773438,25.606689453125,63.8319091796875,-1,-1,-1,-1
50,1,379.98370361328125,173.09861755371094,25.652496337890625,63.29888916015625,-1,-1,-1,-1
51,1,379.8057556152344,173.04443359375,25.533203125,62.90240478515625,-1,-1,-1,-1
52,1,379.6021728515625,172.81448364257812,25.523681640625,62.714447021484375,-1,-1,-1,-1
53,1,379.42877197265625,172.21885681152344,25.102386474609375,62.36311340332031,-1,-1,-1,-1
54,1,379.29669189453125,171.7496795654297,24.983367919921875,62.52105712890625,-1,-1,-1,-1
55,1,379.3703308105469,170.64837646484375,24.65069580078125,63.42127990722656,-1,-1,-1,-1
56,1,379.6610107421875,169.52606201171875,24.36090087890625,64.28511047363281,-1,-1,-1,-1
57,1,380.034423828125,168.9524688720703,23.95745849609375,64.2076416015625,-1,-1,-1,-1
58,1,380.35992431640625,168.75650024414062,23.76031494140625,64.06309509277344,-1,-1,-1,-1
59,1,380.8690490722656,168.8009490966797,23.597198486328125,63.10432434082031,-1,-1,-1,-1
60,1,381.2255859375,168.63047790527344,23.584442138671875,62.9066162109375,-1,-1,-1,-1
61,1,381.6097717285156,168.1877899169922,23.4703369140625,62.914764404296875,-1,-1,-1,-1
62,1,381.773681640625,167.94850158691406,23.4921875,62.92059326171875,-1,-1,-1,-1
63,1,381.6690368652344,166.702392578125,23.73797607421875,63.29563903808594,-1,-1,-1,-1
64,1,381.61785888671875,165.9582061767578,23.950225830078125,63.33558654785156,-1,-1,-1,-1
65,1,381.4306335449219,164.65487670898438,24.50372314453125,63.98088073730469,-1,-1,-1,-1
66,1,381.2530822753906,164.26202392578125,24.83624267578125,64.1636962890625,-1,-1,-1,-1
67,1,380.94586181640625,164.2060089111328,25.1353759765625,63.807891845703125,-1,-1,-1,-1
68,1,380.83575439453125,164.22946166992188,25.226531982421875,63.59376525878906,-1,-1,-1,-1
69,1,380.5301818847656,164.24713134765625,25.432281494140625,63.32666015625,-1,-1,-1,-1
70,1,380.4395446777344,164.36631774902344,25.180999755859375,62.442840576171875,-1,-1,-1,-1
71,1,380.2228698730469,164.02755737304688,24.795654296875,61.79570007324219,-1,-1,-1,-1
72,1,380.10064697265625,163.4255828857422,24.56634521484375,61.26869201660156,-1,-1,-1,-1
73,1,380.28125,162.51315307617188,24.16326904296875,61.41172790527344,-1,-1,-1,-1
74,1,380.3879089355469,161.40390014648438,24.1641845703125,62.36167907714844,-1,-1,-1,-1
75,1,380.95947265625,160.81980895996094,23.844024658203125,62.54624938964844,-1,-1,-1,-1
76,1,381.42266845703125,160.17466735839844,23.917144775390625,62.892730712890625,-1,-1,-1,-1
77,1,382.005859375,160.2237548828125,23.4259033203125,62.27717590332031,-1,-1,-1,-1
78,1,382.4385986328125,159.9587860107422,23.133331298828125,62.35777282714844,-1,-1,-1,-1
79,1,382.7286682128906,159.7858123779297,22.88690185546875,61.8990478515625,-1,-1,-1,-1
80,1,382.9341735839844,159.6302490234375,22.779296875,61.78230285644531,-1,-1,-1,-1
81,1,382.9780578613281,159.15028381347656,22.92718505859375,61.537567138671875,-1,-1,-1,-1
82,1,382.86712646484375,158.61468505859375,23.212158203125,61.09782409667969,-1,-1,-1,-1
83,1,382.5672607421875,157.4630126953125,23.6903076171875,61.50181579589844,-1,-1,-1,-1
84,1,382.4759826660156,156.86166381835938,23.811126708984375,61.56532287597656,-1,-1,-1,-1
85,1,382.21929931640625,156.63043212890625,24.158599853515625,61.196319580078125,-1,-1,-1,-1
86,1,382.17462158203125,156.64028930664062,24.31884765625,61.04255676269531,-1,-1,-1,-1
87,1,382.34771728515625,157.0093231201172,23.98150634765625,60.36155700683594,-1,-1,-1,-1
88,1,382.4322814941406,157.04710388183594,23.937774658203125,60.4715576171875,-1,-1,-1,-1
89,1,382.4121398925781,156.57391357421875,23.9290771484375,60.73805236816406,-1,-1,-1,-1
90,1,382.4964599609375,156.2383575439453,23.899444580078125,60.717437744140625,-1,-1,-1,-1
91,1,382.4346008300781,155.33566284179688,24.097076416015625,60.61592102050781,-1,-1,-1,-1
92,1,382.57672119140625,154.56396484375,23.894500732421875,60.92570495605469,-1,-1,-1,-1
93,1,382.88623046875,153.74615478515625,23.627838134765625,61.02296447753906,-1,-1,-1,-1
94,1,383.1424560546875,153.32432556152344,23.524810791015625,60.99089050292969,-1,-1,-1,-1
95,1,383.50439453125,152.8087615966797,23.678436279296875,61.009307861328125,-1,-1,-1,-1
96,1,383.87567138671875,152.67648315429688,23.57757568359375,60.70329284667969,-1,-1,-1,-1
97,1,384.8504943847656,152.68136596679688,23.30072021484375,60.02842712402344,-1,-1,-1,-1
98,1,385.3788146972656,152.70205688476562,23.254364013671875,59.68955993652344,-1,-1,-1,-1
99,1,385.7710266113281,152.5431671142578,23.216064453125,59.41624450683594,-1,-1,-1,-1
100,1,385.9881896972656,152.30657958984375,23.3614501953125,59.2623291015625,-1,-1,-1,-1
101,1,386.3297424316406,151.68759155273438,23.2452392578125,58.96382141113281,-1,-1,-1,-1
102,1,386.48193359375,150.7721710205078,23.356353759765625,59.67027282714844,-1,-1,-1,-1
103,1,386.8191223144531,149.31907653808594,23.614044189453125,60.638702392578125,-1,-1,-1,-1
104,1,387.0445251464844,149.17715454101562,23.756134033203125,60.25483703613281,-1,-1,-1,-1
105,1,387.3370056152344,149.28240966796875,23.89996337890625,59.932769775390625,-1,-1,-1,-1
106,1,387.664306640625,149.31288146972656,23.842987060546875,59.75968933105469,-1,-1,-1,-1
107,1,387.7988586425781,149.0888671875,24.153167724609375,59.88177490234375,-1,-1,-1,-1
108,1,388.0368957519531,148.76181030273438,24.259002685546875,59.77629089355469,-1,-1,-1,-1
109,1,388.22601318359375,148.55975341796875,24.461212158203125,59.13273620605469,-1,-1,-1,-1
110,1,388.62542724609375,148.3116912841797,24.328826904296875,58.76695251464844,-1,-1,-1,-1
111,1,388.9866943359375,147.30557250976562,24.185760498046875,58.59977722167969,-1,-1,-1,-1
112,1,389.4845886230469,146.47784423828125,23.939239501953125,59.20733642578125,-1,-1,-1,-1
113,1,390.32952880859375,145.7621307373047,23.56195068359375,59.52984619140625,-1,-1,-1,-1
114,1,390.9911804199219,145.73963928222656,23.496337890625,59.20030212402344,-1,-1,-1,-1
115,1,392.06463623046875,145.37033081054688,22.931640625,59.02107238769531,-1,-1,-1,-1
116,1,392.4691162109375,145.09417724609375,22.81964111328125,58.98210144042969,-1,-1,-1,-1
117,1,393.0571594238281,144.84970092773438,22.5711669921875,58.824981689453125,-1,-1,-1,-1
118,1,393.3539123535156,144.753662109375,22.76129150390625,58.709197998046875,-1,-1,-1,-1
119,1,393.4270324707031,144.5790252685547,23.16375732421875,58.54014587402344,-1,-1,-1,-1
120,1,393.4827880859375,143.99603271484375,23.35101318359375,58.8487548828125,-1,-1,-1,-1
121,1,393.4507751464844,142.869140625,23.52972412109375,59.031280517578125,-1,-1,-1,-1
122,1,393.4542541503906,142.2911834716797,23.6541748046875,58.91188049316406,-1,-1,-1,-1
123,1,393.4374084472656,141.6012420654297,23.866790771484375,59.07127380371094,-1,-1,-1,-1
124,1,393.521484375,141.29054260253906,23.934112548828125,59.3167724609375,-1,-1,-1,-1
125,1,393.5447082519531,141.28955078125,24.11993408203125,59.20166015625,-1,-1,-1,-1
126,1,393.70111083984375,141.28826904296875,24.117218017578125,58.995513916015625,-1,-1,-1,-1
127,1,393.8014831542969,141.3668212890625,24.132598876953125,58.54522705078125,-1,-1,-1,-1
128,1,394.0108337402344,141.1895751953125,24.05450439453125,58.29444885253906,-1,-1,-1,-1
129,1,394.31866455078125,140.0593719482422,23.8812255859375,58.231597900390625,-1,-1,-1,-1
130,1,394.65106201171875,139.3002166748047,23.660858154296875,57.86309814453125,-1,-1,-1,-1
131,1,396.02069091796875,138.48037719726562,22.962860107421875,57.94447326660156,-1,-1,-1,-1
132,1,396.4853210449219,138.05752563476562,23.02294921875,58.083648681640625,-1,-1,-1,-1
133,1,397.5733642578125,137.54840087890625,22.424957275390625,58.161834716796875,-1,-1,-1,-1
134,1,398.23187255859375,137.5066375732422,22.5101318359375,57.804107666015625,-1,-1,-1,-1
135,1,399.495849609375,137.32733154296875,22.089447021484375,57.39802551269531,-1,-1,-1,-1
136,1,399.924072265625,137.0327606201172,22.058074951171875,57.62306213378906,-1,-1,-1,-1
137,1,401.17376708984375,136.52638244628906,22.777740478515625,57.63909912109375,-1,-1,-1,-1
138,1,401.3772277832031,136.39024353027344,22.788665771484375,57.755523681640625,-1,-1,-1,-1
139,1,401.3302307128906,135.81719970703125,23.0938720703125,57.97125244140625,-1,-1,-1,-1
140,1,401.73388671875,135.5198516845703,22.985260009765625,57.89390563964844,-1,-1,-1,-1
141,1,402.2554626464844,134.88905334472656,22.886383056640625,57.633331298828125,-1,-1,-1,-1
142,1,402.54046630859375,134.81982421875,22.9078369140625,57.44383239746094,-1,-1,-1,-1
143,1,403.2586669921875,134.6016082763672,22.46832275390625,57.6268310546875,-1,-1,-1,-1
144,1,403.4648132324219,134.29713439941406,22.58123779296875,57.90196228027344,-1,-1,-1,-1
145,1,403.5520324707031,134.05111694335938,22.9034423828125,58.08778381347656,-1,-1,-1,-1
146,1,403.6629943847656,133.93267822265625,23.18023681640625,57.91107177734375,-1,-1,-1,-1
147,1,403.9583435058594,133.80673217773438,23.269439697265625,57.06202697753906,-1,-1,-1,-1
148,1,404.37408447265625,133.77191162109375,23.1290283203125,56.306884765625,-1,-1,-1,-1
149,1,405.5826416015625,133.6559295654297,22.567352294921875,55.70587158203125,-1,-1,-1,-1
150,1,406.8757019042969,133.7926025390625,21.962493896484375,55.23089599609375,-1,-1,-1,-1
151,1,407.9843444824219,133.37046813964844,21.91436767578125,55.1865234375,-1,-1,-1,-1
152,1,408.69818115234375,132.8831329345703,22.0084228515625,55.349945068359375,-1,-1,-1,-1
153,1,409.54559326171875,132.52191162109375,22.1640625,55.59100341796875,-1,-1,-1,-1
154,1,409.74713134765625,132.5558624267578,22.438934326171875,55.53082275390625,-1,-1,-1,-1
155,1,410.94390869140625,131.87998962402344,22.13299560546875,55.50837707519531,-1,-1,-1,-1
156,1,411.24298095703125,131.38113403320312,22.535125732421875,55.8858642578125,-1,-1,-1,-1
157,1,411.6694641113281,130.3962860107422,22.25146484375,56.65925598144531,-1,-1,-1,-1
158,1,411.98614501953125,129.3641357421875,22.354705810546875,57.481658935546875,-1,-1,-1,-1
159,1,412.2212829589844,128.27811431884766,22.560821533203125,57.382789611816406,-1,-1,-1,-1
160,1,412.414794921875,127.95890045166016,22.661163330078125,57.47319793701172,-1,-1,-1,-1
161,1,413.2362976074219,128.34107208251953,22.1826171875,56.98712921142578,-1,-1,-1,-1
162,1,413.43218994140625,128.0972442626953,22.60345458984375,57.28288269042969,-1,-1,-1,-1
163,1,414.7866516113281,127.83296966552734,22.644317626953125,57.115745544433594,-1,-1,-1,-1
164,1,415.29486083984375,127.47402954101562,22.471832275390625,57.414947509765625,-1,-1,-1,-1
165,1,416.4545593261719,126.98162078857422,22.797332763671875,56.741371154785156,-1,-1,-1,-1
166,1,416.8412780761719,126.65450286865234,22.71185302734375,57.007347106933594,-1,-1,-1,-1
167,1,418.01324462890625,125.36615753173828,22.953033447265625,57.306663513183594,-1,-1,-1,-1
168,1,418.4052429199219,125.07738494873047,22.853759765625,57.38715362548828,-1,-1,-1,-1
169,1,419.6507263183594,125.4127197265625,22.274932861328125,56.81500244140625,-1,-1,-1,-1
170,1,420.1098937988281,125.48776245117188,22.1221923828125,56.76405334472656,-1,-1,-1,-1
171,1,420.8536071777344,124.72068786621094,23.05877685546875,57.06109619140625,-1,-1,-1,-1
172,1,421.3144226074219,124.53679656982422,22.884674072265625,56.86608123779297,-1,-1,-1,-1
173,1,422.3118896484375,124.42943572998047,22.860015869140625,56.42156219482422,-1,-1,-1,-1
174,1,422.8042907714844,125.03213500976562,22.671417236328125,55.79789733886719,-1,-1,-1,-1
175,1,423.9859619140625,126.59197235107422,22.290313720703125,52.959754943847656,-1,-1,-1,-1
176,1,424.5968017578125,125.1435317993164,23.7255859375,53.582603454589844,-1,-1,-1,-1
177,1,425.5457458496094,125.2730712890625,23.222137451171875,52.68821716308594,-1,-1,-1,-1
178,1,426.29791259765625,124.59575653076172,23.790985107421875,53.01123809814453,-1,-1,-1,-1
179,1,427.1723937988281,124.03691864013672,23.070648193359375,53.24248504638672,-1,-1,-1,-1
180,1,428.0630187988281,122.4260025024414,23.6153564453125,53.96746063232422,-1,-1,-1,-1
181,1,429.17462158203125,120.95393371582031,23.100982666015625,54.85218811035156,-1,-1,-1,-1
182,1,429.91510009765625,121.98416137695312,22.876190185546875,53.17268371582031,-1,-1,-1,-1
183,1,431.5807189941406,121.0180435180664,23.1680908203125,53.04766082763672,-1,-1,-1,-1
184,1,431.8540954589844,121.11605834960938,23.170867919921875,52.73744201660156,-1,-1,-1,-1
185,1,434.7460021972656,118.86015319824219,23.612945556640625,54.34397888183594,-1,-1,-1,-1
186,1,435.5137634277344,118.24315643310547,23.00994873046875,54.761741638183594,-1,-1,-1,-1
187,1,436.6547546386719,116.449951171875,22.641326904296875,56.19477844238281,-1,-1,-1,-1
188,1,437.11297607421875,116.03507232666016,22.275238037109375,56.427391052246094,-1,-1,-1,-1
189,1,438.170654296875,116.68767547607422,22.365936279296875,54.96045684814453,-1,-1,-1,-1
190,1,438.35443115234375,116.72208404541016,22.7232666015625,54.661949157714844,-1,-1,-1,-1
191,1,439.1357421875,116.54594421386719,22.556488037109375,54.24922180175781,-1,-1,-1,-1
192,1,440.1288146972656,115.69263458251953,22.2489013671875,54.535423278808594,-1,-1,-1,-1
193,1,441.9999084472656,113.34200286865234,22.043212890625,56.285804748535156,-1,-1,-1,-1
194,1,442.0710754394531,113.67711639404297,22.286285400390625,56.144126892089844,-1,-1,-1,-1
195,1,442.4355773925781,113.78165435791016,22.2064208984375,55.577964782714844,-1,-1,-1,-1
196,1,442.973876953125,114.17403411865234,22.082977294921875,54.761070251464844,-1,-1,-1,-1
197,1,444.4305114746094,114.50579071044922,21.992401123046875,53.08032989501953,-1,-1,-1,-1
198,1,444.8091125488281,114.51167297363281,21.909027099609375,52.83586120605469,-1,-1,-1,-1
199,1,446.4638366699219,113.95891571044922,21.110260009765625,53.328224182128906,-1,-1,-1,-1
200,1,446.9512634277344,113.64447784423828,20.99285888671875,53.48259735107422,-1,-1,-1,-1
1,2,561.4932861328125,137.8527069091797,24.67572021484375,63.72105407714844,-1,-1,-1,-1
2,2,561.5791625976562,138.57876586914062,24.51007080078125,63.015838623046875,-1,-1,-1,-1
3,2,561.112060546875,139.1990203857422,24.5802001953125,62.915771484375,-1,-1,-1,-1
4,2,560.7224731445312,139.48086547851562,24.663330078125,62.91162109375,-1,-1,-1,-1
5,2,560.468017578125,139.590087890625,24.49725341796875,63.00367736816406,-1,-1,-1,-1
6,2,560.1742553710938,139.43408203125,24.61370849609375,63.35737609863281,-1,-1,-1,-1
7,2,559.9909057617188,139.0369873046875,24.63330078125,64.04946899414062,-1,-1,-1,-1
8,2,559.7891845703125,138.820068359375,24.69488525390625,64.83250427246094,-1,-1,-1,-1
9,2,559.5740356445312,139.0541534423828,24.70172119140625,65.01817321777344,-1,-1,-1,-1
10,2,559.3060913085938,139.41856384277344,24.8963623046875,65.08761596679688,-1,-1,-1,-1
11,2,559.0418701171875,140.03848266601562,25.13421630859375,64.83668518066406,-1,-1,-1,-1
12,2,558.819091796875,140.59088134765625,25.38958740234375,64.84892272949219,-1,-1,-1,-1
13,2,558.4513549804688,141.6815643310547,25.56787109375,64.67974853515625,-1,-1,-1,-1
14,2,558.4254760742188,142.4381103515625,25.44866943359375,64.4849853515625,-1,-1,-1,-1
15,2,558.3946533203125,142.79937744140625,25.43536376953125,64.44908142089844,-1,-1,-1,-1
16,2,558.4112548828125,143.01608276367188,25.5399169921875,64.3502197265625,-1,-1,-1,-1
17,2,558.2514038085938,143.11334228515625,25.76239013671875,64.74443054199219,-1,-1,-1,-1
18,2,558.0316772460938,143.32034301757812,26.05889892578125,64.77398681640625,-1,-1,-1,-1
19,2,557.6477661132812,143.37506103515625,26.56768798828125,65.08741760253906,-1,-1,-1,-1
20,2,557.509521484375,143.38955688476562,26.81561279296875,65.30101013183594,-1,-1,-1,-1
21,2,557.1250610351562,143.97763061523438,27.2415771484375,65.40109252929688,-1,-1,-1,-1
22,2,556.753662109375,144.748291015625,27.6434326171875,65.38333129882812,-1,-1,-1,-1
23,2,556.4688110351562,145.49493408203125,27.58721923828125,65.51655578613281,-1,-1,-1,-1
24,2,556.43505859375,146.16896057128906,27.03955078125,65.37539672851562,-1,-1,-1,-1
25,2,556.3590698242188,147.503173828125,26.1220703125,64.52616882324219,-1,-1,-1,-1
26,2,556.1031494140625,148.4794464111328,25.52154541015625,63.47265625,-1,-1,-1,-1
27,2,555.7238159179688,148.48599243164062,25.44439697265625,63.96040344238281,-1,-1,-1,-1
28,2,555.4578247070312,148.31983947753906,25.1396484375,64.33113098144531,-1,-1,-1,-1
29,2,555.1162719726562,148.1396942138672,25.3057861328125,64.92849731445312,-1,-1,-1,-1
30,2,554.8952026367188,148.03541564941406,25.2469482421875,65.3155517578125,-1,-1,-1,-1
31,2,554.5933227539062,148.27098083496094,25.06964111328125,65.59785461425781,-1,-1,-1,-1
32,2,554.4012451171875,148.60610961914062,25.232421875,65.73934936523438,-1,-1,-1,-1
33,2,553.9959716796875,149.28781127929688,25.4007568359375,65.67683410644531,-1,-1,-1,-1
34,2,553.7527465820312,149.75230407714844,25.49468994140625,65.82461547851562,-1,-1,-1,-1
35,2,553.3819580078125,150.79580688476562,25.509033203125,65.5391845703125,-1,-1,-1,-1
36,2,553.214599609375,151.18203735351562,25.49505615234375,65.63816833496094,-1,-1,-1,-1
37,2,553.1904296875,151.66561889648438,25.45477294921875,65.25535583496094,-1,-1,-1,-1
38,2,553.1176147460938,151.87669372558594,25.658447265625,65.12994384765625,-1,-1,-1,-1
39,2,552.8306274414062,151.74302673339844,25.90582275390625,65.41183471679688,-1,-1,-1,-1
40,2,552.478515625,151.58102416992188,26.2047119140625,65.84197998046875,-1,-1,-1,-1
41,2,552.1577758789062,151.5948028564453,26.31695556640625,66.35316467285156,-1,-1,-1,-1
42,2,551.745361328125,151.84315490722656,26.4891357421875,66.51596069335938,-1,-1,-1,-1
43,2,551.1565551757812,152.48680114746094,26.6898193359375,66.75984191894531,-1,-1,-1,-1
44,2,550.4556274414062,153.33436584472656,27.15765380859375,66.801513671875,-1,-1,-1,-1
45,2,549.4425659179688,153.8982696533203,27.47125244140625,67.33963012695312,-1,-1,-1,-1
46,2,548.5772094726562,154.50828552246094,27.83056640625,67.17439270019531,-1,-1,-1,-1
47,2,547.7717895507812,155.35081481933594,27.44384765625,66.85574340820312,-1,-1,-1,-1
48,2,547.0485229492188,155.5157928466797,27.5059814453125,66.79232788085938,-1,-1,-1,-1
49,2,546.5300903320312,155.87002563476562,26.7523193359375,66.11680603027344,-1,-1,-1,-1
50,2,546.3291015625,156.0452880859375,26.2703857421875,66.18690490722656,-1,-1,-1,-1
51,2,545.8740844726562,155.8607635498047,25.9188232421875,66.78610229492188,-1,-1,-1,-1
52,2,545.5843505859375,155.6395721435547,25.71356201171875,67.305419921875,-1,-1,-1,-1
53,2,544.865478515625,155.6859893798828,25.99444580078125,67.59033203125,-1,-1,-1,-1
54,2,544.1687622070312,155.8868408203125,26.27886962890625,67.97004699707031,-1,-1,-1,-1
55,2,543.4743041992188,157.5248260498047,26.41796875,67.79878234863281,-1,-1,-1,-1
56,2,542.9981689453125,158.43435668945312,26.30804443359375,67.24555969238281,-1,-1,-1,-1
57,2,542.4284057617188,159.466064453125,26.388671875,67.10800170898438,-1,-1,-1,-1
58,2,541.7931518554688,159.97042846679688,26.64984130859375,67.19871520996094,-1,-1,-1,-1
59,2,541.295654296875,160.28390502929688,26.82855224609375,67.49691772460938,-1,-1,-1,-1
60,2,541.0723266601562,160.55726623535156,26.67926025390625,67.41334533691406,-1,-1,-1,-1
61,2,540.43505859375,160.45936584472656,26.98455810546875,68.05021667480469,-1,-1,-1,-1
62,2,540.0540161132812,160.3929443359375,27.0057373046875,68.23077392578125,-1,-1,-1,-1
63,2,539.1641235351562,160.21142578125,27.4700927734375,68.90480041503906,-1,-1,-1,-1
64,2,538.5608520507812,160.1776580810547,27.83905029296875,69.53425598144531,-1,-1,-1,-1
65,2,537.6701049804688,160.80931091308594,28.340576171875,69.8419189453125,-1,-1,-1,-1
66,2,537.122802734375,161.53659057617188,28.703857421875,70.02555847167969,-1,-1,-1,-1
67,2,536.3877563476562,163.0560760498047,28.80987548828125,68.68417358398438,-1,-1,-1,-1
68,2,535.9563598632812,163.51104736328125,28.55767822265625,68.53208923339844,-1,-1,-1,-1
69,2,535.3507690429688,164.0587615966797,28.0499267578125,68.27972412109375,-1,-1,-1,-1
70,2,534.626708984375,164.0777587890625,27.851806640625,68.41995239257812,-1,-1,-1,-1
71,2,533.9366455078125,163.9086456298828,27.27642822265625,68.28335571289062,-1,-1,-1,-1
72,2,533.292236328125,163.8138885498047,27.41070556640625,68.41069030761719,-1,-1,-1,-1
73,2,532.5250854492188,163.9141387939453,27.38787841796875,68.97447204589844,-1,-1,-1,-1
74,2,532.0756225585938,163.87612915039062,27.31890869140625,69.49284362792969,-1,-1,-1,-1
75,2,531.5057983398438,163.96682739257812,27.28662109375,69.98799133300781,-1,-1,-1,-1
76,2,531.1832885742188,164.17242431640625,27.244140625,70.52995300292969,-1,-1,-1,-1
77,2,530.5625610351562,165.62454223632812,26.90899658203125,70.29176330566406,-1,-1,-1,-1
78,2,529.6610107421875,166.83538818359375,27.26861572265625,69.73912048339844,-1,-1,-1,-1
79,2,529.3206787109375,168.16830444335938,26.982421875,68.7120361328125,-1,-1,-1,-1
80,2,529.1117553710938,168.61080932617188,26.74383544921875,68.83222961425781,-1,-1,-1,-1
81,2,528.7687377929688,168.7605743408203,26.70440673828125,69.04931640625,-1,-1,-1,-1
82,2,528.5247802734375,168.64727783203125,26.76495361328125,69.46151733398438,-1,-1,-1,-1
83,2,528.0208740234375,168.23245239257812,27.05511474609375,70.17115783691406,-1,-1,-1,-1
84,2,527.6573486328125,168.1801300048828,27.0672607421875,70.52229309082031,-1,-1,-1,-1
85,2,526.812744140625,168.43589782714844,27.4732666015625,70.87535095214844,-1,-1,-1,-1
86,2,526.29638671875,168.5419464111328,27.63287353515625,71.38142395019531,-1,-1,-1,-1
87,2,525.7802124023438,169.50564575195312,27.85174560546875,70.99104309082031,-1,-1,-1,-1
88,2,525.3236083984375,170.4953155517578,28.0762939453125,70.39701843261719,-1,-1,-1,-1
89,2,524.666015625,171.9583282470703,28.031494140625,69.3052978515625,-1,-1,-1,-1
90,2,524.2959594726562,172.69998168945312,27.71563720703125,68.64556884765625,-1,-1,-1,-1
91,2,523.7852783203125,173.2558135986328,27.375,68.526123046875,-1,-1,-1,-1
92,2,523.410400390625,173.3971710205078,27.164794921875,68.59756469726562,-1,-1,-1,-1
93,2,522.9356689453125,173.29446411132812,26.5137939453125,68.86439514160156,-1,-1,-1,-1
94,2,522.4766235351562,173.05804443359375,26.54217529296875,69.29954528808594,-1,-1,-1,-1
95,2,521.88037109375,172.73158264160156,26.762451171875,70.16204833984375,-1,-1,-1,-1
96,2,521.4891357421875,172.62557983398438,26.89947509765625,70.93220520019531,-1,-1,-1,-1
97,2,521.1539306640625,172.8170928955078,26.73565673828125,71.73793029785156,-1,-1,-1,-1
98,2,520.9218139648438,173.1429443359375,26.616943359375,72.18046569824219,-1,-1,-1,-1
99,2,520.5765380859375,174.84275817871094,26.580810546875,71.64022827148438,-1,-1,-1,-1
100,2,520.3214111328125,176.09146118164062,26.486328125,71.0550537109375,-1,-1,-1,-1
101,2,520.1581420898438,177.4718780517578,26.1282958984375,70.47468566894531,-1,-1,-1,-1
102,2,519.8837280273438,177.78684997558594,26.2470703125,70.83255004882812,-1,-1,-1,-1
103,2,519.791748046875,177.88482666015625,26.375732421875,71.47030639648438,-1,-1,-1,-1
104,2,519.7761840820312,177.84841918945312,26.4659423828125,71.93351745605469,-1,-1,-1,-1
105,2,519.4775390625,177.7174530029297,26.91546630859375,72.33500671386719,-1,-1,-1,-1
106,2,519.219970703125,177.8377685546875,27.2301025390625,72.27908325195312,-1,-1,-1,-1
107,2,518.8569946289062,177.81707763671875,27.7183837890625,73.0052490234375,-1,-1,-1,-1
108,2,518.5517578125,177.88186645507812,28.09271240234375,73.65167236328125,-1,-1,-1,-1
109,2,518.070068359375,178.83045959472656,28.78125,73.21961975097656,-1,-1,-1,-1
110,2,517.8540649414062,179.85667419433594,29.102783203125,72.66349792480469,-1,-1,-1,-1
111,2,517.6158447265625,181.63233947753906,28.9580078125,71.34725952148438,-1,-1,-1,-1
112,2,517.2537231445312,182.2786865234375,29.0794677734375,71.11207580566406,-1,-1,-1,-1
113,2,516.6857299804688,182.9287109375,28.66143798828125,71.01597595214844,-1,-1,-1,-1
114,2,516.3629760742188,183.30615234375,28.335205078125,71.31733703613281,-1,-1,-1,-1
115,2,515.9878540039062,183.46282958984375,28.160888671875,71.80010986328125,-1,-1,-1,-1
116,2,515.8890991210938,183.31568908691406,27.91070556640625,72.10527038574219,-1,-1,-1,-1
117,2,515.7405395507812,183.25271606445312,27.52392578125,72.59130859375,-1,-1,-1,-1
118,2,515.6444702148438,183.24801635742188,27.31640625,72.83154296875,-1,-1,-1,-1
119,2,515.460205078125,183.59896850585938,27.21734619140625,72.90702819824219,-1,-1,-1,-1
120,2,515.3765869140625,183.89175415039062,27.11004638671875,73.37617492675781,-1,-1,-1,-1
121,2,515.3258666992188,185.26058959960938,26.83392333984375,72.45124816894531,-1,-1,-1,-1
122,2,515.315673828125,186.55274963378906,26.68353271484375,71.60115051269531,-1,-1,-1,-1
123,2,515.1651000976562,187.5193328857422,26.82470703125,72.18101501464844,-1,-1,-1,-1
124,2,515.0780639648438,188.0330810546875,26.92132568359375,72.7235107421875,-1,-1,-1,-1
125,2,515.0511474609375,188.6945037841797,27.14990234375,72.82060241699219,-1,-1,-1,-1
126,2,515.0791015625,189.1163787841797,27.224609375,72.65467834472656,-1,-1,-1,-1
127,2,515.1592407226562,189.34181213378906,27.2972412109375,72.34559631347656,-1,-1,-1,-1
128,2,515.0680541992188,189.27989196777344,27.42706298828125,72.62968444824219,-1,-1,-1,-1
129,2,514.7050170898438,189.3743133544922,27.72467041015625,73.19657897949219,-1,-1,-1,-1
130,2,514.5062866210938,189.6806640625,27.92095947265625,73.40380859375,-1,-1,-1,-1
131,2,514.277099609375,190.5809326171875,28.1788330078125,73.28201293945312,-1,-1,-1,-1
132,2,514.3525390625,191.1499786376953,28.11767578125,73.40147399902344,-1,-1,-1,-1
133,2,514.2073974609375,192.18341064453125,28.01904296875,73.44168090820312,-1,-1,-1,-1
134,2,513.8937377929688,193.10104370117188,28.13946533203125,73.93942260742188,-1,-1,-1,-1
135,2,513.4955444335938,194.5015411376953,27.9532470703125,73.85462951660156,-1,-1,-1,-1
136,2,513.2039794921875,195.3785858154297,27.66033935546875,73.50117492675781,-1,-1,-1,-1
137,2,512.7926635742188,195.7949981689453,27.4345703125,73.64912414550781,-1,-1,-1,-1
138,2,512.6531982421875,195.8507843017578,27.4219970703125,73.87742614746094,-1,-1,-1,-1
139,2,512.3987121582031,195.72463989257812,27.248565673828125,74.63272094726562,-1,-1,-1,-1
140,2,512.2303466796875,195.60716247558594,27.1966552734375,75.10743713378906,-1,-1,-1,-1
141,2,512.1532287597656,195.95553588867188,26.987213134765625,75.11410522460938,-1,-1,-1,-1
142,2,512.13623046875,196.345947265625,26.9010009765625,75.08477783203125,-1,-1,-1,-1
143,2,511.9368896484375,197.34149169921875,27.17022705078125,74.47970581054688,-1,-1,-1,-1
144,2,511.8936767578125,198.43190002441406,27.22528076171875,73.72996520996094,-1,-1,-1,-1
145,2,511.9099426269531,200.30540466308594,27.473114013671875,72.68476867675781,-1,-1,-1,-1
146,2,512.1743774414062,201.09201049804688,27.47760009765625,72.82601928710938,-1,-1,-1,-1
147,2,512.3223571777344,201.40200805664062,27.856597900390625,73.20623779296875,-1,-1,-1,-1
148,2,512.536376953125,201.47198486328125,28.0380859375,73.52618408203125,-1,-1,-1,-1
149,2,512.4818115234375,201.35476684570312,28.56292724609375,73.98895263671875,-1,-1,-1,-1
150,2,512.4421997070312,201.26101684570312,28.847412109375,74.52066040039062,-1,-1,-1,-1
151,2,512.4963684082031,201.56956481933594,29.079925537109375,74.54512023925781,-1,-1,-1,-1
152,2,512.6575622558594,201.67327880859375,29.104583740234375,74.92459106445312,-1,-1,-1,-1
153,2,512.4178771972656,202.0400390625,29.237091064453125,75.46041870117188,-1,-1,-1,-1
154,2,512.22802734375,202.99778747558594,29.12432861328125,75.66822814941406,-1,-1,-1,-1
155,2,512.0955810546875,204.9091339111328,28.79461669921875,74.39607238769531,-1,-1,-1,-1
156,2,511.9884338378906,205.79063415527344,28.696380615234375,74.27146911621094,-1,-1,-1,-1
157,2,511.5311279296875,206.6424102783203,28.48077392578125,74.25541687011719,-1,-1,-1,-1
158,2,511.31671142578125,207.15106201171875,28.0899658203125,74.2620849609375,-1,-1,-1,-1
159,2,510.8585205078125,207.27137756347656,27.9163818359375,74.79524230957031,-1,-1,-1,-1
160,2,510.6775207519531,207.21331787109375,27.820526123046875,74.6651611328125,-1,-1,-1,-1
161,2,510.29583740234375,207.1660614013672,27.86151123046875,75.32072448730469,-1,-1,-1,-1
162,2,510.1437072753906,207.12696838378906,27.935821533203125,75.85182189941406,-1,-1,-1,-1
163,2,509.92657470703125,207.2112579345703,27.92779541015625,76.71156311035156,-1,-1,-1,-1
164,2,509.7001953125,207.4522247314453,27.9991455078125,77.48344421386719,-1,-1,-1,-1
165,2,509.5484619140625,208.7852325439453,27.8870849609375,76.90913391113281,-1,-1,-1,-1
166,2,509.4162902832031,209.9144287109375,27.835540771484375,76.5020751953125,-1,-1,-1,-1
167,2,509.17181396484375,210.9691162109375,27.92388916015625,76.63275146484375,-1,-1,-1,-1
168,2,509.1265869140625,211.66673278808594,28.03662109375,76.77372741699219,-1,-1,-1,-1
169,2,509.343017578125,212.25474548339844,27.87249755859375,76.58915710449219,-1,-1,-1,-1
170,2,509.5235290527344,212.40016174316406,27.729827880859375,76.63087463378906,-1,-1,-1,-1
171,2,509.2138977050781,212.25927734375,28.118682861328125,77.32806396484375,-1,-1,-1,-1
172,2,509.0227355957031,212.11376953125,28.394622802734375,77.98617553710938,-1,-1,-1,-1
173,2,508.66656494140625,211.8153533935547,28.75799560546875,78.91386413574219,-1,-1,-1,-1
174,2,508.42950439453125,212.17404174804688,28.98028564453125,79.04611206054688,-1,-1,-1,-1
175,2,507.8160095214844,213.07432556152344,29.577239990234375,79.06761169433594,-1,-1,-1,-1
176,2,507.3011169433594,214.01576232910156,30.096649169921875,78.75144958496094,-1,-1,-1,-1
177,2,507.0337219238281,216.08631896972656,29.995330810546875,77.20591735839844,-1,-1,-1,-1
178,2,506.5614929199219,217.3779754638672,29.922454833984375,76.33558654785156,-1,-1,-1,-1
179,2,505.885009765625,218.61578369140625,29.57647705078125,75.44241333007812,-1,-1,-1,-1
180,2,505.01678466796875,219.005126953125,29.628173828125,75.375732421875,-1,-1,-1,-1
181,2,504.3229064941406,219.13563537597656,29.875091552734375,75.78285217285156,-1,-1,-1,-1
182,2,503.9029235839844,219.07518005371094,29.635406494140625,76.05387878417969,-1,-1,-1,-1
183,2,503.6159973144531,219.0143280029297,29.217803955078125,76.79563903808594,-1,-1,-1,-1
184,2,503.2514343261719,218.9044189453125,28.962799072265625,77.4925537109375,-1,-1,-1,-1
185,2,502.8191833496094,219.14138793945312,29.142547607421875,78.25411987304688,-1,-1,-1,-1
186,2,502.4964904785156,219.374267578125,29.335784912109375,78.99871826171875,-1,-1,-1,-1
187,2,502.1241760253906,220.61126708984375,29.121917724609375,78.41842651367188,-1,-1,-1,-1
188,2,501.87371826171875,221.576416015625,28.971435546875,78.3321533203125,-1,-1,-1,-1
189,2,501.7520446777344,223.16065979003906,28.897369384765625,78.17750549316406,-1,-1,-1,-1
190,2,501.6667175292969,223.88600158691406,28.885833740234375,78.22224426269531,-1,-1,-1,-1
191,2,501.537353515625,224.3815155029297,28.7098388671875,78.17784118652344,-1,-1,-1,-1
192,2,501.5591735839844,224.5291748046875,28.367462158203125,78.21963500976562,-1,-1,-1,-1
193,2,500.84490966796875,224.4623565673828,28.88677978515625,78.79063415527344,-1,-1,-1,-1
194,2,500.5420227050781,224.4274444580078,29.272369384765625,78.98521423339844,-1,-1,-1,-1
195,2,499.971435546875,224.53857421875,29.6221923828125,79.66104125976562,-1,-1,-1,-1
196,2,499.631591796875,224.8289794921875,29.7608642578125,80.11822509765625,-1,-1,-1,-1
197,2,498.8306884765625,225.38392639160156,30.39678955078125,80.88175964355469,-1,-1,-1,-1
198,2,498.46282958984375,226.3638916015625,30.40814208984375,80.65567016601562,-1,-1,-1,-1
199,2,497.8675231933594,228.03042602539062,30.298858642578125,80.10797119140625,-1,-1,-1,-1
200,2,497.6103515625,229.03829956054688,30.08111572265625,79.5987548828125,-1,-1,-1,-1
1,3,319.5431823730469,189.7216339111328,23.993865966796875,65.25723266601562,-1,-1,-1,-1
2,3,319.28106689453125,189.77694702148438,24.05322265625,65.56285095214844,-1,-1,-1,-1
3,3,318.294189453125,189.99951171875,24.0787353515625,65.10417175292969,-1,-1,-1,-1
4,3,317.88165283203125,190.22654724121094,23.7314453125,64.91947937011719,-1,-1,-1,-1
5,3,316.5859375,190.35044860839844,23.962615966796875,64.990966796875,-1,-1,-1,-1
6,3,315.857421875,190.32034301757812,23.654541015625,64.89872741699219,-1,-1,-1,-1
7,3,314.9494934082031,190.38644409179688,23.75775146484375,65.04144287109375,-1,-1,-1,-1
8,3,314.336181640625,190.57994079589844,23.809661865234375,65.26078796386719,-1,-1,-1,-1
9,3,313.3793640136719,191.27638244628906,23.942840576171875,65.67897033691406,-1,-1,-1,-1
10,3,312.93115234375,191.718994140625,24.03607177734375,66.07664489746094,-1,-1,-1,-1
11,3,312.48046875,192.54876708984375,23.861236572265625,65.83880615234375,-1,-1,-1,-1
12,3,311.7757263183594,192.92808532714844,23.762298583984375,66.03724670410156,-1,-1,-1,-1
13,3,310.8828430175781,193.0778045654297,23.737091064453125,65.64228820800781,-1,-1,-1,-1
14,3,309.5289611816406,193.2718505859375,23.856475830078125,65.77285766601562,-1,-1,-1,-1
15,3,308.1011657714844,193.19863891601562,24.191436767578125,66.22247314453125,-1,-1,-1,-1
16,3,307.7857971191406,193.35958862304688,23.7957763671875,66.2166748046875,-1,-1,-1,-1
17,3,306.7392883300781,193.4397735595703,23.73321533203125,66.41923522949219,-1,-1,-1,-1
18,3,306.17041015625,193.9248809814453,23.45831298828125,66.04371643066406,-1,-1,-1,-1
19,3,304.4039611816406,194.6375274658203,24.425750732421875,66.70042419433594,-1,-1,-1,-1
20,3,303.9840087890625,195.53150939941406,24.25653076171875,66.46330261230469,-1,-1,-1,-1
21,3,303.322265625,196.5405731201172,24.45721435546875,66.46391296386719,-1,-1,-1,-1
22,3,302.86865234375,197.09420776367188,24.26251220703125,66.77841186523438,-1,-1,-1,-1
23,3,301.7520751953125,197.84100341796875,24.13360595703125,66.78433227539062,-1,-1,-1,-1
24,3,301.03851318359375,198.18492126464844,24.2276611328125,66.74497985839844,-1,-1,-1,-1
25,3,298.05877685546875,198.2145538330078,25.067840576171875,66.48130798339844,-1,-1,-1,-1
26,3,297.6564636230469,198.39132690429688,25.003326416015625,66.70352172851562,-1,-1,-1,-1
27,3,296.4256591796875,198.4930419921875,25.1412353515625,66.91213989257812,-1,-1,-1,-1
28,3,295.7020568847656,198.85833740234375,25.3990478515625,66.86611938476562,-1,-1,-1,-1
29,3,293.6275329589844,199.521240234375,26.36895751953125,68.33984375,-1,-1,-1,-1
30,3,293.12249755859375,200.28497314453125,26.477294921875,68.241455078125,-1,-1,-1,-1
31,3,292.6411437988281,201.28125,26.431793212890625,67.86016845703125,-1,-1,-1,-1
32,3,292.32501220703125,201.93223571777344,26.56512451171875,66.98789978027344,-1,-1,-1,-1
33,3,291.7951965332031,202.3026123046875,26.855133056640625,66.77810668945312,-1,-1,-1,-1
34,3,291.5301208496094,202.3972930908203,26.660430908203125,66.92796325683594,-1,-1,-1,-1
35,3,290.8464660644531,202.5684051513672,26.533843994140625,67.31608581542969,-1,-1,-1,-1
36,3,289.8258056640625,202.58103942871094,26.736083984375,67.19630432128906,-1,-1,-1,-1
37,3,289.61431884765625,202.3472442626953,26.093841552734375,67.17750549316406,-1,-1,-1,-1
38,3,289.0118408203125,202.33016967773438,26.06597900390625,67.9385986328125,-1,-1,-1,-1
39,3,288.0805969238281,202.87466430664062,26.535430908203125,68.24365234375,-1,-1,-1,-1
40,3,286.97320556640625,203.26895141601562,26.61846923828125,68.38470458984375,-1,-1,-1,-1
41,3,286.22247314453125,204.23973083496094,25.89691162109375,67.83854675292969,-1,-1,-1,-1
42,3,285.8412780761719,205.1197967529297,25.545013427734375,67.27363586425781,-1,-1,-1,-1
43,3,285.3543395996094,205.58370971679688,25.207061767578125,66.83865356445312,-1,-1,-1,-1
44,3,285.02532958984375,205.92300415039062,24.95648193359375,65.96566772460938,-1,-1,-1,-1
45,3,284.4802551269531,205.81277465820312,24.796966552734375,66.38595581054688,-1,-1,-1,-1
46,3,283.79931640625,205.7489776611328,24.827972412109375,67.45909118652344,-1,-1,-1,-1
47,3,283.1141662597656,206.2569122314453,24.78973388671875,67.04219055175781,-1,-1,-1,-1
48,3,282.4464416503906,206.5490264892578,25.050811767578125,66.74266052246094,-1,-1,-1,-1
49,3,280.5919189453125,207.2007293701172,26.356475830078125,68.78425598144531,-1,-1,-1,-1
50,3,279.4062805175781,207.94187927246094,27.182525634765625,68.44212341308594,-1,-1,-1,-1
51,3,278.4253845214844,208.27561950683594,27.5460205078125,68.85633850097656,-1,-1,-1,-1
52,3,277.5642395019531,209.18226623535156,27.60186767578125,68.61549377441406,-1,-1,-1,-1
53,3,277.26605224609375,210.2084197998047,26.8109130859375,67.89549255371094,-1,-1,-1,-1
54,3,277.1197204589844,210.7417755126953,26.319000244140625,67.32307434082031,-1,-1,-1,-1
55,3,276.4739990234375,210.64273071289062,26.257781982421875,67.399169921875,-1,-1,-1,-1
56,3,276.0347595214844,210.7949981689453,26.08489990234375,67.61347961425781,-1,-1,-1,-1
57,3,275.25030517578125,210.5824432373047,26.351470947265625,68.58265686035156,-1,-1,-1,-1
58,3,274.886474609375,210.71388244628906,26.545562744140625,69.06657409667969,-1,-1,-1,-1
59,3,274.1471862792969,211.9160919189453,25.834136962890625,68.35597229003906,-1,-1,-1,-1
60,3,273.7983703613281,212.4017791748047,25.464141845703125,68.44404602050781,-1,-1,-1,-1
61,3,272.7952575683594,213.44146728515625,25.47784423828125,68.26138305664062,-1,-1,-1,-1
62,3,272.36480712890625,214.5337371826172,25.221405029296875,67.68583679199219,-1,-1,-1,-1
63,3,271.8036193847656,215.50413513183594,25.080810546875,66.91868591308594,-1,-1,-1,-1
64,3,270.94781494140625,216.0399169921875,25.459503173828125,66.85293579101562,-1,-1,-1,-1
65,3,268.91351318359375,215.95321655273438,26.0745849609375,67.06741333007812,-1,-1,-1,-1
66,3,268.5579528808594,216.06105041503906,26.05706787109375,67.36289978027344,-1,-1,-1,-1
67,3,267.88336181640625,216.11289978027344,25.9088134765625,67.69718933105469,-1,-1,-1,-1
68,3,267.3515319824219,215.97923278808594,25.978973388671875,68.02238464355469,-1,-1,-1,-1
69,3,265.8889465332031,216.61724853515625,26.3037109375,69.42874145507812,-1,-1,-1,-1
70,3,265.0932922363281,217.08253479003906,26.61016845703125,69.62574768066406,-1,-1,-1,-1
71,3,264.6524658203125,218.40594482421875,26.3438720703125,68.70242309570312,-1,-1,-1,-1
72,3,264.0419921875,219.47935485839844,26.378204345703125,67.71730041503906,-1,-1,-1,-1
73,3,263.1377868652344,220.3930206298828,26.4678955078125,67.12763977050781,-1,-1,-1,-1
74,3,262.4779357910156,220.440673828125,26.742279052734375,67.72650146484375,-1,-1,-1,-1
75,3,259.4790344238281,220.3140869140625,27.935028076171875,69.09786987304688,-1,-1,-1,-1
76,3,258.81207275390625,220.0257568359375,28.16302490234375,69.62738037109375,-1,-1,-1,-1
77,3,257.8273620605469,220.2741241455078,28.27264404296875,69.26823425292969,-1,-1,-1,-1
78,3,257.4425964355469,220.4424591064453,27.475433349609375,69.17768859863281,-1,-1,-1,-1
79,3,255.77626037597656,221.16102600097656,28.025985717773438,69.63648986816406,-1,-1,-1,-1
80,3,255.32467651367188,221.72434997558594,27.6129150390625,69.46501159667969,-1,-1,-1,-1
81,3,254.90528869628906,222.73974609375,26.530288696289062,69.35760498046875,-1,-1,-1,-1
82,3,254.72372436523438,223.52671813964844,25.836639404296875,69.34236145019531,-1,-1,-1,-1
83,3,253.98573303222656,224.13803100585938,25.637924194335938,69.48544311523438,-1,-1,-1,-1
84,3,253.4181365966797,224.32855224609375,25.682510375976562,69.51846313476562,-1,-1,-1,-1
85,3,252.3289794921875,224.34698486328125,26.20684814453125,69.54336547851562,-1,-1,-1,-1
86,3,251.64259338378906,224.64553833007812,26.240127563476562,69.20852661132812,-1,-1,-1,-1
87,3,250.2162322998047,224.86265563964844,26.629074096679688,69.56977844238281,-1,-1,-1,-1
88,3,248.7722930908203,225.12701416015625,27.255905151367188,70.37042236328125,-1,-1,-1,-1
89,3,247.83447265625,225.5118865966797,26.60711669921875,71.08253479003906,-1,-1,-1,-1
90,3,247.1747589111328,225.8239288330078,26.386734008789062,71.22755432128906,-1,-1,-1,-1
91,3,245.44276428222656,226.285400390625,26.301895141601562,71.436279296875,-1,-1,-1,-1
92,3,244.8445587158203,226.9292755126953,25.807601928710938,71.14622497558594,-1,-1,-1,-1
93,3,244.0431671142578,227.24490356445312,25.612991333007812,70.7105712890625,-1,-1,-1,-1
94,3,243.30596923828125,227.6531219482422,25.5489501953125,70.33180236816406,-1,-1,-1,-1
95,3,242.0138702392578,228.399658203125,25.978683471679688,70.388916015625,-1,-1,-1,-1
96,3,240.515380859375,228.55003356933594,26.726470947265625,70.89097595214844,-1,-1,-1,-1
97,3,239.58016967773438,228.60179138183594,26.992828369140625,70.81089782714844,-1,-1,-1,-1
98,3,238.8419952392578,228.6994171142578,27.233505249023438,71.26206970214844,-1,-1,-1,-1
99,3,236.6212615966797,228.82296752929688,27.957656860351562,72.30343627929688,-1,-1,-1,-1
100,3,235.6504364013672,229.87123107910156,27.753402709960938,71.82151794433594,-1,-1,-1,-1
101,3,235.0968780517578,231.3173370361328,27.314590454101562,71.15626525878906,-1,-1,-1,-1
102,3,234.49029541015625,231.07672119140625,27.372711181640625,72.22744750976562,-1,-1,-1,-1
103,3,228.44175720214844,217.8943328857422,31.157424926757812,86.78923034667969,-1,-1,-1,-1
104,3,229.92803955078125,223.41888427734375,29.007843017578125,81.09979248046875,-1,-1,-1,-1
111,3,226.8809814453125,231.21725463867188,27.20989990234375,78.93142700195312,-1,-1,-1,-1
115,3,222.24371337890625,236.55125427246094,28.304824829101562,73.91828918457031,-1,-1,-1,-1
116,3,222.2823944091797,236.54425048828125,27.751968383789062,74.19903564453125,-1,-1,-1,-1
117,3,221.31703186035156,234.98541259765625,26.967544555664062,75.78323364257812,-1,-1,-1,-1
118,3,221.24221801757812,236.170654296875,26.703094482421875,74.95318603515625,-1,-1,-1,-1
119,3,220.3758544921875,237.67959594726562,26.351898193359375,74.3753662109375,-1,-1,-1,-1
120,3,219.6994171142578,240.3348388671875,25.65771484375,72.4532470703125,-1,-1,-1,-1
121,3,218.85391235351562,240.2314910888672,25.990341186523438,73.46778869628906,-1,-1,-1,-1
122,3,218.0352325439453,239.49620056152344,26.442840576171875,74.71836853027344,-1,-1,-1,-1
123,3,217.40711975097656,239.06573486328125,26.720947265625,75.11688232421875,-1,-1,-1,-1
124,3,216.2479248046875,237.80203247070312,26.836288452148438,75.92202758789062,-1,-1,-1,-1
125,3,214.05149841308594,239.78602600097656,26.289718627929688,73.95341491699219,-1,-1,-1,-1
127,3,210.80162048339844,240.1798858642578,26.86480712890625,75.89884948730469,-1,-1,-1,-1
128,3,211.3196258544922,243.50218200683594,25.3072509765625,73.26063537597656,-1,-1,-1,-1
129,3,208.35629272460938,245.84036254882812,26.186569213867188,73.93923950195312,-1,-1,-1,-1
130,3,208.55787658691406,247.03099060058594,25.200347900390625,72.75410461425781,-1,-1,-1,-1
131,3,208.45468139648438,248.10813903808594,24.860870361328125,71.22233581542969,-1,-1,-1,-1
132,3,208.07208251953125,248.0438232421875,25.184860229492188,71.33636474609375,-1,-1,-1,-1
133,3,207.3609161376953,248.4556121826172,25.413848876953125,71.05180358886719,-1,-1,-1,-1
134,3,207.02420043945312,248.4943389892578,25.649398803710938,70.96492004394531,-1,-1,-1,-1
137,3,202.12210083007812,249.9022979736328,26.350265502929688,72.65635681152344,-1,-1,-1,-1
138,3,201.02847290039062,244.7405242919922,26.935272216796875,77.53666687011719,-1,-1,-1,-1
139,3,200.21578979492188,249.5244140625,26.654144287109375,73.93194580078125,-1,-1,-1,-1
140,3,199.10389709472656,246.6185302734375,28.042160034179688,77.71975708007812,-1,-1,-1,-1
141,3,199.27880859375,252.1509246826172,26.960540771484375,72.60316467285156,-1,-1,-1,-1
142,3,199.00286865234375,252.04348754882812,26.750442504882812,73.04583740234375,-1,-1,-1,-1
143,3,198.43406677246094,254.82630920410156,26.101669311523438,69.69401550292969,-1,-1,-1,-1
144,3,197.24505615234375,255.1282196044922,26.58111572265625,69.35981750488281,-1,-1,-1,-1
145,3,195.96353149414062,256.3289031982422,25.888290405273438,68.68705749511719,-1,-1,-1,-1
146,3,195.48167419433594,256.55641174316406,25.832427978515625,69.21470642089844,-1,-1,-1,-1
147,3,194.2974090576172,256.7829284667969,26.3665771484375,70.18099975585938,-1,-1,-1,-1
148,3,192.56295776367188,255.7331085205078,28.2969970703125,72.46723937988281,-1,-1,-1,-1
149,3,192.2418212890625,257.0205078125,27.6033935546875,72.92147827148438,-1,-1,-1,-1
150,3,191.5217742919922,257.78289794921875,27.75238037109375,72.84442138671875,-1,-1,-1,-1
151,3,190.26605224609375,260.2388916015625,27.5628662109375,70.4544677734375,-1,-1,-1,-1
152,3,189.942138671875,260.3831787109375,27.471267700195312,70.99789428710938,-1,-1,-1,-1
153,3,189.89828491210938,260.76776123046875,27.126846313476562,70.6551513671875,-1,-1,-1,-1
154,3,189.81082153320312,261.009033203125,26.773422241210938,70.81417846679688,-1,-1,-1,-1
155,3,189.58944702148438,261.3511657714844,26.50421142578125,70.761962890625,-1,-1,-1,-1
156,3,189.04737854003906,261.8380432128906,26.654327392578125,69.89334106445312,-1,-1,-1,-1
157,3,187.3312225341797,261.8316345214844,27.604934692382812,71.75424194335938,-1,-1,-1,-1
158,3,187.15594482421875,262.6211853027344,26.345382690429688,70.94326782226562,-1,-1,-1,-1
159,3,185.15858459472656,262.2943420410156,27.818878173828125,72.82705688476562,-1,-1,-1,-1
160,3,184.5013427734375,264.1611328125,27.203643798828125,71.76416015625,-1,-1,-1,-1
161,3,182.74160766601562,265.04595947265625,28.017807006835938,72.71853637695312,-1,-1,-1,-1
162,3,182.40354919433594,265.8623046875,27.872955322265625,72.20947265625,-1,-1,-1,-1
163,3,181.88250732421875,266.53448486328125,27.394027709960938,71.47476196289062,-1,-1,-1,-1
164,3,181.36248779296875,267.30340576171875,27.342727661132812,70.79315185546875,-1,-1,-1,-1
165,3,180.4095458984375,268.1058044433594,27.07989501953125,69.91970825195312,-1,-1,-1,-1
166,3,179.49171447753906,267.884521484375,27.599624633789062,70.34982299804688,-1,-1,-1,-1
167,3,179.33876037597656,267.8307189941406,27.861831665039062,70.37982177734375,-1,-1,-1,-1
168,3,178.999267578125,267.69970703125,27.612075805664062,71.86871337890625,-1,-1,-1,-1
169,3,174.3588409423828,267.5604553222656,29.032211303710938,75.69424438476562,-1,-1,-1,-1
170,3,172.42306518554688,266.19866943359375,30.345184326171875,76.86212158203125,-1,-1,-1,-1
171,3,172.2926025390625,269.8399353027344,28.925674438476562,73.33624267578125,-1,-1,-1,-1
172,3,171.11695861816406,269.6803283691406,29.81048583984375,74.21011352539062,-1,-1,-1,-1
173,3,170.5594024658203,271.4311828613281,30.3543701171875,73.22830200195312,-1,-1,-1,-1
174,3,170.4425506591797,271.8439636230469,30.406631469726562,73.62872314453125,-1,-1,-1,-1
175,3,170.36141967773438,272.3270263671875,29.984603881835938,73.15914916992188,-1,-1,-1,-1
176,3,169.7016143798828,268.160400390625,30.376312255859375,76.85470581054688,-1,-1,-1,-1
177,3,169.4113006591797,271.98291015625,28.22064208984375,74.16522216796875,-1,-1,-1,-1
178,3,168.6943817138672,273.4883117675781,27.789215087890625,72.90475463867188,-1,-1,-1,-1
182,3,163.54151916503906,273.0634460449219,28.933944702148438,75.60269165039062,-1,-1,-1,-1
183,3,162.8267822265625,277.20709228515625,28.014694213867188,72.00845336914062,-1,-1,-1,-1
184,3,162.13735961914062,276.74847412109375,28.83807373046875,72.7301025390625,-1,-1,-1,-1
185,3,160.5563201904297,275.26007080078125,30.049240112304688,75.72482299804688,-1,-1,-1,-1
186,3,160.39585876464844,276.28424072265625,29.8515625,74.39117431640625,-1,-1,-1,-1
187,3,159.3927764892578,277.3374938964844,30.093841552734375,75.76834106445312,-1,-1,-1,-1
188,3,158.6069793701172,278.5809326171875,29.738540649414062,74.99172973632812,-1,-1,-1,-1
189,3,157.86767578125,277.84033203125,29.100021362304688,78.4808349609375,-1,-1,-1,-1
190,3,156.90853881835938,281.3751525878906,27.839019775390625,75.05990600585938,-1,-1,-1,-1
191,3,152.4272003173828,283.3658447265625,29.081344604492188,74.2889404296875,-1,-1,-1,-1
192,3,152.19158935546875,283.7559509277344,29.427780151367188,73.48236083984375,-1,-1,-1,-1
193,3,152.73446655273438,284.7084045410156,28.533905029296875,72.6859130859375,-1,-1,-1,-1
194,3,152.59918212890625,285.06512451171875,28.24993896484375,72.592041015625,-1,-1,-1,-1
195,3,152.03114318847656,285.0622253417969,28.28619384765625,72.79501342773438,-1,-1,-1,-1
196,3,151.57659912109375,285.366455078125,27.86248779296875,72.25308227539062,-1,-1,-1,-1
197,3,150.26649475097656,285.3743591308594,28.824188232421875,73.75619506835938,-1,-1,-1,-1
198,3,149.15675354003906,285.8430480957031,28.893661499023438,74.197509765625,-1,-1,-1,-1
199,3,146.58511352539062,285.609619140625,29.5615234375,76.31210327148438,-1,-1,-1,-1
200,3,145.34075927734375,286.1875915527344,29.161590576171875,76.89266967773438,-1,-1,-1,-1
1,4,632.1734619140625,140.447265625,22.50213623046875,59.69834899902344,-1,-1,-1,-1
2,4,631.7274169921875,140.569580078125,22.771484375,59.70198059082031,-1,-1,-1,-1
3,4,630.9163818359375,140.296630859375,23.3995361328125,60.07286071777344,-1,-1,-1,-1
4,4,630.29150390625,140.14324951171875,23.99920654296875,60.48554992675781,-1,-1,-1,-1
5,4,629.6965942382812,140.1333770751953,24.1802978515625,60.71360778808594,-1,-1,-1,-1
6,4,629.2064819335938,140.270751953125,24.208251953125,60.97840881347656,-1,-1,-1,-1
7,4,628.697509765625,140.9134979248047,24.18701171875,60.681610107421875,-1,-1,-1,-1
8,4,628.3335571289062,141.45199584960938,23.84967041015625,60.39190673828125,-1,-1,-1,-1
9,4,627.8391723632812,142.22930908203125,23.28717041015625,59.90385437011719,-1,-1,-1,-1
10,4,627.4012451171875,142.90521240234375,22.780029296875,59.41961669921875,-1,-1,-1,-1
11,4,625.1614990234375,143.17625427246094,23.383544921875,59.72119140625,-1,-1,-1,-1
12,4,624.7625122070312,143.32244873046875,23.38189697265625,59.908294677734375,-1,-1,-1,-1
13,4,623.6640014648438,143.08920288085938,23.89886474609375,60.275604248046875,-1,-1,-1,-1
14,4,623.2804565429688,143.00062561035156,23.64044189453125,60.198699951171875,-1,-1,-1,-1
15,4,623.0068359375,142.8651580810547,23.21435546875,60.58485412597656,-1,-1,-1,-1
16,4,622.8519897460938,142.74215698242188,22.935302734375,61.14094543457031,-1,-1,-1,-1
17,4,622.543212890625,143.03125,22.6102294921875,61.335968017578125,-1,-1,-1,-1
18,4,622.060791015625,143.45872497558594,22.43682861328125,61.44013977050781,-1,-1,-1,-1
19,4,621.50634765625,144.54466247558594,22.228515625,60.822723388671875,-1,-1,-1,-1
20,4,621.1209106445312,145.08758544921875,22.1370849609375,60.55589294433594,-1,-1,-1,-1
21,4,620.6415405273438,145.61770629882812,21.97393798828125,60.37049865722656,-1,-1,-1,-1
22,4,620.314453125,145.85296630859375,22.071044921875,60.34803771972656,-1,-1,-1,-1
23,4,619.7481689453125,145.89036560058594,22.25341796875,60.916839599609375,-1,-1,-1,-1
24,4,619.3154296875,145.71969604492188,22.331298828125,61.702880859375,-1,-1,-1,-1
25,4,618.7659912109375,145.53797912597656,22.500244140625,61.696533203125,-1,-1,-1,-1
26,4,618.3259887695312,145.50225830078125,22.68316650390625,61.86854553222656,-1,-1,-1,-1
27,4,617.8059692382812,145.91322326660156,22.6123046875,61.80152893066406,-1,-1,-1,-1
28,4,617.21728515625,146.10745239257812,22.72528076171875,61.9854736328125,-1,-1,-1,-1
29,4,616.5165405273438,146.99771118164062,22.71044921875,61.811553955078125,-1,-1,-1,-1
30,4,616.1036376953125,147.86415100097656,22.4071044921875,61.396240234375,-1,-1,-1,-1
31,4,615.6423950195312,148.8286895751953,22.148681640625,61.245758056640625,-1,-1,-1,-1
32,4,614.8973388671875,149.28076171875,22.2452392578125,61.51539611816406,-1,-1,-1,-1
33,4,613.746337890625,149.28407287597656,22.40826416015625,61.94346618652344,-1,-1,-1,-1
34,4,613.0588989257812,149.520263671875,22.42730712890625,62.23280334472656,-1,-1,-1,-1
35,4,612.0523681640625,149.5736846923828,22.74542236328125,62.54974365234375,-1,-1,-1,-1
36,4,611.5553588867188,149.49465942382812,22.89678955078125,62.86094665527344,-1,-1,-1,-1
37,4,610.9779052734375,149.03387451171875,22.95849609375,64.00212097167969,-1,-1,-1,-1
38,4,610.7390747070312,148.88772583007812,22.74713134765625,64.54403686523438,-1,-1,-1,-1
39,4,610.4395751953125,149.02642822265625,22.5333251953125,64.95796203613281,-1,-1,-1,-1
40,4,610.072021484375,149.37342834472656,22.4305419921875,64.77369689941406,-1,-1,-1,-1
41,4,609.7084350585938,150.05364990234375,22.18048095703125,64.37518310546875,-1,-1,-1,-1
42,4,609.2254028320312,150.49197387695312,22.3936767578125,64.3809814453125,-1,-1,-1,-1
43,4,608.1033935546875,151.07284545898438,22.89300537109375,64.10661315917969,-1,-1,-1,-1
44,4,607.6110229492188,151.46755981445312,22.97650146484375,63.63958740234375,-1,-1,-1,-1
45,4,607.1541748046875,151.8919677734375,23.04840087890625,63.39860534667969,-1,-1,-1,-1
46,4,606.7337646484375,152.0934600830078,23.2001953125,63.50746154785156,-1,-1,-1,-1
47,4,605.7886962890625,152.37734985351562,23.61572265625,63.38670349121094,-1,-1,-1,-1
48,4,605.0806274414062,152.43789672851562,24.01385498046875,63.70414733886719,-1,-1,-1,-1
49,4,603.834716796875,152.6951446533203,24.3958740234375,63.996551513671875,-1,-1,-1,-1
50,4,603.0340576171875,153.28326416015625,24.63690185546875,63.6689453125,-1,-1,-1,-1
51,4,602.2859497070312,154.11227416992188,24.61846923828125,63.232269287109375,-1,-1,-1,-1
52,4,601.8510131835938,154.83522033691406,24.38653564453125,62.876953125,-1,-1,-1,-1
53,4,601.2511596679688,155.91134643554688,24.26904296875,62.247100830078125,-1,-1,-1,-1
54,4,600.7378540039062,156.4282989501953,24.04180908203125,62.056884765625,-1,-1,-1,-1
55,4,599.9734497070312,156.77359008789062,23.7420654296875,62.25230407714844,-1,-1,-1,-1
56,4,599.2967529296875,156.857177734375,23.84820556640625,62.72688293457031,-1,-1,-1,-1
57,4,598.4773559570312,156.84976196289062,24.08258056640625,63.25074768066406,-1,-1,-1,-1
58,4,598.0973510742188,156.6447296142578,23.9031982421875,63.51338195800781,-1,-1,-1,-1
59,4,597.61767578125,156.3295440673828,23.91845703125,64.32275390625,-1,-1,-1,-1
60,4,597.3221435546875,156.3944091796875,23.83526611328125,64.71641540527344,-1,-1,-1,-1
61,4,596.3651733398438,157.0244140625,24.16094970703125,64.60911560058594,-1,-1,-1,-1
62,4,595.9312744140625,157.88941955566406,23.88507080078125,63.798583984375,-1,-1,-1,-1
63,4,595.5406494140625,159.267822265625,23.52728271484375,62.8779296875,-1,-1,-1,-1
64,4,595.16943359375,159.7654266357422,23.5997314453125,62.77044677734375,-1,-1,-1,-1
65,4,594.7255249023438,160.22828674316406,23.80322265625,62.92692565917969,-1,-1,-1,-1
66,4,594.44091796875,160.33750915527344,23.87213134765625,63.423736572265625,-1,-1,-1,-1
67,4,593.9942016601562,160.01829528808594,24.0350341796875,64.147216796875,-1,-1,-1,-1
68,4,593.5742797851562,159.87448120117188,24.17718505859375,64.66670227050781,-1,-1,-1,-1
69,4,593.0960083007812,159.82037353515625,24.28570556640625,65.27742004394531,-1,-1,-1,-1
70,4,592.52880859375,160.1531219482422,24.400390625,65.18751525878906,-1,-1,-1,-1
71,4,591.7285766601562,160.70411682128906,24.78814697265625,65.23263549804688,-1,-1,-1,-1
72,4,591.1783447265625,161.08847045898438,24.9705810546875,65.03291320800781,-1,-1,-1,-1
73,4,590.3824462890625,162.01991271972656,25.04107666015625,64.86946105957031,-1,-1,-1,-1
74,4,589.9309692382812,162.90335083007812,24.87139892578125,64.22825622558594,-1,-1,-1,-1
75,4,589.1279296875,163.654541015625,24.87652587890625,64.12318420410156,-1,-1,-1,-1
76,4,588.7929077148438,163.99554443359375,24.4942626953125,64.21778869628906,-1,-1,-1,-1
77,4,588.1611328125,163.96121215820312,24.50848388671875,64.64637756347656,-1,-1,-1,-1
78,4,587.4775390625,163.56661987304688,24.8011474609375,65.44247436523438,-1,-1,-1,-1
79,4,587.2438354492188,163.36187744140625,24.55810546875,66.06660461425781,-1,-1,-1,-1
80,4,586.9724731445312,163.2167510986328,24.58282470703125,66.74252319335938,-1,-1,-1,-1
81,4,586.5012817382812,163.5727081298828,24.6180419921875,66.82487487792969,-1,-1,-1,-1
82,4,586.12451171875,163.74310302734375,24.71142578125,67.07569885253906,-1,-1,-1,-1
83,4,585.70849609375,164.4196014404297,24.54541015625,66.57893371582031,-1,-1,-1,-1
84,4,585.583740234375,165.06935119628906,24.23223876953125,65.99754333496094,-1,-1,-1,-1
85,4,585.1456909179688,165.9454345703125,24.27117919921875,65.8560791015625,-1,-1,-1,-1
86,4,584.7794189453125,166.50570678710938,24.34521484375,65.64263916015625,-1,-1,-1,-1
87,4,584.3681640625,167.04470825195312,24.486572265625,65.58644104003906,-1,-1,-1,-1
88,4,584.1056518554688,167.30746459960938,24.4146728515625,65.69754028320312,-1,-1,-1,-1
89,4,583.6306762695312,167.17337036132812,24.6182861328125,66.41354370117188,-1,-1,-1,-1
90,4,583.2544555664062,167.0762481689453,24.7586669921875,66.92367553710938,-1,-1,-1,-1
91,4,582.9690551757812,167.11984252929688,24.6470947265625,67.2728271484375,-1,-1,-1,-1
92,4,582.5782470703125,167.35528564453125,24.79986572265625,67.45182800292969,-1,-1,-1,-1
93,4,581.973876953125,167.83087158203125,24.93255615234375,67.54347229003906,-1,-1,-1,-1
94,4,581.568359375,168.236572265625,24.96728515625,67.61445617675781,-1,-1,-1,-1
95,4,581.2193603515625,168.85589599609375,24.77508544921875,67.45359802246094,-1,-1,-1,-1
96,4,580.7462768554688,169.34793090820312,24.6707763671875,67.4002685546875,-1,-1,-1,-1
97,4,580.1259765625,169.84658813476562,24.45794677734375,67.65519714355469,-1,-1,-1,-1
98,4,579.6194458007812,170.2783966064453,24.50640869140625,67.75088500976562,-1,-1,-1,-1
99,4,578.9335327148438,170.40817260742188,24.55133056640625,67.96017456054688,-1,-1,-1,-1
100,4,577.8760375976562,170.34046936035156,24.963623046875,68.14869689941406,-1,-1,-1,-1
101,4,577.3814086914062,170.44403076171875,24.9195556640625,68.26353454589844,-1,-1,-1,-1
102,4,577.2715454101562,170.60699462890625,24.5419921875,68.16781616210938,-1,-1,-1,-1
103,4,576.8099365234375,171.12684631347656,24.53125,68.0960693359375,-1,-1,-1,-1
104,4,576.5283203125,171.54751586914062,24.5625,68.17832946777344,-1,-1,-1,-1
105,4,576.1200561523438,172.55331420898438,24.41949462890625,67.56626892089844,-1,-1,-1,-1
106,4,575.9445190429688,173.12396240234375,24.3133544921875,67.29411315917969,-1,-1,-1,-1
107,4,575.7151489257812,173.90164184570312,24.10137939453125,66.9876708984375,-1,-1,-1,-1
108,4,575.4581909179688,174.17864990234375,24.15655517578125,67.10052490234375,-1,-1,-1,-1
109,4,575.0824584960938,174.80210876464844,24.23797607421875,66.26091003417969,-1,-1,-1,-1
110,4,574.5664672851562,175.12867736816406,24.52545166015625,66.5638427734375,-1,-1,-1,-1
111,4,574.1668701171875,175.2230224609375,24.57220458984375,66.8931884765625,-1,-1,-1,-1
112,4,573.8179321289062,175.18344116210938,24.69427490234375,67.17091369628906,-1,-1,-1,-1
113,4,573.3011474609375,175.6101837158203,24.75091552734375,67.27931213378906,-1,-1,-1,-1
114,4,573.0213623046875,176.0134735107422,24.69342041015625,67.3416748046875,-1,-1,-1,-1
115,4,572.3812866210938,176.8251953125,24.70098876953125,67.21650695800781,-1,-1,-1,-1
116,4,571.9054565429688,177.6129913330078,24.70513916015625,66.95188903808594,-1,-1,-1,-1
117,4,571.355712890625,178.0775146484375,24.52691650390625,66.89549255371094,-1,-1,-1,-1
118,4,570.9542236328125,178.44471740722656,24.37945556640625,66.83059692382812,-1,-1,-1,-1
119,4,570.2904052734375,178.77549743652344,24.11285400390625,67.04035949707031,-1,-1,-1,-1
120,4,569.6419067382812,178.7987060546875,24.336181640625,67.35142517089844,-1,-1,-1,-1
121,4,567.7830810546875,178.6657257080078,25.3475341796875,67.64254760742188,-1,-1,-1,-1
122,4,567.06982421875,178.6055908203125,25.5482177734375,67.78541564941406,-1,-1,-1,-1
123,4,566.7459106445312,178.6182403564453,25.33526611328125,68.19209289550781,-1,-1,-1,-1
124,4,566.5743408203125,178.8206329345703,25.22772216796875,68.29884338378906,-1,-1,-1,-1
125,4,566.2843627929688,179.1942596435547,25.14532470703125,68.43667602539062,-1,-1,-1,-1
126,4,565.9239501953125,179.66001892089844,25.17901611328125,68.49674987792969,-1,-1,-1,-1
127,4,565.0943603515625,180.62237548828125,25.7689208984375,68.105224609375,-1,-1,-1,-1
128,4,564.74609375,181.58876037597656,25.81597900390625,67.54719543457031,-1,-1,-1,-1
129,4,564.5629272460938,182.6027069091797,25.73406982421875,67.18830871582031,-1,-1,-1,-1
130,4,564.7625122070312,182.97708129882812,25.43597412109375,67.0338134765625,-1,-1,-1,-1
131,4,564.53466796875,183.44322204589844,25.453125,67.20745849609375,-1,-1,-1,-1
132,4,564.5248413085938,183.36148071289062,25.409912109375,67.31739807128906,-1,-1,-1,-1
133,4,564.3128662109375,183.2152557373047,25.62359619140625,67.75131225585938,-1,-1,-1,-1
134,4,564.1598510742188,183.18145751953125,25.82171630859375,68.31239318847656,-1,-1,-1,-1
135,4,564.0227661132812,183.15402221679688,25.86859130859375,68.84028625488281,-1,-1,-1,-1
136,4,563.9150390625,183.35324096679688,25.8060302734375,69.00212097167969,-1,-1,-1,-1
137,4,563.6569213867188,183.86814880371094,25.76898193359375,69.35166931152344,-1,-1,-1,-1
138,4,563.61328125,184.46568298339844,25.651123046875,69.42691040039062,-1,-1,-1,-1
139,4,563.331298828125,185.47288513183594,25.53887939453125,69.41220092773438,-1,-1,-1,-1
140,4,563.07177734375,186.29156494140625,25.429931640625,69.19215393066406,-1,-1,-1,-1
141,4,562.69921875,186.79739379882812,25.26556396484375,69.0113525390625,-1,-1,-1,-1
142,4,562.4859008789062,187.0292510986328,25.19451904296875,69.21392822265625,-1,-1,-1,-1
143,4,562.2197265625,187.010986328125,25.11810302734375,69.50184631347656,-1,-1,-1,-1
144,4,562.0789184570312,186.87318420410156,24.94329833984375,70.05929565429688,-1,-1,-1,-1
145,4,562.1345825195312,186.84825134277344,24.65869140625,70.53720092773438,-1,-1,-1,-1
146,4,562.1705932617188,186.82366943359375,24.4737548828125,70.67384338378906,-1,-1,-1,-1
147,4,561.93310546875,187.02023315429688,24.42987060546875,70.98876953125,-1,-1,-1,-1
148,4,561.6477661132812,187.30059814453125,24.49859619140625,71.29879760742188,-1,-1,-1,-1
149,4,561.3009643554688,187.88673400878906,24.64324951171875,71.59092712402344,-1,-1,-1,-1
150,4,560.999267578125,188.614990234375,24.92498779296875,71.6085205078125,-1,-1,-1,-1
151,4,561.037109375,189.5704803466797,24.8216552734375,71.29335021972656,-1,-1,-1,-1
152,4,561.1024169921875,190.29322814941406,24.74127197265625,71.09498596191406,-1,-1,-1,-1
153,4,561.1058959960938,191.00421142578125,24.7586669921875,70.41336059570312,-1,-1,-1,-1
154,4,561.1805419921875,191.30221557617188,24.66644287109375,69.99871826171875,-1,-1,-1,-1
155,4,561.0510864257812,191.2294158935547,24.85040283203125,70.10716247558594,-1,-1,-1,-1
156,4,560.895263671875,191.1192169189453,24.9644775390625,70.51042175292969,-1,-1,-1,-1
157,4,560.7314453125,191.34890747070312,25.11212158203125,70.73458862304688,-1,-1,-1,-1
158,4,560.6072998046875,191.88661193847656,25.19610595703125,70.69395446777344,-1,-1,-1,-1
159,4,560.3818969726562,192.58132934570312,25.237060546875,70.75064086914062,-1,-1,-1,-1
160,4,560.2169189453125,193.2373809814453,25.30218505859375,70.69313049316406,-1,-1,-1,-1
161,4,559.9293212890625,194.17396545410156,25.4876708984375,70.62290954589844,-1,-1,-1,-1
162,4,559.9857788085938,195.05418395996094,25.2900390625,70.40855407714844,-1,-1,-1,-1
163,4,559.7354736328125,195.90155029296875,25.1329345703125,70.18844604492188,-1,-1,-1,-1
164,4,559.1788940429688,196.03675842285156,25.48828125,70.37852478027344,-1,-1,-1,-1
165,4,558.8788452148438,196.1853790283203,25.63128662109375,70.52442932128906,-1,-1,-1,-1
166,4,558.6954956054688,196.2785186767578,25.59857177734375,70.25621032714844,-1,-1,-1,-1
167,4,558.58056640625,196.15768432617188,25.5516357421875,70.92208862304688,-1,-1,-1,-1
168,4,558.594970703125,196.19534301757812,25.4136962890625,71.178955078125,-1,-1,-1,-1
169,4,558.7893676757812,196.7157745361328,25.1683349609375,71.40510559082031,-1,-1,-1,-1
170,4,558.568115234375,197.20384216308594,25.31719970703125,71.63356018066406,-1,-1,-1,-1
171,4,558.448486328125,198.1259765625,25.15191650390625,71.42306518554688,-1,-1,-1,-1
172,4,558.0266723632812,198.94961547851562,25.4095458984375,71.09011840820312,-1,-1,-1,-1
173,4,558.1127319335938,200.46400451660156,25.1435546875,69.92811584472656,-1,-1,-1,-1
174,4,558.3423461914062,201.16363525390625,24.8626708984375,69.5521240234375,-1,-1,-1,-1
175,4,558.0667724609375,201.32896423339844,24.9608154296875,70.01799011230469,-1,-1,-1,-1
176,4,557.7247924804688,201.2523651123047,25.3463134765625,70.38584899902344,-1,-1,-1,-1
177,4,557.3170166015625,201.1137237548828,25.677001953125,70.41322326660156,-1,-1,-1,-1
178,4,556.9896850585938,201.1005096435547,25.97174072265625,70.80079650878906,-1,-1,-1,-1
179,4,556.5518798828125,201.26385498046875,26.28912353515625,71.19461059570312,-1,-1,-1,-1
180,4,556.2407836914062,201.52481079101562,26.46002197265625,71.54885864257812,-1,-1,-1,-1
181,4,555.6306762695312,202.0446014404297,26.84893798828125,72.08656311035156,-1,-1,-1,-1
182,4,555.5121459960938,202.515380859375,26.5684814453125,72.30499267578125,-1,-1,-1,-1
183,4,554.79248046875,203.36619567871094,26.70074462890625,72.54197692871094,-1,-1,-1,-1
184,4,554.6026000976562,204.19793701171875,26.2457275390625,72.32815551757812,-1,-1,-1,-1
185,4,553.9710083007812,204.99124145507812,26.041259765625,71.95013427734375,-1,-1,-1,-1
186,4,553.2975463867188,205.2912139892578,26.143798828125,71.85325622558594,-1,-1,-1,-1
187,4,552.5411987304688,205.379638671875,26.2025146484375,72.2752685546875,-1,-1,-1,-1
188,4,552.4389038085938,205.32379150390625,25.86492919921875,72.7298583984375,-1,-1,-1,-1
189,4,552.2183837890625,205.04676818847656,25.81048583984375,73.51164245605469,-1,-1,-1,-1
190,4,552.2452392578125,205.17173767089844,25.7547607421875,73.67610168457031,-1,-1,-1,-1
191,4,552.0810546875,205.78170776367188,25.61590576171875,73.81430053710938,-1,-1,-1,-1
192,4,551.696533203125,206.1376495361328,25.620849609375,73.87043762207031,-1,-1,-1,-1
193,4,551.1777954101562,207.07720947265625,25.78948974609375,73.3629150390625,-1,-1,-1,-1
194,4,550.9553833007812,207.69956970214844,25.73492431640625,73.34468078613281,-1,-1,-1,-1
195,4,550.5664672851562,208.7545166015625,25.77447509765625,72.50311279296875,-1,-1,-1,-1
196,4,550.509765625,209.52708435058594,25.60577392578125,71.83653259277344,-1,-1,-1,-1
197,4,550.14208984375,209.90414428710938,25.80914306640625,72.10491943359375,-1,-1,-1,-1
198,4,549.7841186523438,209.85382080078125,26.133544921875,72.37738037109375,-1,-1,-1,-1
199,4,549.3427124023438,209.8305206298828,26.17767333984375,72.61576843261719,-1,-1,-1,-1
200,4,549.1146240234375,209.8405303955078,26.14044189453125,72.86268615722656,-1,-1,-1,-1
52,5,483.3371276855469,443.6115417480469,37.978851318359375,38.388458251953125,-1,-1,-1,-1
53,5,482.9267578125,440.8770751953125,38.07867431640625,41.1229248046875,-1,-1,-1,-1
54,5,483.0966491699219,440.3127746582031,37.959136962890625,41.687225341796875,-1,-1,-1,-1
55,5,481.6791076660156,440.58489990234375,39.932403564453125,41.41510009765625,-1,-1,-1,-1
56,5,482.1869812011719,439.0910949707031,38.455352783203125,42.908905029296875,-1,-1,-1,-1
57,5,481.0113830566406,438.75732421875,38.548980712890625,43.24267578125,-1,-1,-1,-1
58,5,480.8239440917969,438.049072265625,37.795196533203125,43.950927734375,-1,-1,-1,-1
59,5,479.9830627441406,437.5798034667969,38.299957275390625,44.420196533203125,-1,-1,-1,-1
60,5,479.3479309082031,438.05670166015625,38.670745849609375,43.94329833984375,-1,-1,-1,-1
61,5,479.0251159667969,434.7409973144531,40.295440673828125,47.259002685546875,-1,-1,-1,-1
62,5,479.2414245605469,433.2408142089844,39.894744873046875,48.759185791015625,-1,-1,-1,-1
63,5,477.3628845214844,430.6152038574219,41.248870849609375,51.384796142578125,-1,-1,-1,-1
64,5,477.4341125488281,429.43572998046875,40.166473388671875,52.56427001953125,-1,-1,-1,-1
65,5,478.2605285644531,428.203857421875,38.587677001953125,53.796142578125,-1,-1,-1,-1
66,5,478.0664367675781,427.17242431640625,38.904998779296875,54.82757568359375,-1,-1,-1,-1
67,5,476.3009948730469,426.5357971191406,40.067169189453125,55.464202880859375,-1,-1,-1,-1
68,5,475.7547302246094,426.52984619140625,39.466644287109375,55.47015380859375,-1,-1,-1,-1
69,5,474.8759460449219,425.94903564453125,38.74542236328125,56.05096435546875,-1,-1,-1,-1
70,5,472.6167907714844,425.7685546875,38.748504638671875,56.2314453125,-1,-1,-1,-1
71,5,468.9776916503906,424.6715393066406,40.6602783203125,57.328460693359375,-1,-1,-1,-1
72,5,468.7025146484375,422.8995056152344,38.9822998046875,59.100494384765625,-1,-1,-1,-1
73,5,467.8721923828125,419.69451904296875,36.498443603515625,62.30548095703125,-1,-1,-1,-1
74,5,466.87152099609375,418.0209655761719,37.031951904296875,63.979034423828125,-1,-1,-1,-1
75,5,466.688232421875,416.1197509765625,36.011810302734375,65.8802490234375,-1,-1,-1,-1
76,5,465.7834777832031,415.43133544921875,35.489959716796875,66.56866455078125,-1,-1,-1,-1
77,5,464.9657897949219,412.83966064453125,36.24444580078125,69.16033935546875,-1,-1,-1,-1
78,5,464.92852783203125,412.4782409667969,35.146026611328125,69.52175903320312,-1,-1,-1,-1
79,5,462.33270263671875,412.53826904296875,35.4600830078125,69.46173095703125,-1,-1,-1,-1
80,5,460.5561218261719,412.7016906738281,36.9459228515625,69.29830932617188,-1,-1,-1,-1
81,5,458.85406494140625,412.3199768066406,36.831634521484375,69.68002319335938,-1,-1,-1,-1
82,5,458.3429870605469,411.3807678222656,36.674072265625,70.61923217773438,-1,-1,-1,-1
83,5,457.7037353515625,411.7021789550781,36.867950439453125,70.29782104492188,-1,-1,-1,-1
84,5,457.166748046875,410.9920654296875,36.910430908203125,71.0079345703125,-1,-1,-1,-1
85,5,455.7661437988281,409.0162658691406,36.168701171875,72.98373413085938,-1,-1,-1,-1
86,5,455.9508361816406,405.6723327636719,34.2567138671875,76.32766723632812,-1,-1,-1,-1
87,5,453.54998779296875,405.27447509765625,35.020172119140625,76.72552490234375,-1,-1,-1,-1
88,5,449.9681701660156,402.7942810058594,38.297576904296875,79.20571899414062,-1,-1,-1,-1
89,5,444.8092956542969,400.09857177734375,42.873870849609375,81.90142822265625,-1,-1,-1,-1
90,5,444.7171936035156,400.6614685058594,42.29437255859375,81.33853149414062,-1,-1,-1,-1
91,5,440.07916259765625,400.98040771484375,45.268035888671875,81.01959228515625,-1,-1,-1,-1
92,5,441.6944885253906,400.6596374511719,41.879241943359375,81.34036254882812,-1,-1,-1,-1
93,5,436.8269958496094,400.4936828613281,44.05621337890625,81.50631713867188,-1,-1,-1,-1
94,5,438.711669921875,399.5829772949219,39.647125244140625,82.41702270507812,-1,-1,-1,-1
95,5,435.0060729980469,396.3230895996094,40.859588623046875,85.67691040039062,-1,-1,-1,-1
96,5,430.9512634277344,395.3059997558594,44.17633056640625,86.69400024414062,-1,-1,-1,-1
97,5,429.1395263671875,392.83465576171875,43.233734130859375,89.16534423828125,-1,-1,-1,-1
98,5,427.96905517578125,391.6002502441406,44.516845703125,90.39974975585938,-1,-1,-1,-1
99,5,427.7927551269531,390.3165283203125,43.014495849609375,91.6834716796875,-1,-1,-1,-1
100,5,427.6376953125,389.9060974121094,43.16802978515625,92.09390258789062,-1,-1,-1,-1
101,5,427.0030517578125,389.5035705566406,43.690826416015625,92.49642944335938,-1,-1,-1,-1
102,5,426.183837890625,389.2815856933594,43.961883544921875,92.71841430664062,-1,-1,-1,-1
103,5,426.0288391113281,389.2406921386719,41.9552001953125,92.75930786132812,-1,-1,-1,-1
104,5,425.768310546875,388.7279968261719,41.510162353515625,93.27200317382812,-1,-1,-1,-1
105,5,425.64385986328125,387.3981628417969,41.0751953125,94.60183715820312,-1,-1,-1,-1
106,5,425.17962646484375,386.1296081542969,41.386627197265625,95.87039184570312,-1,-1,-1,-1
107,5,423.9629211425781,384.1270751953125,42.1236572265625,97.8729248046875,-1,-1,-1,-1
108,5,423.3179626464844,382.3820495605469,42.188232421875,99.61795043945312,-1,-1,-1,-1
109,5,422.9084777832031,381.5823974609375,39.23968505859375,100.4176025390625,-1,-1,-1,-1
110,5,423.0751037597656,380.6289978027344,38.0704345703125,101.37100219726562,-1,-1,-1,-1
111,5,422.5578918457031,378.8563232421875,37.98114013671875,103.1436767578125,-1,-1,-1,-1
112,5,421.6062927246094,378.01617431640625,38.18292236328125,103.98382568359375,-1,-1,-1,-1
113,5,419.5638732910156,377.7292175292969,38.815032958984375,104.27078247070312,-1,-1,-1,-1
114,5,418.58258056640625,377.76220703125,38.54608154296875,104.23779296875,-1,-1,-1,-1
115,5,417.2265319824219,377.4369812011719,38.234222412109375,104.25567626953125,-1,-1,-1,-1
116,5,416.18865966796875,376.6153259277344,38.285400390625,105.38467407226562,-1,-1,-1,-1
117,5,414.8592834472656,375.07366943359375,38.464691162109375,106.92633056640625,-1,-1,-1,-1
118,5,413.5806579589844,373.72698974609375,38.87652587890625,107.86260986328125,-1,-1,-1,-1
119,5,411.8037414550781,370.8654479980469,39.1658935546875,109.7137451171875,-1,-1,-1,-1
120,5,411.3739013671875,370.107421875,38.707366943359375,109.90322875976562,-1,-1,-1,-1
121,5,410.07183837890625,368.62872314453125,39.62677001953125,110.69622802734375,-1,-1,-1,-1
122,5,409.343017578125,368.1406555175781,40.612579345703125,109.95199584960938,-1,-1,-1,-1
123,5,407.8212890625,367.6585693359375,41.456878662109375,109.04571533203125,-1,-1,-1,-1
124,5,406.8450622558594,367.428955078125,41.671661376953125,108.50686645507812,-1,-1,-1,-1
125,5,405.7441711425781,367.2310485839844,41.4600830078125,108.4276123046875,-1,-1,-1,-1
126,5,405.2648010253906,367.00146484375,40.869384765625,108.37973022460938,-1,-1,-1,-1
127,5,404.7988586425781,366.212158203125,40.67864990234375,108.54910278320312,-1,-1,-1,-1
128,5,404.4873962402344,365.1352233886719,40.138275146484375,108.13333129882812,-1,-1,-1,-1
129,5,403.7618103027344,362.54736328125,39.839813232421875,109.45761108398438,-1,-1,-1,-1
130,5,403.4800720214844,361.5045166015625,38.460601806640625,107.56100463867188,-1,-1,-1,-1
131,5,403.11236572265625,359.8079833984375,37.527191162109375,107.29165649414062,-1,-1,-1,-1
132,5,402.6970520019531,358.7507019042969,37.611358642578125,108.2220458984375,-1,-1,-1,-1
133,5,401.43475341796875,357.4123840332031,37.894439697265625,109.03033447265625,-1,-1,-1,-1
134,5,400.5937805175781,356.70025634765625,37.9114990234375,109.33786010742188,-1,-1,-1,-1
135,5,398.3160095214844,356.11395263671875,37.48858642578125,109.45425415039062,-1,-1,-1,-1
136,5,397.5453796386719,356.0348205566406,37.787506103515625,108.72161865234375,-1,-1,-1,-1
137,5,396.2759704589844,355.5902099609375,38.456939697265625,108.93832397460938,-1,-1,-1,-1
138,5,395.4732971191406,355.0411071777344,38.539306640625,108.525390625,-1,-1,-1,-1
139,5,394.46881103515625,353.7235412597656,38.007080078125,108.54165649414062,-1,-1,-1,-1
140,5,393.2171325683594,352.5997314453125,38.265411376953125,108.73529052734375,-1,-1,-1,-1
141,5,392.0082702636719,350.55718994140625,37.98724365234375,108.19293212890625,-1,-1,-1,-1
142,5,391.11492919921875,349.81915283203125,37.929595947265625,107.4267578125,-1,-1,-1,-1
143,5,389.0789489746094,348.16534423828125,39.70562744140625,107.04437255859375,-1,-1,-1,-1
144,5,388.5243835449219,347.47894287109375,40.68115234375,106.92001342773438,-1,-1,-1,-1
145,5,387.7246398925781,346.9342041015625,40.7811279296875,107.38473510742188,-1,-1,-1,-1
146,5,387.5264587402344,346.7552795410156,40.4613037109375,107.20822143554688,-1,-1,-1,-1
147,5,387.3587341308594,346.8857727050781,39.00531005859375,106.85186767578125,-1,-1,-1,-1
148,5,387.1627502441406,346.6865539550781,38.1575927734375,106.25384521484375,-1,-1,-1,-1
149,5,386.7017517089844,345.7811279296875,37.969451904296875,106.18759155273438,-1,-1,-1,-1
150,5,386.27252197265625,344.9619140625,37.541107177734375,105.9483642578125,-1,-1,-1,-1
151,5,385.5445251464844,342.217041015625,37.476531982421875,106.2584228515625,-1,-1,-1,-1
152,5,385.1502685546875,341.7706298828125,37.334442138671875,105.39898681640625,-1,-1,-1,-1
153,5,384.43560791015625,339.05206298828125,37.044158935546875,105.96881103515625,-1,-1,-1,-1
154,5,384.12353515625,338.3745422363281,36.8037109375,106.09375,-1,-1,-1,-1
155,5,383.17462158203125,337.1297302246094,36.926483154296875,106.78887939453125,-1,-1,-1,-1
156,5,382.291259765625,336.362060546875,37.029754638671875,107.00234985351562,-1,-1,-1,-1
157,5,380.2243347167969,335.4580078125,37.422088623046875,107.496337890625,-1,-1,-1,-1
158,5,379.1828918457031,335.31829833984375,37.3057861328125,106.97872924804688,-1,-1,-1,-1
159,5,378.18896484375,335.38531494140625,37.0457763671875,105.89154052734375,-1,-1,-1,-1
160,5,377.5979309082031,335.46453857421875,37.027984619140625,104.48110961914062,-1,-1,-1,-1
161,5,376.5668640136719,334.7078857421875,36.194122314453125,103.44320678710938,-1,-1,-1,-1
162,5,375.6018371582031,334.3213195800781,36.22943115234375,102.7955322265625,-1,-1,-1,-1
163,5,374.4366455078125,332.84442138671875,35.70648193359375,103.19366455078125,-1,-1,-1,-1
164,5,373.82330322265625,331.5476379394531,35.445068359375,103.4647216796875,-1,-1,-1,-1
165,5,372.48846435546875,329.5181884765625,35.500885009765625,103.2545166015625,-1,-1,-1,-1
166,5,371.68719482421875,328.739501953125,35.974822998046875,103.77352905273438,-1,-1,-1,-1
167,5,370.6937561035156,327.93170166015625,36.48175048828125,103.74343872070312,-1,-1,-1,-1
168,5,370.3749084472656,327.53375244140625,36.882080078125,103.70159912109375,-1,-1,-1,-1
169,5,369.95196533203125,327.45758056640625,36.183563232421875,103.29934692382812,-1,-1,-1,-1
170,5,369.69622802734375,327.261962890625,35.758056640625,103.29061889648438,-1,-1,-1,-1
171,5,369.29620361328125,326.85162353515625,35.680908203125,103.27450561523438,-1,-1,-1,-1
172,5,369.00885009765625,326.35760498046875,35.417633056640625,102.71551513671875,-1,-1,-1,-1
173,5,368.6189270019531,325.3478088378906,36.1456298828125,102.39495849609375,-1,-1,-1,-1
174,5,368.3099060058594,324.47509765625,36.4066162109375,102.42144775390625,-1,-1,-1,-1
175,5,367.4699401855469,322.59075927734375,36.33489990234375,102.0277099609375,-1,-1,-1,-1
176,5,366.9999084472656,321.7166442871094,36.024932861328125,101.72610473632812,-1,-1,-1,-1
177,5,366.2761535644531,320.2400817871094,36.262451171875,102.74893188476562,-1,-1,-1,-1
178,5,365.854736328125,319.4996643066406,36.226837158203125,102.94500732421875,-1,-1,-1,-1
179,5,364.7749938964844,318.9398193359375,36.265167236328125,103.06497192382812,-1,-1,-1,-1
180,5,363.9656982421875,318.64923095703125,36.28985595703125,102.29312133789062,-1,-1,-1,-1
181,5,363.528076171875,318.3235778808594,35.7801513671875,103.12078857421875,-1,-1,-1,-1
182,5,363.330322265625,318.05877685546875,34.67523193359375,102.86239624023438,-1,-1,-1,-1
183,5,362.0754699707031,317.3648681640625,34.41339111328125,101.69668579101562,-1,-1,-1,-1
184,5,361.06903076171875,317.0863037109375,34.613067626953125,100.68826293945312,-1,-1,-1,-1
185,5,359.7237243652344,315.89111328125,34.974273681640625,100.34512329101562,-1,-1,-1,-1
186,5,358.9409484863281,314.99932861328125,35.1627197265625,99.5267333984375,-1,-1,-1,-1
187,5,358.2571716308594,313.2725830078125,35.548187255859375,98.87960815429688,-1,-1,-1,-1
188,5,358.0353088378906,312.3438415527344,35.55780029296875,98.91030883789062,-1,-1,-1,-1
189,5,357.7247619628906,311.6012268066406,36.0975341796875,98.5194091796875,-1,-1,-1,-1
190,5,357.6659851074219,311.2613220214844,36.15252685546875,97.94964599609375,-1,-1,-1,-1
191,5,357.4997253417969,311.0355529785156,36.253662109375,97.29046630859375,-1,-1,-1,-1
192,5,357.47332763671875,310.8605041503906,35.95001220703125,97.230712890625,-1,-1,-1,-1
193,5,357.17401123046875,310.57177734375,35.615509033203125,97.57855224609375,-1,-1,-1,-1
194,5,357.2671203613281,310.0425720214844,35.46624755859375,97.64175415039062,-1,-1,-1,-1
195,5,357.377685546875,308.9218444824219,35.260711669921875,97.57269287109375,-1,-1,-1,-1
196,5,357.1719970703125,308.0438232421875,35.1776123046875,97.92572021484375,-1,-1,-1,-1
197,5,356.8727722167969,305.82470703125,34.87841796875,97.8060302734375,-1,-1,-1,-1
198,5,356.423828125,304.683349609375,34.968505859375,98.18426513671875,-1,-1,-1,-1
199,5,355.4443054199219,303.528564453125,35.75860595703125,98.90127563476562,-1,-1,-1,-1
200,5,355.072998046875,303.0634765625,35.8076171875,98.88632202148438,-1,-1,-1,-1
57,6,563.6829223632812,85.10726928710938,17.52105712890625,42.62725067138672,-1,-1,-1,-1
58,6,563.67236328125,83.9952392578125,17.8876953125,43.506195068359375,-1,-1,-1,-1
59,6,563.5711059570312,83.31696319580078,18.29205322265625,44.21638488769531,-1,-1,-1,-1
60,6,562.60693359375,84.40623474121094,18.30938720703125,43.08943176269531,-1,-1,-1,-1
61,6,561.17919921875,82.73094940185547,19.438720703125,44.89283752441406,-1,-1,-1,-1
62,6,560.8765258789062,83.56022644042969,18.90032958984375,44.50703430175781,-1,-1,-1,-1
63,6,560.4719848632812,80.38528442382812,20.61895751953125,48.901954650878906,-1,-1,-1,-1
64,6,560.1932373046875,79.74345397949219,21.6458740234375,49.818214416503906,-1,-1,-1,-1
65,6,559.6910400390625,80.43274688720703,22.06207275390625,48.98854064941406,-1,-1,-1,-1
66,6,560.0987548828125,82.10531616210938,21.24017333984375,46.791290283203125,-1,-1,-1,-1
67,6,560.7200927734375,81.37556457519531,20.808349609375,48.48157501220703,-1,-1,-1,-1
68,6,560.2344360351562,81.68829345703125,20.5328369140625,48.76332092285156,-1,-1,-1,-1
69,6,560.3471069335938,85.24847412109375,19.70892333984375,44.947662353515625,-1,-1,-1,-1
70,6,560.2820434570312,84.34564208984375,19.77655029296875,45.89762878417969,-1,-1,-1,-1
71,6,560.0120849609375,76.80513763427734,22.6033935546875,56.56067657470703,-1,-1,-1,-1
72,6,559.9796142578125,79.69467163085938,23.36334228515625,53.3787841796875,-1,-1,-1,-1
73,6,559.9443969726562,82.00067138671875,21.81622314453125,50.88401794433594,-1,-1,-1,-1
74,6,559.8057861328125,79.89997863769531,21.587890625,53.142303466796875,-1,-1,-1,-1
75,6,559.4560546875,82.4627456665039,20.56207275390625,50.86072540283203,-1,-1,-1,-1
76,6,559.0657348632812,84.05908203125,20.46875,49.66607666015625,-1,-1,-1,-1
77,6,558.5501098632812,83.26220703125,21.06829833984375,50.33106994628906,-1,-1,-1,-1
78,6,557.87255859375,84.41471862792969,20.60052490234375,49.90309143066406,-1,-1,-1,-1
79,6,557.2198486328125,82.09534454345703,20.77117919921875,52.554283142089844,-1,-1,-1,-1
80,6,557.169189453125,83.11368560791016,20.95635986328125,52.66626739501953,-1,-1,-1,-1
81,6,557.245849609375,84.24403381347656,21.937744140625,52.36915588378906,-1,-1,-1,-1
82,6,557.1444091796875,84.32154846191406,22.1619873046875,52.89826965332031,-1,-1,-1,-1
83,6,556.4854125976562,85.69041442871094,21.9278564453125,51.865875244140625,-1,-1,-1,-1
84,6,556.9945678710938,85.72735595703125,22.22723388671875,51.83740234375,-1,-1,-1,-1
85,6,557.449462890625,84.52218627929688,23.97845458984375,54.30619812011719,-1,-1,-1,-1
86,6,556.9385375976562,82.71678161621094,24.0789794921875,55.911773681640625,-1,-1,-1,-1
87,6,556.7489013671875,84.81712341308594,23.04638671875,53.421234130859375,-1,-1,-1,-1
88,6,556.4935913085938,85.8970718383789,22.93756103515625,52.597023010253906,-1,-1,-1,-1
89,6,555.87548828125,87.573974609375,21.08551025390625,51.1058349609375,-1,-1,-1,-1
90,6,555.4417724609375,88.6925277709961,20.26336669921875,50.35126495361328,-1,-1,-1,-1
91,6,554.8176879882812,91.07081604003906,18.968505859375,48.3094482421875,-1,-1,-1,-1
92,6,554.9451293945312,91.9239501953125,18.7130126953125,47.4072265625,-1,-1,-1,-1
93,6,554.3709106445312,91.68626403808594,18.77252197265625,48.255462646484375,-1,-1,-1,-1
94,6,554.4407958984375,91.2357177734375,18.65887451171875,48.72747802734375,-1,-1,-1,-1
95,6,552.9974365234375,91.72828674316406,18.82891845703125,48.83430480957031,-1,-1,-1,-1
96,6,552.0255737304688,92.00205993652344,18.9505615234375,48.881195068359375,-1,-1,-1,-1
97,6,550.8994750976562,92.65375518798828,18.64739990234375,48.311973571777344,-1,-1,-1,-1
98,6,549.9093627929688,93.44947052001953,18.762451171875,47.38239288330078,-1,-1,-1,-1
99,6,549.510498046875,94.38356018066406,18.83392333984375,46.32012939453125,-1,-1,-1,-1
100,6,549.1405639648438,94.3830337524414,19.02203369140625,46.47980499267578,-1,-1,-1,-1
101,6,548.8806762695312,95.34758758544922,18.770263671875,45.619728088378906,-1,-1,-1,-1
102,6,548.672119140625,95.80083465576172,18.6685791015625,45.991355895996094,-1,-1,-1,-1
103,6,547.8929443359375,95.70074462890625,18.87481689453125,46.385345458984375,-1,-1,-1,-1
104,6,547.4185180664062,95.9300537109375,18.5462646484375,46.52165222167969,-1,-1,-1,-1
105,6,547.3106689453125,95.59773254394531,18.58184814453125,47.210723876953125,-1,-1,-1,-1
106,6,547.0670166015625,95.44609069824219,18.80792236328125,47.608123779296875,-1,-1,-1,-1
107,6,546.1417846679688,95.44456481933594,19.546875,48.2069091796875,-1,-1,-1,-1
108,6,545.8574829101562,95.7405014038086,19.599365234375,48.010719299316406,-1,-1,-1,-1
109,6,544.6461791992188,96.7146987915039,20.1085205078125,47.48943328857422,-1,-1,-1,-1
110,6,544.2728271484375,97.23603057861328,20.0343017578125,47.16100311279297,-1,-1,-1,-1
111,6,543.7073364257812,97.36873626708984,20.44866943359375,47.16669464111328,-1,-1,-1,-1
112,6,543.3936767578125,97.2943115234375,20.741455078125,47.55467224121094,-1,-1,-1,-1
113,6,543.0235595703125,97.33175659179688,20.61767578125,47.734527587890625,-1,-1,-1,-1
114,6,542.6290283203125,97.12262725830078,20.576171875,48.28490447998047,-1,-1,-1,-1
115,6,541.6527709960938,96.99935913085938,21.22174072265625,48.713653564453125,-1,-1,-1,-1
116,6,540.5636596679688,97.10065460205078,22.127685546875,48.75402069091797,-1,-1,-1,-1
117,6,538.6448364257812,98.13121795654297,23.57269287109375,48.789268493652344,-1,-1,-1,-1
118,6,538.39794921875,99.0567855834961,23.5506591796875,48.21764373779297,-1,-1,-1,-1
119,6,537.7858276367188,100.02051544189453,23.8526611328125,47.24535369873047,-1,-1,-1,-1
120,6,537.4988403320312,100.25240325927734,24.1324462890625,46.820884704589844,-1,-1,-1,-1
121,6,537.3397216796875,99.81453704833984,24.10479736328125,47.43505096435547,-1,-1,-1,-1
122,6,536.8357543945312,99.75204467773438,24.68511962890625,47.948486328125,-1,-1,-1,-1
123,6,536.8621215820312,99.94214630126953,24.6041259765625,48.20014190673828,-1,-1,-1,-1
124,6,537.0009155273438,100.19982147216797,24.28009033203125,48.271141052246094,-1,-1,-1,-1
125,6,536.7604370117188,100.93563842773438,24.2115478515625,48.536346435546875,-1,-1,-1,-1
126,6,536.576904296875,101.7342300415039,23.6966552734375,48.42217254638672,-1,-1,-1,-1
127,6,536.4453125,102.21747589111328,23.466796875,48.303504943847656,-1,-1,-1,-1
128,6,536.5664672851562,102.70477294921875,22.935302734375,47.446502685546875,-1,-1,-1,-1
129,6,536.458251953125,102.73981475830078,22.427734375,47.63391876220703,-1,-1,-1,-1
130,6,536.2936401367188,102.64288330078125,22.24517822265625,48.055328369140625,-1,-1,-1,-1
131,6,536.0259399414062,102.46965789794922,22.19317626953125,48.29413604736328,-1,-1,-1,-1
132,6,535.1544189453125,102.29962921142578,22.9794921875,48.613548278808594,-1,-1,-1,-1
133,6,533.7940673828125,102.7057876586914,24.119384765625,48.746665954589844,-1,-1,-1,-1
134,6,532.6304321289062,103.02039337158203,25.24066162109375,49.21894073486328,-1,-1,-1,-1
135,6,531.8629760742188,103.31778717041016,25.7890625,49.710594177246094,-1,-1,-1,-1
136,6,531.2815551757812,103.50190734863281,26.11395263671875,49.823333740234375,-1,-1,-1,-1
137,6,530.9923706054688,103.70890808105469,26.08673095703125,49.968505859375,-1,-1,-1,-1
138,6,530.81396484375,103.9802017211914,26.14520263671875,49.66431427001953,-1,-1,-1,-1
139,6,531.2692260742188,104.14859008789062,25.36602783203125,49.77976989746094,-1,-1,-1,-1
140,6,531.3941040039062,104.1994400024414,25.1492919921875,49.944053649902344,-1,-1,-1,-1
141,6,531.3258056640625,104.04550170898438,24.9964599609375,50.497589111328125,-1,-1,-1,-1
142,6,531.1067504882812,104.21419525146484,25.1363525390625,50.81140899658203,-1,-1,-1,-1
143,6,530.9791870117188,104.9025650024414,24.87286376953125,50.67827606201172,-1,-1,-1,-1
144,6,530.7698364257812,105.25301361083984,24.8018798828125,50.908470153808594,-1,-1,-1,-1
145,6,530.2593994140625,105.7186279296875,24.54425048828125,50.501190185546875,-1,-1,-1,-1
146,6,529.6631469726562,105.6591796875,24.77197265625,50.59046936035156,-1,-1,-1,-1
147,6,529.15673828125,105.58973693847656,24.92364501953125,50.885498046875,-1,-1,-1,-1
148,6,528.713134765625,105.5074691772461,24.8642578125,51.144508361816406,-1,-1,-1,-1
149,6,527.86865234375,105.68413543701172,25.2772216796875,51.18244171142578,-1,-1,-1,-1
150,6,527.4785766601562,105.87712097167969,25.06103515625,50.806060791015625,-1,-1,-1,-1
151,6,527.3658447265625,106.69801330566406,24.752197265625,50.99298095703125,-1,-1,-1,-1
152,6,527.16748046875,107.68217468261719,24.45159912109375,51.058624267578125,-1,-1,-1,-1
153,6,526.760009765625,108.09112548828125,24.55902099609375,51.51612854003906,-1,-1,-1,-1
154,6,526.4767456054688,108.27735900878906,24.4970703125,51.73381042480469,-1,-1,-1,-1
155,6,526.1019287109375,108.6766128540039,24.49517822265625,51.19524383544922,-1,-1,-1,-1
156,6,525.8714599609375,108.5633544921875,24.48284912109375,51.00323486328125,-1,-1,-1,-1
157,6,526.1796264648438,109.04521179199219,23.16876220703125,51.34580993652344,-1,-1,-1,-1
158,6,525.9254760742188,109.33391571044922,23.28594970703125,51.129676818847656,-1,-1,-1,-1
159,6,525.4424438476562,109.52214813232422,23.34722900390625,51.63811492919922,-1,-1,-1,-1
160,6,525.2265014648438,109.65985107421875,23.38177490234375,51.750579833984375,-1,-1,-1,-1
161,6,524.7732543945312,109.71686553955078,23.6876220703125,52.08361053466797,-1,-1,-1,-1
162,6,524.8246459960938,109.7376480102539,23.17919921875,52.401695251464844,-1,-1,-1,-1
163,6,524.6907348632812,110.43798828125,22.60443115234375,52.021728515625,-1,-1,-1,-1
164,6,524.5706787109375,110.4781265258789,22.46942138671875,52.108177185058594,-1,-1,-1,-1
165,6,524.4745483398438,111.75370025634766,21.35845947265625,51.29859161376953,-1,-1,-1,-1
166,6,524.1417236328125,111.99851989746094,21.05322265625,51.53193664550781,-1,-1,-1,-1
167,6,522.6361694335938,111.75127410888672,22.18499755859375,51.77684783935547,-1,-1,-1,-1
168,6,521.2353515625,111.69436645507812,23.377197265625,51.90751647949219,-1,-1,-1,-1
169,6,519.9224243164062,112.76468658447266,23.84637451171875,51.72411346435547,-1,-1,-1,-1
170,6,519.1767578125,113.72637176513672,24.1212158203125,51.549949645996094,-1,-1,-1,-1
171,6,518.5742797851562,114.41901397705078,24.09295654296875,51.06238555908203,-1,-1,-1,-1
172,6,518.0986328125,115.10811614990234,24.09014892578125,50.202354431152344,-1,-1,-1,-1
173,6,516.6123657226562,115.1952133178711,25.42083740234375,50.196388244628906,-1,-1,-1,-1
174,6,515.586181640625,115.31548309326172,26.0836181640625,50.05156707763672,-1,-1,-1,-1
175,6,515.4525146484375,115.31366729736328,25.5916748046875,50.97821807861328,-1,-1,-1,-1
176,6,515.6254272460938,115.03622436523438,24.9365234375,51.389251708984375,-1,-1,-1,-1
177,6,515.6988525390625,115.09033203125,24.51202392578125,51.552764892578125,-1,-1,-1,-1
178,6,515.2081909179688,114.94402313232422,24.83807373046875,52.04639434814453,-1,-1,-1,-1
179,6,514.5877075195312,115.7950668334961,24.7786865234375,51.379981994628906,-1,-1,-1,-1
180,6,514.2046508789062,116.02398681640625,24.68487548828125,51.64247131347656,-1,-1,-1,-1
181,6,513.65869140625,116.23705291748047,24.00238037109375,51.45452117919922,-1,-1,-1,-1
182,6,513.27099609375,116.74011993408203,23.9530029296875,51.33269500732422,-1,-1,-1,-1
183,6,512.1683349609375,116.64985656738281,24.05999755859375,51.8896484375,-1,-1,-1,-1
184,6,511.53167724609375,116.68441772460938,23.6441650390625,51.78582763671875,-1,-1,-1,-1
185,6,509.1701965332031,116.53803253173828,25.229217529296875,51.871788024902344,-1,-1,-1,-1
186,6,508.04022216796875,116.91010284423828,25.69818115234375,51.33039093017578,-1,-1,-1,-1
187,6,506.6482238769531,117.57910919189453,26.339385986328125,52.75041961669922,-1,-1,-1,-1
188,6,506.28570556640625,118.5456314086914,26.0660400390625,51.655418395996094,-1,-1,-1,-1
189,6,505.1059875488281,119.4933853149414,25.926116943359375,49.94995880126953,-1,-1,-1,-1
190,6,504.37896728515625,119.80306243896484,25.9095458984375,49.02733612060547,-1,-1,-1,-1
191,6,504.0408630371094,119.8447036743164,25.782379150390625,50.60143280029297,-1,-1,-1,-1
192,6,503.6227722167969,120.03675079345703,25.661651611328125,50.71825408935547,-1,-1,-1,-1
193,6,503.5523986816406,119.88529205322266,24.932403564453125,52.49468231201172,-1,-1,-1,-1
194,6,502.85919189453125,120.0395736694336,24.997802734375,52.34386444091797,-1,-1,-1,-1
195,6,500.8792724609375,120.2618179321289,25.4317626953125,52.18572235107422,-1,-1,-1,-1
196,6,500.4681091308594,120.61304473876953,25.277008056640625,52.29364776611328,-1,-1,-1,-1
197,6,499.4400634765625,121.30533599853516,25.089111328125,52.472633361816406,-1,-1,-1,-1
198,6,498.83367919921875,121.87567901611328,24.99664306640625,52.28278350830078,-1,-1,-1,-1
199,6,498.529296875,122.7010269165039,24.477783203125,51.758644104003906,-1,-1,-1,-1
200,6,497.8783264160156,122.60787200927734,24.557220458984375,52.044227600097656,-1,-1,-1,-1
